Rk,Player,Age,Tm,Pos,GP,G,A,PTS,+/-,PIM,PS,EV,PP,SH,GW,EV,PP,SH,S,S%,TOI,ATOI,BLK,HIT,FOW,FOL,FO%,Year
1,Spencer Abbott\abbotsp01,25,TOR,RW,1,0,0,0,-2,0,-0.1,0,0,0,0,0,0,0,2,0,5,05:16,0,1,0,0,,2014
2,Justin Abdelkader\abdelju01,26,DET,LW,70,10,18,28,2,31,2.6,9,1,0,3,16,2,0,147,6.8,1070,15:17,31,172,23,32,41.8,2014
3,Will Acton\actonwi01,26,EDM,C,30,3,2,5,-2,21,0.4,3,0,0,1,2,0,0,18,16.7,244,08:08,14,37,98,97,50.3,2014
4,Luke Adam\adamlu01,23,BUF,C,12,1,0,1,0,4,0,1,0,0,0,0,0,0,16,6.3,154,12:50,1,16,10,16,38.5,2014
5,Craig Adams\adamscr01,36,PIT,RW,82,5,6,11,-16,46,-0.6,5,0,0,0,6,0,0,73,6.8,1022,12:28,59,190,61,78,43.9,2014
6,Kenny Agostino\agostke01,21,CGY,LW,8,1,1,2,-2,0,0.1,1,0,0,0,1,0,0,12,8.3,89,11:06,3,9,0,0,,2014
7,Jason Akeson\akesoja01,23,PHI,RW,1,0,1,1,1,0,0.1,0,0,0,0,1,0,0,2,0,13,13:22,0,1,0,0,,2014
8,John Albert\alberjo01,25,WPG,C,9,1,0,1,-3,0,0,1,0,0,0,0,0,0,5,20,46,05:07,3,8,9,12,42.9,2014
9,Andrew Alberts\alberan01,32,VAN,D,10,0,0,0,1,0,0.2,0,0,0,0,0,0,0,5,0,74,07:23,7,6,0,0,,2014
10,Daniel Alfredsson\alfreda01,41,DET,RW,68,18,31,49,2,10,5.8,14,4,0,4,17,14,0,151,11.9,1151,16:56,25,59,5,9,35.7,2014
11,Bryan Allen\allenbr01,33,ANA,D,68,0,10,10,20,75,2.9,0,0,0,0,9,0,1,60,0,1193,17:33,118,121,0,0,,2014
12,Conor Allen\allenco01,24,NYR,D,3,0,0,0,-1,0,0,0,0,0,0,0,0,0,2,0,43,14:26,1,1,0,0,,2014
13,Adam Almqvist\almqvad01,22,DET,D,2,1,0,1,-1,0,0.2,1,0,0,0,0,0,0,2,50,34,17:13,0,1,0,0,,2014
14,Karl Alzner\alzneka01,25,WSH,D,82,2,16,18,-7,26,3,2,0,0,1,13,1,2,95,2.1,1684,20:32,158,73,0,0,,2014
15,Joakim Andersson\anderjo03,24,DET,C,65,8,9,17,-11,12,0.8,8,0,0,1,8,0,1,78,10.3,899,13:50,25,26,345,326,51.4,2014
16,Artem Anisimov\anisiar01,25,CBJ,C,81,22,17,39,-2,20,4.6,17,3,2,5,14,3,0,162,13.6,1344,16:36,54,31,474,485,49.4,2014
17,Darren Archibald\archida02,23,VAN,RW,16,1,2,3,1,0,0.3,1,0,0,0,2,0,0,11,9.1,125,07:48,9,30,0,1,0,2014
18,Mark Arcobello\arcobma01,25,EDM,C,41,4,14,18,-7,8,1.2,3,1,0,1,12,2,0,70,5.7,618,15:04,23,78,206,198,51,2014
19,Bill Arnold\arnolbi01,21,CGY,C,1,0,0,0,-1,0,-0.1,0,0,0,0,0,0,0,0,,14,13:35,0,1,5,4,55.6,2014
20,Arron Asham\ashamar01,35,NYR,RW,6,0,0,0,-5,14,-0.3,0,0,0,0,0,0,0,1,0,45,07:29,1,8,0,0,,2014
21,Carter Ashton\ashtoca01,22,TOR,RW,32,0,3,3,1,19,0,0,0,0,0,3,0,0,23,0,201,06:16,7,46,12,11,52.2,2014
22,Cam Atkinson\atkinca01,24,CBJ,RW,79,21,19,40,-4,18,4.6,16,4,1,5,14,5,0,216,9.7,1247,15:47,38,55,0,0,,2014
23,Keith Aucoin\aucoike01,35,STL,C,2,0,0,0,-3,0,-0.2,0,0,0,0,0,0,0,1,0,27,13:19,0,0,9,6,60,2014
24,Keith Aulie\aulieke01,24,TBL,D,15,0,1,1,-3,9,-0.1,0,0,0,0,1,0,0,6,0,147,09:49,15,17,0,0,,2014
25,David Backes\backeda01,29,STL,C,74,27,30,57,14,119,7.6,17,10,0,5,24,6,0,165,16.4,1447,19:33,56,273,621,580,51.7,2014
26,Mikael Backlund\backlmi01,24,CGY,C,76,18,21,39,4,32,4.4,9,5,4,3,15,6,0,178,10.1,1409,18:32,62,64,628,694,47.5,2014
27,Nicklas Backstrom\backsni02,26,WSH,C,82,18,61,79,-20,54,7.2,11,6,1,1,23,38,0,196,9.2,1624,19:48,54,89,714,701,50.5,2014
28,Sven Baertschi\baertsv01,21,CGY,LW,26,2,9,11,-4,6,0.7,1,1,0,0,6,3,0,30,6.7,367,14:07,19,22,0,0,,2014
29,Josh Bailey\bailejo01,24,NYI,LW,77,8,30,38,-8,26,2.7,6,2,0,1,22,8,0,98,8.2,1220,15:50,29,44,113,115,49.6,2014
30,Keith Ballard\ballake01,31,MIN,D,45,2,7,9,-7,37,1.3,2,0,0,0,5,2,0,29,6.9,612,13:37,37,58,0,0,,2014
31,Mark Barberio\barbema01,23,TBL,D,49,5,5,10,10,28,3,4,1,0,0,5,0,0,54,9.3,714,14:35,38,28,0,0,,2014
32,Krys Barch\barchkr01,33,FLA,LW,55,0,4,4,-10,99,-0.6,0,0,0,0,4,0,0,19,0,329,05:59,6,64,1,0,100,2014
33,Aleksander Barkov\barkoal01,18,FLA,C,54,8,16,24,-3,10,1.9,5,3,0,1,13,3,0,87,9.2,923,17:06,27,16,400,419,48.8,2014
34,Tyson Barrie\barrity01,22,COL,D,64,13,25,38,17,20,7.6,9,4,0,5,19,6,0,101,12.9,1187,18:33,57,50,0,0,,2014
35,Matt Bartkowski\bartkma01,25,BOS,D,64,0,18,18,22,30,4.3,0,0,0,0,18,0,0,91,0,1250,19:32,56,155,0,0,,2014
36,Victor Bartley\bartlvi01,25,NSH,D,50,1,5,6,0,23,1.5,1,0,0,0,5,0,0,21,4.8,768,15:22,79,81,0,0,,2014
37,Cody Bass\bassco01,27,CBJ,C,1,0,0,0,0,5,0,0,0,0,0,0,0,0,0,,3,02:43,0,0,0,0,,2014
38,Jay Beagle\beaglja01,28,WSH,C,62,4,5,9,-9,28,-0.1,4,0,0,0,5,0,0,60,6.7,697,11:15,32,93,296,277,51.7,2014
39,Francois Beauchemin\beaucfr01,33,ANA,D,70,4,13,17,26,39,4.7,3,1,0,1,11,1,1,100,4,1617,23:06,171,112,0,0,,2014
40,Nathan Beaulieu\beaulna01,21,MTL,D,17,0,2,2,6,8,1,0,0,0,0,2,0,0,15,0,225,13:14,20,7,0,0,,2014
41,Taylor Beck\beckta01,22,NSH,RW,7,0,0,0,-2,6,-0.2,0,0,0,0,0,0,0,9,0,90,12:50,5,4,0,0,,2014
42,Matt Beleskey\belesma01,25,ANA,LW,55,9,15,24,8,64,2.7,9,0,0,2,10,4,1,112,8,684,12:26,24,132,8,10,44.4,2014
43,Brett Bellemore\bellebr01,25,CAR,D,64,2,6,8,-1,45,2.2,2,0,0,0,6,0,0,54,3.7,1118,17:28,98,169,0,0,,2014
44,Anton Belov\belovan01,27,EDM,D,57,1,6,7,-12,34,0.9,1,0,0,0,4,2,0,54,1.9,951,16:41,75,103,0,0,,2014
45,Jamie Benn\bennja01,24,DAL,C,81,34,45,79,21,64,10.9,28,5,1,3,29,14,2,279,12.2,1551,19:09,59,116,402,359,52.8,2014
46,Jordie Benn\bennjo01,26,DAL,D,78,3,17,20,16,30,4.9,2,1,0,0,15,1,1,91,3.3,1494,19:09,121,117,1,0,100,2014
47,Beau Bennett\bennebe01,22,PIT,RW,21,3,4,7,-2,0,0.6,3,0,0,1,4,0,0,27,11.1,291,13:51,7,32,2,0,100,2014
48,Andre Benoit\benoian01,30,COL,D,79,7,21,28,2,26,4.7,6,1,0,2,13,7,1,113,6.2,1597,20:13,119,58,0,0,,2014
49,Sean Bergenheim\bergese01,29,FLA,LW,62,16,13,29,-16,40,2.7,13,3,0,3,12,1,0,190,8.4,1023,16:30,18,111,2,2,50,2014
50,Patrice Bergeron\bergepa01,28,BOS,C,80,30,32,62,38,43,9.2,22,7,1,7,25,4,3,243,12.3,1439,17:59,57,52,1015,717,58.6,2014
51,Patrik Berglund\berglpa01,25,STL,C,78,14,18,32,10,38,3.5,12,2,0,2,16,2,0,144,9.7,1261,16:10,30,88,373,410,47.6,2014
52,Steve Bernier\bernist01,28,NJD,RW,78,3,9,12,-15,33,-0.3,3,0,0,1,8,1,0,104,2.9,971,12:27,23,118,6,12,33.3,2014
53,Todd Bertuzzi\bertuto01,38,DET,RW,59,9,7,16,-17,40,0.6,3,6,0,0,6,1,0,100,9,865,14:39,14,72,9,9,50,2014
54,Bryan Bickell\bickebr01,27,CHI,LW,59,11,4,15,-6,28,1.3,11,0,0,2,4,0,0,93,11.8,670,11:21,10,105,1,1,50,2014
55,Kevin Bieksa\biekske01,32,VAN,D,76,4,20,24,-8,104,4.7,3,1,0,1,13,7,0,167,2.4,1731,22:46,130,144,1,0,100,2014
56,Chad Billins\billich01,24,CGY,D,10,0,3,3,-3,0,0.2,0,0,0,0,3,0,0,3,0,122,12:13,9,0,0,0,,2014
57,Paul Bissonnette\bissopa01,28,PHX,LW,39,2,6,8,6,53,1.1,2,0,0,0,6,0,0,25,8,185,04:45,4,51,1,2,33.3,2014
58,Nick Bjugstad\bjugsni01,21,FLA,C,76,16,22,38,-14,16,3.5,15,0,1,4,18,3,1,185,8.6,1233,16:13,23,117,549,574,48.9,2014
59,Jonathon Blum\blumjo02,25,MIN,D,15,0,1,1,-1,0,0.2,0,0,0,0,1,0,0,11,0,175,11:40,13,10,0,0,,2014
60,Mike Blunden\blundmi01,27,MTL,RW,7,0,0,0,-2,5,-0.2,0,0,0,0,0,0,0,2,0,43,06:08,3,16,0,0,,2014
61,Troy Bodie\bodietr01,29,TOR,RW,47,3,7,10,6,26,1,3,0,0,0,7,0,0,50,6,405,08:37,19,64,2,5,28.6,2014
62,Mikkel Boedker\boedkmi01,24,PHX,LW,82,19,32,51,-9,20,5,14,5,0,1,21,11,0,166,11.4,1428,17:25,16,105,3,4,42.9,2014
63,Zach Bogosian\bogosza01,23,WPG,D,55,3,8,11,3,48,2.8,3,0,0,0,7,1,0,134,2.2,1260,22:55,75,94,0,0,,2014
64,Jared Boll\bollja01,27,CBJ,RW,28,1,1,2,-6,62,-0.3,1,0,0,0,1,0,0,12,8.3,214,07:38,9,52,0,1,0,2014
65,Dave Bolland\bollada01,27,TOR,C,23,8,4,12,-1,24,1.7,6,1,1,2,3,1,0,33,24.2,333,14:28,13,38,152,185,45.1,2014
66,Brandon Bollig\bollibr01,27,CHI,LW,82,7,7,14,-1,92,0.6,7,0,0,1,7,0,0,109,6.4,843,10:17,22,203,1,0,100,2014
67,Nick Bonino\boninni01,25,ANA,C,77,22,27,49,14,22,6,15,7,0,2,14,13,0,159,13.8,1250,16:14,68,28,583,611,48.8,2014
68,David Booth\boothda01,29,VAN,LW,66,9,10,19,1,18,1.9,9,0,0,0,9,1,0,117,7.7,889,13:28,17,121,13,10,56.5,2014
69,Patrick Bordeleau\bordepa02,27,COL,LW,82,6,5,11,-1,115,0.7,6,0,0,1,5,0,0,37,16.2,565,06:53,14,178,1,2,33.3,2014
70,Mark Borowiecki\borowma01,24,OTT,D,13,1,0,1,-2,48,0.1,1,0,0,0,0,0,0,6,16.7,164,12:35,13,41,0,0,,2014
71,Robert Bortuzzo\borturo01,24,PIT,D,54,0,10,10,-3,74,1.8,0,0,0,0,9,0,1,50,0,836,15:29,73,137,0,1,0,2014
72,Pierre-Marc Bouchard\bouchpi02,29,NYI,C,28,4,5,9,-9,12,0.4,3,1,0,1,5,0,0,51,7.8,391,13:57,6,7,3,2,60,2014
73,Reid Boucher\bouchre01,20,NJD,C,23,2,5,7,2,4,0.7,2,0,0,0,5,0,0,27,7.4,261,11:21,5,17,1,2,33.3,2014
74,Francis Bouillon\bouilfr01,38,MTL,D,52,2,4,6,-5,34,1.6,2,0,0,1,3,1,0,34,5.9,920,17:41,70,80,0,0,,2014
75,Eric Boulton\boulter01,37,NYI,LW,23,2,2,4,0,88,0.4,2,0,0,0,2,0,0,21,9.5,147,06:25,6,32,0,0,,2014
76,Lance Bouma\boumala01,23,CGY,LW,78,5,10,15,-4,41,0.5,4,0,1,0,10,0,0,82,6.1,983,12:36,87,181,22,63,25.9,2014
77,Michael Bournival\bournmi01,21,MTL,LW,60,7,7,14,-6,18,1.2,6,1,0,1,5,2,0,78,9,619,10:19,42,67,28,33,45.9,2014
78,Gabriel Bourque\bourqga01,23,NSH,LW,74,9,17,26,-5,8,2,9,0,0,1,16,1,0,108,8.3,1024,13:50,34,70,0,1,0,2014
79,Rene Bourque\bourqre01,32,MTL,RW,63,9,7,16,-1,32,1.4,6,3,0,2,6,1,0,118,7.6,894,14:11,15,90,4,4,50,2014
80,Jay Bouwmeester\bouwmja01,30,STL,D,82,4,33,37,26,20,8.8,3,1,0,0,23,10,0,152,2.6,1972,00:03,106,51,3,1,75,2014
81,Drayson Bowman\bowmadr01,24,CAR,LW,70,4,8,12,-2,16,0.6,4,0,0,0,8,0,0,80,5,725,10:21,18,45,6,4,60,2014
82,Johnny Boychuk\boychjo01,30,BOS,D,75,5,18,23,31,45,6.4,5,0,0,1,15,0,3,142,3.5,1589,21:12,151,158,0,0,,2014
83,Zach Boychuk\boychza01,24,CAR,LW,11,1,3,4,2,0,0.5,1,0,0,0,3,0,0,15,6.7,112,10:12,2,17,0,1,0,2014
84,Brad Boyes\boyesbr01,31,FLA,RW,78,21,15,36,-6,28,4,18,2,1,1,14,1,0,176,11.9,1329,17:03,35,46,37,32,53.6,2014
85,Brian Boyle\boylebr01,29,NYR,C,82,6,12,18,1,56,1.1,5,1,0,1,9,1,2,137,4.4,1047,12:46,54,154,306,272,52.9,2014
86,Dan Boyle\boyleda01,37,SJS,D,75,12,24,36,-8,32,6,6,6,0,1,12,12,0,154,7.8,1596,21:17,92,46,0,0,,2014
87,Tyler Bozak\bozakty01,27,TOR,C,58,19,30,49,2,14,5.7,13,5,1,1,27,3,0,90,21.1,1215,20:57,42,62,681,718,48.7,2014
88,Derick Brassard\brassde01,26,NYR,C,81,18,27,45,2,46,5.3,11,7,0,4,16,11,0,159,11.3,1280,15:48,19,124,469,508,48,2014
89,Justin Braun\braunju01,26,SJS,D,82,4,13,17,19,20,5.4,3,1,0,1,13,0,0,121,3.3,1721,20:59,146,77,0,0,,2014
90,Christopher Breen\breench01,24,CGY,D,9,0,2,2,1,5,0.4,0,0,0,0,2,0,0,4,0,84,09:23,7,3,0,0,,2014
91,Eric Brewer\breweer01,34,TBL,D,77,4,13,17,10,59,4,4,0,0,2,11,0,2,83,4.8,1352,17:33,99,139,0,0,,2014
92,Daniel Briere\brierda01,36,MTL,C,69,13,12,25,1,30,3,9,4,0,1,10,2,0,118,11,881,12:46,11,23,171,179,48.9,2014
93,T.J. Brodie\broditj01,23,CGY,D,81,4,27,31,0,20,6.3,3,1,0,2,19,6,2,104,3.8,1949,00:04,130,58,0,0,,2014
94,Jonas Brodin\brodijo01,20,MIN,D,79,8,11,19,0,22,5,5,3,0,0,7,4,0,74,10.8,1888,23:54,117,33,0,0,,2014
95,Kyle Brodziak\brodzky01,29,MIN,C,81,8,16,24,0,61,1.4,7,0,1,1,15,1,0,115,7,1314,16:13,41,73,590,633,48.2,2014
96,David Broll\brollda01,21,TOR,LW,5,0,1,1,1,5,0.1,0,0,0,0,1,0,0,3,0,41,08:11,2,7,0,0,,2014
97,Sheldon Brookbank\brooksh01,33,CHI,D,48,2,5,7,2,52,1.4,2,0,0,1,5,0,0,43,4.7,619,12:53,38,64,0,0,,2014
98,Julien Brouillette\brouiju01,27,WSH,D,10,1,1,2,3,0,0.7,1,0,0,1,1,0,0,4,25,156,15:33,11,10,0,0,,2014
99,Troy Brouwer\brouwtr01,28,WSH,RW,82,25,18,43,-6,92,4.7,13,12,0,3,9,9,0,161,15.5,1546,18:51,39,210,223,213,51.1,2014
100,Chris Brown\brownch01,22,TOT,C,12,1,1,2,0,17,0.2,1,0,0,0,1,0,0,8,12.5,104,08:42,1,22,15,25,37.5,2014
100,Chris Brown\brownch01,22,WSH,C,6,1,1,2,0,0,0.2,1,0,0,0,1,0,0,4,25,58,09:42,0,12,15,23,39.5,2014
100,Chris Brown\brownch01,22,PHX,C,6,0,0,0,0,17,-0.1,0,0,0,0,0,0,0,4,0,46,07:41,1,10,0,2,0,2014
101,Dustin Brown\browndu01,29,LAK,RW,79,15,12,27,7,66,3.1,14,1,0,2,9,3,0,195,7.7,1251,15:50,12,246,6,13,31.6,2014
102,J.T. Brown\brownjt01,23,TBL,RW,63,4,15,19,-9,6,0.7,4,0,0,0,12,2,1,113,3.5,821,13:02,32,70,7,15,31.8,2014
103,Mike Brown\brownmi02,28,TOT,RW,56,2,3,5,-9,94,-0.3,2,0,0,0,3,0,0,45,4.4,400,07:09,15,146,2,1,66.7,2014
103,Mike Brown\brownmi02,28,SJS,RW,48,2,3,5,-10,75,-0.3,2,0,0,0,3,0,0,44,4.5,354,07:22,12,121,2,1,66.7,2014
103,Mike Brown\brownmi02,28,EDM,RW,8,0,0,0,1,19,0,0,0,0,0,0,0,0,1,0,47,05:49,3,25,0,0,,2014
104,Gilbert Brule\brulegi01,27,PHX,C,3,0,0,0,-1,2,-0.1,0,0,0,0,0,0,0,3,0,35,11:33,1,3,0,0,,2014
105,Damien Brunner\brunnda01,27,NJD,RW,60,11,14,25,-11,26,2.4,7,4,0,1,7,6,1,110,10,812,13:32,5,15,1,7,12.5,2014
106,Brett Bulmer\bulmebr01,21,MIN,RW,5,0,0,0,-2,2,-0.2,0,0,0,0,0,0,0,7,0,53,10:41,2,14,0,0,,2014
107,Adam Burish\burisad01,31,SJS,RW,15,0,0,0,-4,6,-0.4,0,0,0,0,0,0,0,9,0,144,09:37,9,23,39,36,52,2014
108,Brent Burns\burnsbr01,28,SJS,RW,69,22,26,48,26,34,6.9,20,2,0,3,17,9,0,245,9,1160,16:49,24,145,61,70,46.6,2014
109,Alexandre Burrows\burroal01,32,VAN,LW,49,5,10,15,-9,71,0.6,3,2,0,0,5,4,1,104,4.8,873,17:49,33,84,23,32,41.8,2014
110,Bobby Butler\butlebo01,26,FLA,RW,2,0,1,1,1,2,0.1,0,0,0,0,1,0,0,5,0,28,13:50,0,2,0,0,,2014
111,Chris Butler\butlech01,27,CGY,D,82,2,14,16,-23,39,2.1,2,0,0,1,13,0,1,83,2.4,1662,20:16,211,68,0,0,,2014
112,Dustin Byfuglien\byfugdu01,28,WPG,D,78,20,36,56,-20,86,8.3,12,8,0,1,18,18,0,256,7.8,1801,23:05,80,213,0,2,0,2014
113,Paul Byron\byronpa01,24,CGY,C,47,7,14,21,6,27,2.3,4,2,1,1,10,1,3,46,15.2,679,14:27,10,63,7,25,21.9,2014
114,Mitch Callahan\callami01,22,DET,RW,1,0,0,0,0,0,0,0,0,0,0,0,0,0,0,,9,09:01,0,2,0,0,,2014
115,Ryan Callahan\callary01,28,TOT,RW,65,17,19,36,1,24,4,9,7,1,3,14,5,0,163,10.4,1212,18:39,60,189,13,19,40.6,2014
115,Ryan Callahan\callary01,28,NYR,RW,45,11,14,25,-3,16,2.7,6,4,1,2,11,3,0,109,10.1,808,17:57,47,132,7,12,36.8,2014
115,Ryan Callahan\callary01,28,TBL,RW,20,6,5,11,4,8,1.3,3,3,0,1,3,2,0,54,11.1,404,20:13,13,57,6,7,46.2,2014
116,Matt Calvert\calvema01,24,CBJ,LW,56,9,15,24,-1,53,2.2,7,2,0,1,13,2,0,90,10,902,16:06,28,108,3,6,33.3,2014
117,Mike Cammalleri\cammami01,31,CGY,C,63,26,19,45,-13,26,5.5,20,6,0,8,11,8,0,191,13.6,1250,19:51,29,26,88,103,46.1,2014
118,Andrew Campbell\campban01,25,LAK,D,3,0,0,0,0,0,0,0,0,0,0,0,0,0,4,0,38,12:42,1,3,0,0,,2014
119,Brian Campbell\campbbr02,34,FLA,D,82,7,30,37,-6,20,6.3,5,2,0,2,18,10,2,116,6,2211,02:57,108,50,0,1,0,2014
120,Gregory Campbell\campbgr01,30,BOS,C,82,8,13,21,1,47,1.4,7,0,1,2,11,1,1,84,9.5,976,11:54,46,134,358,391,47.8,2014
121,Daniel Carcillo\carcida01,29,TOT,LW,57,4,1,5,-1,100,0.2,4,0,0,2,1,0,0,44,9.1,529,09:17,21,112,1,0,100,2014
121,Daniel Carcillo\carcida01,29,NYR,LW,31,3,0,3,0,43,0.3,3,0,0,1,0,0,0,22,13.6,272,08:47,12,58,0,0,,2014
121,Daniel Carcillo\carcida01,29,LAK,LW,26,1,1,2,-1,57,-0.1,1,0,0,1,1,0,0,22,4.5,257,09:52,9,54,1,0,100,2014
122,Matt Carey\careyma01,21,CHI,LW,2,1,0,1,-1,2,0.1,1,0,0,0,0,0,0,1,100,19,09:38,0,2,10,11,47.6,2014
123,Paul Carey\careypa01,25,COL,C,12,0,0,0,2,0,-0.1,0,0,0,0,0,0,0,6,0,77,06:26,2,11,0,0,,2014
124,Matt Carkner\carknma01,33,NYI,D,53,0,3,3,-10,149,0,0,0,0,0,3,0,0,50,0,635,11:59,59,58,0,0,,2014
125,Matt Carle\carlema01,29,TBL,D,82,2,29,31,11,28,5.7,1,1,0,0,23,6,0,115,1.7,1819,22:11,161,46,0,1,0,2014
126,John Carlson\carlsjo01,24,WSH,D,82,10,27,37,-3,22,6.7,5,5,0,0,9,17,1,208,4.8,2010,00:31,177,64,0,1,0,2014
127,Jordan Caron\caronjo01,23,BOS,RW,35,1,2,3,-8,36,-0.7,1,0,0,0,2,0,0,52,1.9,382,10:55,9,47,1,3,25,2014
128,Connor Carrick\carrico01,19,WSH,D,34,1,5,6,-9,23,0.5,1,0,0,0,5,0,0,26,3.8,543,15:58,56,25,0,0,,2014
129,Jeff Carter\carteje01,29,LAK,C,72,27,23,50,8,44,7,18,8,1,5,17,6,0,256,10.5,1365,18:57,29,68,336,308,52.2,2014
130,Ryan Carter\cartery01,30,NJD,C,62,7,3,10,-6,35,0.6,7,0,0,2,2,0,1,69,10.1,702,11:20,24,72,16,20,44.4,2014
131,Cody Ceci\cecico01,20,OTT,D,49,3,6,9,-5,14,1.4,3,0,0,2,6,0,0,82,3.7,843,17:12,49,45,0,0,,2014
132,Michael Chaput\chapumi01,21,CBJ,C,17,0,1,1,0,2,-0.1,0,0,0,0,1,0,0,6,0,151,08:54,10,34,42,56,42.9,2014
133,Zdeno Chara\charazd01,36,BOS,D,77,17,23,40,25,66,9.2,7,10,0,3,17,5,1,168,10.1,1898,00:39,104,163,0,0,,2014
134,Ben Chiarot\chiarbe01,22,WPG,D,1,0,0,0,-3,0,-0.2,0,0,0,0,0,0,0,0,,11,10:47,0,3,0,0,,2014
135,Alex Chiasson\chiasal01,23,DAL,RW,79,13,22,35,-21,38,2.4,7,6,0,4,15,7,0,144,9,1194,15:07,21,75,64,68,48.5,2014
136,Jason Chimera\chimeja01,34,WSH,LW,82,15,27,42,4,36,4.4,14,1,0,0,22,4,1,167,9,1264,15:25,30,140,38,49,43.7,2014
137,Kyle Chipchura\chipcky01,27,PHX,C,80,5,15,20,3,45,1.6,5,0,0,0,15,0,0,46,10.9,777,09:43,9,116,176,155,53.2,2014
138,Casey Cizikas\cizikca01,22,NYI,C,80,6,10,16,-12,30,0.1,5,1,0,1,7,1,2,79,7.6,1070,13:22,48,128,489,522,48.4,2014
139,David Clarkson\clarkda03,29,TOR,RW,60,5,6,11,-14,93,-0.4,4,1,0,1,5,1,0,102,4.9,906,15:06,35,159,8,13,38.1,2014
140,Dan Cleary\clearda01,35,DET,RW,52,4,4,8,-11,31,-0.4,4,0,0,1,3,0,1,64,6.3,723,13:54,17,51,12,10,54.5,2014
141,Marc-Andre Cliche\clichma01,26,COL,C,76,1,6,7,-11,17,-1.2,1,0,0,0,5,0,1,69,1.4,803,10:34,42,25,331,388,46,2014
142,Kyle Clifford\cliffky01,23,LAK,LW,71,3,5,8,6,81,0.4,3,0,0,0,5,0,0,74,4.1,721,10:10,13,189,6,6,50,2014
143,Grant Clitsome\clitsgr01,28,WPG,D,32,2,10,12,-5,18,1.6,2,0,0,0,8,2,0,42,4.8,633,19:47,42,51,0,0,,2014
144,Ryane Clowe\clowery01,31,NJD,LW,43,7,19,26,-10,33,2.3,4,3,0,1,14,5,0,74,9.5,694,16:08,19,82,1,2,33.3,2014
145,Rich Clune\cluneri01,26,NSH,LW,58,3,4,7,-7,166,0,3,0,0,1,4,0,0,29,10.3,491,08:27,9,132,0,0,,2014
146,Cal Clutterbuck\cluttca01,26,NYI,RW,73,12,7,19,-9,50,1.3,9,0,3,1,6,0,1,172,7,1046,14:20,14,270,7,9,43.8,2014
147,Braydon Coburn\coburbr01,28,PHI,D,82,5,12,17,-6,63,3.3,4,0,1,2,12,0,0,122,4.1,1840,22:27,115,109,0,0,,2014
148,Andrew Cogliano\coglian01,26,ANA,C,82,21,21,42,13,26,5.2,18,0,3,5,18,0,2,157,13.4,1262,15:24,36,94,11,16,40.7,2014
149,Carlo Colaiacovo\colaica01,31,STL,D,25,1,3,4,-4,18,0.6,1,0,0,0,2,1,0,18,5.6,379,15:09,26,29,0,0,,2014
150,Joe Colborne\colbojo01,24,CGY,C,80,10,18,28,-17,34,1.8,9,1,0,1,15,3,0,80,12.5,1141,14:16,33,129,214,227,48.5,2014
151,Erik Cole\coleer01,35,DAL,LW,75,16,13,29,-17,20,2.3,13,3,0,4,9,4,0,139,11.5,1137,15:10,21,88,19,22,46.3,2014
152,Ian Cole\coleia01,24,STL,D,46,3,8,11,15,31,3.5,3,0,0,0,6,2,0,45,6.7,694,15:05,68,24,0,0,,2014
153,Sean Collins\collise02,25,CBJ,C,6,0,1,1,1,0,0.1,0,0,0,0,1,0,0,6,0,49,08:11,1,9,0,0,,2014
154,Blake Comeau\comeabl01,27,CBJ,LW,61,5,11,16,-2,36,1,5,0,0,0,11,0,0,107,4.7,736,12:04,14,193,10,7,58.8,2014
155,Cory Conacher\conacco01,24,TOT,C,79,7,19,26,1,50,2,6,1,0,2,19,0,0,100,7,1022,12:56,27,51,9,5,64.3,2014
155,Cory Conacher\conacco01,24,OTT,C,60,4,16,20,8,34,1.6,4,0,0,1,16,0,0,73,5.5,738,12:18,15,41,8,5,61.5,2014
155,Cory Conacher\conacco01,24,BUF,C,19,3,3,6,-7,16,0.4,2,1,0,1,3,0,0,27,11.1,284,14:58,12,10,1,0,100,2014
156,Erik Condra\condrer01,27,OTT,RW,76,6,10,16,0,30,0.8,5,0,1,0,9,0,1,85,7.1,885,11:39,44,28,1,14,6.7,2014
157,Kevin Connauton\connake01,23,DAL,D,36,1,7,8,-6,16,0.9,1,0,0,0,5,2,0,56,1.8,552,15:20,29,43,0,0,,2014
158,Chris Conner\connech01,30,PIT,RW,19,4,1,5,-3,2,0.5,4,0,0,0,1,0,0,17,23.5,224,11:46,10,21,0,1,0,2014
159,Brett Connolly\connobr01,21,TBL,RW,11,1,0,1,-5,4,-0.2,1,0,0,1,0,0,0,12,8.3,132,12:01,1,9,25,27,48.1,2014
160,Matt Cooke\cookema01,35,MIN,LW,82,10,18,28,8,54,2.5,9,0,1,3,15,2,1,104,9.6,1263,15:24,61,190,10,16,38.5,2014
161,Patrice Cormier\cormipa01,23,WPG,C,9,0,3,3,2,7,0.3,0,0,0,0,3,0,0,4,0,63,06:58,3,20,26,20,56.5,2014
162,Frank Corrado\corrafr01,20,VAN,D,15,1,0,1,-2,4,0.3,1,0,0,0,0,0,0,20,5,188,12:34,17,9,0,0,,2014
163,Joe Corvo\corvojo01,36,OTT,D,25,3,7,10,-7,10,1.1,3,0,0,0,5,2,0,54,5.6,438,17:31,24,15,0,0,,2014
164,Jean-Philippe Cote\coteje01,31,TBL,D,19,0,4,4,0,22,0.6,0,0,0,0,4,0,0,12,0,190,10:00,22,40,0,0,,2014
165,Logan Couture\coutulo01,24,SJS,C,65,23,31,54,21,20,7.3,17,4,2,6,20,8,2,233,9.9,1231,18:56,68,16,479,471,50.4,2014
166,Sean Couturier\coutuse01,21,PHI,C,82,13,26,39,1,45,3.2,12,0,1,2,19,3,4,165,7.9,1565,19:05,40,64,646,707,47.7,2014
167,Jared Cowen\cowenja01,23,OTT,D,68,6,9,15,0,45,3,6,0,0,2,8,1,0,68,8.8,1395,20:31,99,214,0,0,,2014
168,Charlie Coyle\coylech01,21,MIN,C,70,12,18,30,-7,33,2.4,10,2,0,2,17,1,0,135,8.9,1196,17:05,37,108,192,266,41.9,2014
169,Joey Crabb\crabbjo01,30,FLA,RW,9,0,1,1,-2,7,-0.2,0,0,0,0,1,0,0,5,0,129,14:23,5,23,10,10,50,2014
170,Adam Cracknell\crackad01,28,STL,RW,19,0,2,2,0,0,0,0,0,0,0,2,0,0,16,0,155,08:11,8,33,10,17,37,2014
171,Ryan Craig\craigry01,32,CBJ,C,6,0,0,0,-3,0,-0.2,0,0,0,0,0,0,0,4,0,42,07:01,1,8,0,0,,2014
172,B.J. Crombeen\crombbj01,28,TBL,RW,55,3,7,10,-2,79,0.3,3,0,0,1,6,0,1,60,5,559,10:10,15,57,3,5,37.5,2014
173,Sidney Crosby\crosbsi01,26,PIT,C,80,36,68,104,18,46,13.5,25,11,0,5,41,27,0,259,13.9,1758,21:58,28,47,991,896,52.5,2014
174,Matt Cullen\cullema01,37,NSH,C,77,10,29,39,4,32,3.6,9,1,0,2,21,8,0,134,7.5,1193,15:30,22,18,438,334,56.7,2014
175,Mark Cundari\cundama01,23,CGY,D,4,0,0,0,-4,0,-0.3,0,0,0,0,0,0,0,6,0,43,10:47,4,10,0,0,,2014
176,Craig Cunningham\cunnicr01,23,BOS,RW,2,0,0,0,0,0,0,0,0,0,0,0,0,0,4,0,19,09:29,0,1,3,4,42.9,2014
177,Kevin Czuczman\czuczke01,23,NYI,D,13,0,2,2,-5,14,0,0,0,0,0,2,0,0,24,0,254,19:33,13,15,1,0,100,2014
178,Matt D'Agostini\dagosma01,27,TOT,RW,57,5,7,12,-15,26,0.2,3,2,0,2,7,0,0,110,4.5,847,14:51,40,55,5,10,33.3,2014
178,Matt D'Agostini\dagosma01,27,BUF,RW,49,5,6,11,-14,22,0.3,3,2,0,2,6,0,0,99,5.1,756,15:26,39,48,5,10,33.3,2014
178,Matt D'Agostini\dagosma01,27,PIT,RW,8,0,1,1,-1,4,-0.1,0,0,0,0,1,0,0,11,0,91,11:20,1,7,0,0,,2014
179,Jerry D'Amigo\damigje01,22,TOR,RW,22,1,2,3,-1,0,0.1,1,0,0,0,2,0,0,12,8.3,177,08:03,4,23,1,3,25,2014
180,Stephane Da Costa\dacosst01,24,OTT,C,12,3,1,4,2,2,0.6,2,1,0,0,1,0,0,20,15,125,10:25,3,14,32,47,40.5,2014
181,Trevor Daley\daleytr01,30,DAL,D,67,9,16,25,10,38,5.6,8,1,0,3,13,3,0,107,8.4,1417,21:09,94,42,0,0,,2014
182,Zac Dalpe\dalpeza01,24,VAN,C,55,4,3,7,-7,6,0.4,3,1,0,0,3,0,0,52,7.7,392,07:08,9,36,106,125,45.9,2014
183,Pavel Datsyuk\datsypa01,35,DET,C,45,17,20,37,1,6,4.6,11,6,0,2,14,6,0,126,13.5,912,20:16,22,30,446,389,53.4,2014
184,Calvin de Haan\dehaaca01,22,NYI,D,51,3,13,16,-7,30,2.4,2,1,0,1,11,2,0,71,4.2,1072,21:01,104,114,0,0,,2014
185,Danny DeKeyser\dekeyda01,23,DET,D,65,4,19,23,10,30,5.1,2,1,1,0,16,3,0,84,4.8,1407,21:38,116,64,0,0,,2014
186,Michael Del Zotto\delzomi01,23,TOT,D,67,3,13,16,-9,18,2.7,2,1,0,0,9,4,0,90,3.3,1153,17:12,75,78,0,1,0,2014
186,Michael Del Zotto\delzomi01,23,NYR,D,42,2,9,11,-5,10,2,1,1,0,0,5,4,0,64,3.1,745,17:45,47,50,0,0,,2014
186,Michael Del Zotto\delzomi01,23,NSH,D,25,1,4,5,-4,8,0.7,1,0,0,0,4,0,0,26,3.8,407,16:18,28,28,0,1,0,2014
187,Jason Demers\demerja01,25,SJS,D,75,5,29,34,14,30,6.7,4,1,0,0,20,8,1,105,4.8,1462,19:29,107,69,0,0,,2014
188,Nicolas Deschamps\deschni01,24,WSH,C,3,0,0,0,-1,0,-0.1,0,0,0,0,0,0,0,2,0,20,06:49,0,1,0,0,,2014
189,David Desharnais\deshada01,27,MTL,C,79,16,36,52,11,24,6.1,13,3,0,2,24,12,0,96,16.7,1359,17:12,35,23,611,591,50.8,2014
190,Andrew Desjardins\desjaan01,27,SJS,C,81,3,14,17,-8,86,0.3,3,0,0,1,14,0,0,95,3.2,903,11:09,43,103,371,304,55,2014
191,Nicolas Deslauriers\deslani01,22,BUF,LW,17,1,0,1,-10,18,-0.5,1,0,0,0,0,0,0,30,3.3,223,13:09,3,51,0,1,0,2014
192,Simon Despres\desprsi01,22,PIT,D,34,0,5,5,4,26,1.6,0,0,0,0,4,1,0,41,0,569,16:45,46,72,0,0,,2014
193,Jamie Devane\devanja01,22,TOR,LW,2,0,0,0,-1,0,-0.1,0,0,0,0,0,0,0,1,0,12,05:52,0,2,0,0,,2014
194,Raphael Diaz\diazra01,28,TOT,D,63,2,13,15,-2,16,3.1,2,0,0,0,8,4,1,68,2.9,1133,17:59,127,36,0,1,0,2014
194,Raphael Diaz\diazra01,28,MTL,D,46,0,11,11,-4,12,2,0,0,0,0,8,2,1,41,0,869,18:54,100,20,0,1,0,2014
194,Raphael Diaz\diazra01,28,NYR,D,11,1,1,2,5,4,1,1,0,0,0,0,1,0,18,5.6,168,15:19,20,6,0,0,,2014
194,Raphael Diaz\diazra01,28,VAN,D,6,1,1,2,-3,0,0.2,1,0,0,0,0,1,0,9,11.1,96,15:58,7,10,0,0,,2014
195,Brenden Dillon\dillobr01,23,DAL,D,80,6,11,17,9,86,4.4,4,0,2,1,11,0,0,97,6.2,1687,21:06,148,165,0,0,,2014
196,Shane Doan\doansh01,37,PHX,RW,69,23,24,47,-7,34,5.3,13,10,0,4,15,9,0,167,13.8,1307,18:56,22,135,6,6,50,2014
197,Matt Donovan\donovma01,23,NYI,D,52,2,14,16,-9,26,2,1,1,0,0,9,5,0,86,2.3,940,18:04,72,68,0,0,,2014
198,Derek Dorsett\dorsede01,27,NYR,RW,51,4,4,8,-1,128,0.4,4,0,0,0,4,0,0,67,6,562,11:02,27,102,0,3,0,2014
199,Drew Doughty\doughdr01,24,LAK,D,78,10,27,37,17,64,9.4,4,6,0,2,16,10,1,177,5.6,2006,01:43,91,180,0,0,,2014
200,Jake Dowell\dowelja01,28,MIN,C,1,0,0,0,-1,0,-0.1,0,0,0,0,0,0,0,1,0,7,07:09,0,3,2,2,50,2014
201,Steve Downie\downist01,26,TOT,RW,62,4,20,24,1,106,1.6,1,3,0,1,17,3,0,88,4.5,874,14:06,18,70,4,3,57.1,2014
201,Steve Downie\downist01,26,PHI,RW,51,3,14,17,-3,70,0.9,1,2,0,0,12,2,0,62,4.8,690,13:32,12,57,4,3,57.1,2014
201,Steve Downie\downist01,26,COL,RW,11,1,6,7,4,36,0.7,0,1,0,1,5,1,0,26,3.8,184,16:43,6,13,0,0,,2014
202,Nick Drazenovic\drazeni01,27,PIT,C,1,0,0,0,-1,2,-0.1,0,0,0,0,0,0,0,3,0,10,10:18,0,1,3,1,75,2014
203,Brandon Dubinsky\dubinbr01,27,CBJ,C,76,16,34,50,5,98,5.3,10,4,2,2,26,6,2,189,8.5,1427,18:47,37,234,578,512,53,2014
204,Matt Duchene\duchema01,23,COL,C,71,23,47,70,8,19,8.1,18,5,0,6,35,12,0,217,10.6,1313,18:30,44,53,532,526,50.3,2014
205,Mathew Dumba\dumbama01,19,MIN,D,13,1,1,2,-5,2,0.1,0,1,0,0,0,1,0,12,8.3,162,12:27,3,9,0,0,,2014
206,Gabriel Dumont\dumonga01,23,MTL,C,2,0,0,0,0,0,0,0,0,0,0,0,0,0,1,0,14,06:50,0,3,3,5,37.5,2014
207,Brian Dumoulin\dumoubr01,22,PIT,D,6,0,1,1,1,4,0.3,0,0,0,0,1,0,0,3,0,115,19:14,8,1,0,0,,2014
208,Pascal Dupuis\dupuipa01,34,PIT,LW,39,7,13,20,6,8,2.1,7,0,0,0,13,0,0,97,7.2,690,17:42,29,68,2,4,33.3,2014
209,Radek Dvorak\dvorara01,36,CAR,RW,60,4,5,9,3,41,0.6,4,0,0,2,5,0,0,52,7.7,638,10:38,25,17,6,6,50,2014
210,Patrick Dwyer\dwyerpa01,30,CAR,RW,75,8,14,22,-2,14,1.7,6,0,2,2,14,0,0,134,6,1099,14:39,48,107,9,15,37.5,2014
211,Ben Eager\eagerbe01,30,EDM,LW,7,0,1,1,1,2,0.1,0,0,0,0,1,0,0,4,0,51,07:13,2,9,1,1,50,2014
212,Cody Eakin\eakinco01,22,DAL,C,81,16,19,35,-9,36,2.8,12,3,1,2,16,3,0,161,9.9,1404,17:20,58,90,581,632,47.9,2014
213,Patrick Eaves\eavespa01,29,TOT,RW,30,2,3,5,-7,2,-0.1,1,1,0,0,1,2,0,53,3.8,338,11:16,5,43,7,8,46.7,2014
213,Patrick Eaves\eavespa01,29,DET,RW,25,2,3,5,-4,2,0.1,1,1,0,0,1,2,0,51,3.9,289,11:33,4,38,7,8,46.7,2014
213,Patrick Eaves\eavespa01,29,NSH,RW,5,0,0,0,-3,0,-0.2,0,0,0,0,0,0,0,2,0,49,09:46,1,5,0,0,,2014
214,Andrew Ebbett\ebbetan01,31,PIT,C,9,0,1,1,-4,0,-0.2,0,0,0,0,1,0,0,9,0,99,11:03,7,10,15,20,42.9,2014
215,Jordan Eberle\eberljo01,23,EDM,RW,80,28,37,65,-11,18,7.5,20,7,1,4,24,13,0,200,14,1564,19:33,40,51,8,13,38.1,2014
216,Alexander Edler\edleral01,27,VAN,D,63,7,15,22,-39,50,1.8,3,4,0,0,7,8,0,178,3.9,1467,23:17,136,112,2,1,66.7,2014
217,Christian Ehrhoff\ehrhoch01,31,BUF,D,79,6,27,33,-27,38,5.4,4,1,1,2,14,11,2,161,3.7,1889,23:55,119,49,0,0,,2014
218,Mattias Ekholm\ekholma01,23,NSH,D,62,1,8,9,-8,10,1.4,1,0,0,0,7,0,1,58,1.7,1043,16:49,55,42,0,0,,2014
219,Oliver Ekman-Larsson\ekmanol01,22,PHX,D,80,15,29,44,-4,50,8.3,7,8,0,6,15,14,0,199,7.5,2072,01:54,80,134,0,1,0,2014
220,Patrik Elias\eliaspa01,37,NJD,LW,65,18,35,53,-4,30,6.1,12,4,2,1,18,13,4,116,15.5,1162,17:53,19,26,276,401,40.8,2014
221,Lars Eller\ellerla01,24,MTL,C,77,12,14,26,-15,68,1.8,9,2,1,3,12,1,1,137,8.8,1229,15:58,58,130,521,458,53.2,2014
222,Keaton Ellerby\ellerke01,25,WPG,D,51,2,4,6,4,2,1.8,1,1,0,1,4,0,0,33,6.1,709,13:55,46,76,0,0,,2014
223,Stefan Elliott\elliost01,23,COL,D,1,1,0,1,0,0,0.2,1,0,0,0,0,0,0,1,100,17,16:51,0,2,0,0,,2014
224,Matt Ellis\ellisma01,32,BUF,LW,50,4,2,6,-6,4,0.3,4,0,0,0,2,0,0,70,5.7,474,09:28,24,37,69,97,41.6,2014
225,Ryan Ellis\ellisry01,23,NSH,D,80,6,21,27,9,24,5.7,6,0,0,2,15,6,0,123,4.9,1285,16:04,97,57,0,0,,2014
226,Alexei Emelin\emelial01,27,MTL,D,59,3,14,17,-1,59,3.6,2,1,0,0,12,2,0,58,5.2,1136,19:15,127,189,0,0,,2014
227,Cory Emmerton\emmerco01,25,DET,C,18,0,2,2,-2,4,-0.1,0,0,0,0,2,0,0,22,0,161,08:57,5,7,58,49,54.2,2014
228,Deryk Engelland\engelde01,31,PIT,D,56,6,6,12,-6,58,2.3,6,0,0,1,5,1,0,59,10.2,730,13:03,52,117,0,0,,2014
229,Tyler Ennis\ennisty01,24,BUF,C,80,21,22,43,-25,42,4.3,15,6,0,0,12,10,0,210,10,1508,18:51,53,89,242,383,38.7,2014
230,Toby Enstrom\enstrto01,29,WPG,D,82,10,20,30,-9,56,5.2,6,4,0,3,11,9,0,106,9.4,1960,23:54,142,37,1,0,100,2014
231,Martin Erat\eratma01,32,TOT,RW,70,3,26,29,5,28,2,3,0,0,0,22,4,0,53,5.7,1027,14:40,25,75,97,116,45.5,2014
231,Martin Erat\eratma01,32,WSH,RW,53,1,23,24,1,22,1.5,1,0,0,0,19,4,0,46,2.2,781,14:44,20,47,96,114,45.7,2014
231,Martin Erat\eratma01,32,PHX,RW,17,2,3,5,4,6,0.5,2,0,0,0,3,0,0,7,28.6,246,14:28,5,28,1,2,33.3,2014
232,Jonathan Ericsson\ericsjo01,29,DET,D,48,1,10,11,2,34,2.4,1,0,0,0,9,0,1,66,1.5,1020,21:15,46,91,0,0,,2014
233,Loui Eriksson\erikslo01,28,BOS,RW,61,10,27,37,14,6,3.9,8,2,0,2,17,9,1,115,8.7,1008,16:32,13,12,0,0,,2014
234,Tim Erixon\erixoti01,22,CBJ,D,2,0,0,0,2,2,0.2,0,0,0,0,0,0,0,1,0,29,14:21,1,1,0,0,,2014
235,John Erskine\erskijo01,33,WSH,D,37,1,3,4,-5,56,0.6,1,0,0,0,3,0,0,38,2.6,577,15:36,66,64,0,0,,2014
236,Emerson Etem\etemem01,21,ANA,LW,29,7,4,11,3,4,1.4,5,1,1,2,4,0,0,44,15.9,371,12:47,13,50,0,1,0,2014
237,Justin Falk\falkju01,25,NYR,D,21,0,2,2,-5,20,0.1,0,0,0,0,2,0,0,10,0,252,11:59,28,39,0,0,,2014
238,Jesper Fast\fastje01,22,NYR,RW,11,0,0,0,-5,2,-0.4,0,0,0,0,0,0,0,7,0,124,11:17,7,20,0,0,,2014
239,Justin Faulk\faulkju01,21,CAR,D,76,5,27,32,-9,37,5.4,3,2,0,1,20,6,1,152,3.3,1779,23:25,102,94,0,0,,2014
240,Mark Fayne\faynema01,26,NJD,D,72,4,7,11,-5,30,3.2,3,0,1,0,7,0,0,88,4.5,1318,18:19,83,77,0,0,,2014
241,Taylor Fedun\fedunta01,25,EDM,D,4,2,0,2,-1,0,0.4,2,0,0,0,0,0,0,6,33.3,49,12:13,3,1,0,0,,2014
242,Eric Fehr\fehrer01,28,WSH,RW,73,13,18,31,0,32,3.1,13,0,0,2,16,1,1,137,9.5,1077,14:45,33,81,196,230,46,2014
243,Andrew Ference\ferenan01,34,EDM,D,71,3,15,18,-18,63,2.4,3,0,0,1,13,2,0,77,3.9,1495,21:04,108,135,2,1,66.7,2014
244,Landon Ferraro\ferrala01,22,DET,C,4,0,0,0,0,2,-0.1,0,0,0,0,0,0,0,2,0,36,08:59,2,7,0,0,,2014
245,Benn Ferriero\ferribe01,26,VAN,RW,2,0,0,0,0,0,0,0,0,0,0,0,0,0,0,,9,04:22,0,1,0,0,,2014
246,Vernon Fiddler\fiddlve01,33,DAL,C,76,6,17,23,3,37,1.6,6,0,0,1,14,1,2,109,5.5,1010,13:17,52,44,504,463,52.1,2014
247,Valtteri Filppula\filppva01,29,TBL,C,75,25,33,58,5,20,6.8,19,6,0,2,19,14,0,131,19.1,1499,19:59,33,33,693,633,52.3,2014
248,Mike Fisher\fishemi01,33,NSH,C,75,20,29,49,-4,60,5,16,4,0,4,22,7,0,177,11.3,1482,19:45,73,144,596,550,52,2014
249,Mark Fistric\fistrma01,27,ANA,D,34,1,4,5,9,28,1.4,1,0,0,0,4,1,0,22,4.5,524,15:24,46,145,0,0,,2014
250,Tomas Fleischmann\fleisto01,29,FLA,LW,80,8,20,28,-18,22,1,6,2,0,1,14,5,1,188,4.3,1370,17:07,11,59,5,13,27.8,2014
251,Justin Florek\floreju01,23,BOS,LW,4,1,1,2,1,0,0.3,1,0,0,0,1,0,0,5,20,47,11:51,0,4,0,1,0,2014
252,Brian Flynn\flynnbr01,25,BUF,C,79,6,7,13,-10,14,0.3,5,0,1,0,7,0,0,102,5.9,1139,14:25,55,51,184,205,47.3,2014
253,Marcus Foligno\foligma01,22,BUF,LW,74,7,12,19,-17,82,0.8,6,0,1,3,11,1,0,79,8.9,1115,15:04,43,206,146,155,48.5,2014
254,Nick Foligno\foligni01,26,CBJ,LW,70,18,21,39,5,96,4.8,15,3,0,5,18,3,0,111,16.2,1124,16:04,42,210,6,7,46.2,2014
255,Christian Folin\folinch01,22,MIN,D,1,0,1,1,3,0,0.4,0,0,0,0,1,0,0,0,,19,19:26,0,1,0,0,,2014
256,Justin Fontaine\fontaju01,26,MIN,RW,66,13,8,21,6,26,2.7,12,1,0,1,7,1,0,79,16.5,809,12:15,23,9,2,0,100,2014
257,Filip Forsberg\forsbfi01,19,NSH,C,13,1,4,5,-8,4,0.1,0,1,0,0,1,3,0,20,5,148,11:24,2,6,0,0,,2014
258,Maxime Fortunus\fortuma01,30,DAL,D,1,0,1,1,1,0,0.2,0,0,0,0,1,0,0,0,,16,16:17,1,0,0,0,,2014
259,Cam Fowler\fowleca01,22,ANA,D,70,6,30,36,15,14,6.1,1,4,1,2,19,11,0,100,6,1670,23:52,122,46,0,0,,2014
260,Cody Franson\fransco01,26,TOR,D,79,5,28,33,-20,30,3.7,4,1,0,0,11,17,0,115,4.3,1635,20:42,111,282,0,0,,2014
261,Johan Franzen\franzjo01,34,DET,RW,54,16,25,41,6,40,5.1,9,7,0,4,15,10,0,149,10.7,954,17:39,23,66,119,106,52.9,2014
262,Colin Fraser\fraseco01,29,LAK,C,33,0,2,2,-4,30,-0.4,0,0,0,0,2,0,0,22,0,297,08:59,20,58,87,86,50.3,2014
263,Mark Fraser\frasema01,27,TOT,D,42,1,1,2,-15,76,-0.4,1,0,0,0,1,0,0,11,9.1,646,15:22,95,118,0,0,,2014
263,Mark Fraser\frasema01,27,EDM,D,23,1,0,1,-7,43,0,1,0,0,0,0,0,0,5,20,356,15:30,44,52,0,0,,2014
263,Mark Fraser\frasema01,27,TOR,D,19,0,1,1,-8,33,-0.4,0,0,0,0,1,0,0,6,0,289,15:13,51,66,0,0,,2014
264,Matt Fraser\frasema02,23,BOS,RW,14,2,0,2,0,10,0.2,2,0,0,0,0,0,0,13,15.4,135,09:39,5,10,1,1,50,2014
265,Matt Frattin\frattma01,26,TOT,RW,44,2,5,7,-4,11,0,1,1,0,0,4,1,0,61,3.3,529,12:01,11,85,2,2,50,2014
265,Matt Frattin\frattma01,26,LAK,RW,40,2,4,6,-6,11,-0.1,1,1,0,0,3,1,0,60,3.3,479,11:59,10,78,2,2,50,2014
265,Matt Frattin\frattma01,26,CBJ,RW,4,0,1,1,2,0,0.1,0,0,0,0,1,0,0,1,0,49,12:22,1,7,0,0,,2014
266,Michael Frolik\frolimi01,25,WPG,RW,81,15,27,42,8,12,4.3,14,1,0,2,25,1,1,189,7.9,1351,16:40,51,41,43,25,63.2,2014
267,Marian Gaborik\gaborma01,31,TOT,RW,41,11,19,30,7,10,3.8,10,1,0,0,13,6,0,103,10.7,697,17:00,10,15,0,2,0,2014
267,Marian Gaborik\gaborma01,31,CBJ,RW,22,6,8,14,0,6,1.7,6,0,0,0,6,2,0,47,12.8,361,16:25,5,5,0,0,,2014
267,Marian Gaborik\gaborma01,31,LAK,RW,19,5,11,16,7,4,2.2,4,1,0,0,7,4,0,56,8.9,336,17:42,5,10,0,2,0,2014
268,Sam Gagner\gagnesa01,24,EDM,C,67,10,27,37,-29,41,2.1,9,1,0,1,20,6,1,143,7,1231,18:23,34,33,451,512,46.8,2014
269,Alex Galchenyuk\galchal01,19,MTL,C,65,13,18,31,-12,26,3,10,3,0,2,11,7,0,110,11.8,936,14:24,25,49,5,10,33.3,2014
270,T.J. Galiardi\galiatj01,25,CGY,LW,62,4,13,17,-13,21,0.4,3,0,1,0,12,0,1,100,4,906,14:37,43,77,62,93,40,2014
271,Brendan Gallagher\gallabr01,21,MTL,RW,81,19,22,41,4,73,5,11,8,0,0,21,1,0,211,9,1293,15:58,36,38,47,81,36.7,2014
272,Brett Gallant\gallabr02,25,NYI,LW,4,0,0,0,0,17,0,0,0,0,0,0,0,0,3,0,28,06:53,0,9,0,0,,2014
273,Ryan Garbutt\garbury01,28,DAL,LW,75,17,15,32,10,106,4.2,15,0,2,1,15,0,0,165,10.3,980,13:04,47,141,4,6,40,2014
274,Jake Gardiner\gardija01,23,TOR,D,80,10,21,31,-3,19,5.6,7,2,1,1,12,9,0,136,7.4,1686,21:05,87,108,0,0,,2014
275,Jason Garrison\garrija01,29,VAN,D,81,7,26,33,-5,57,6.3,2,4,1,1,13,11,2,181,3.9,1693,20:54,128,58,0,0,,2014
276,Johnny Gaudreau\gaudrjo01,20,CGY,LW,1,1,0,1,1,0,0.2,1,0,0,0,0,0,0,1,100,15,15:11,0,0,0,0,,2014
277,Cameron Gaunce\gauncca01,23,DAL,D,9,0,0,0,1,7,0.2,0,0,0,0,0,0,0,9,0,125,13:50,4,11,0,0,,2014
278,Paul Gaustad\gaustpa01,31,NSH,C,75,10,11,21,-6,61,1.4,10,0,0,0,11,0,0,74,13.5,1036,13:48,55,122,696,504,58,2014
279,Luke Gazdic\gazdilu01,24,EDM,LW,67,2,2,4,-8,127,-0.3,2,0,0,0,2,0,0,30,6.7,389,05:48,22,103,3,0,100,2014
280,Eric Gelinas\geliner01,22,NJD,D,60,7,22,29,-3,22,5.3,2,5,0,2,10,12,0,124,5.6,1015,16:55,20,99,0,0,,2014
281,Nathan Gerbe\gerbena01,26,CAR,C,81,16,15,31,-6,36,3.1,11,3,2,1,11,4,0,221,7.2,1329,16:24,15,53,2,4,33.3,2014
282,Ryan Getzlaf\getzlry01,28,ANA,C,77,31,56,87,28,31,11.2,26,5,0,7,38,18,0,204,15.2,1639,21:17,87,110,692,719,49,2014
283,Brian Gibbons\gibbobr02,25,PIT,C,41,5,12,17,5,6,1.9,4,1,0,0,11,0,1,29,17.2,490,11:57,19,24,9,13,40.9,2014
284,Tom Gilbert\gilbeto01,31,FLA,D,73,3,25,28,-5,18,4.4,1,2,0,1,21,4,0,93,3.2,1558,21:20,95,59,0,0,,2014
285,Hal Gill\gillha01,38,PHI,D,6,0,0,0,0,2,0.1,0,0,0,0,0,0,0,1,0,89,14:51,6,7,0,0,,2014
286,Matt Gilroy\gilroma01,29,FLA,D,16,1,1,2,-2,6,0.4,1,0,0,0,1,0,0,27,3.7,260,16:15,18,5,0,0,,2014
287,Brian Gionta\giontbr01,35,MTL,RW,81,18,22,40,1,22,4.4,16,2,0,3,16,5,1,184,9.8,1446,17:51,52,46,23,37,38.3,2014
288,Stephen Gionta\giontst01,30,NJD,RW,66,4,7,11,-8,18,0.2,3,0,1,1,7,0,0,89,4.5,822,12:28,25,113,238,343,41,2014
289,Mark Giordano\giordma01,30,CGY,D,64,14,33,47,12,63,9.8,7,7,0,2,17,13,3,180,7.8,1615,01:14,103,73,0,0,,2014
290,Dan Girardi\girarda01,29,NYR,D,81,5,19,24,6,16,6.1,4,1,0,0,15,2,2,100,5,1873,23:07,174,191,0,0,,2014
291,Zemgus Girgensons\girgeze01,20,BUF,C,70,8,14,22,-6,14,1.8,7,0,1,1,13,0,1,115,7,1072,15:19,43,161,100,140,41.7,2014
292,Claude Giroux\giroucl01,26,PHI,C,82,28,58,86,7,46,10.2,21,7,0,7,28,30,0,223,12.6,1676,20:26,46,90,931,829,52.9,2014
293,Tanner Glass\glassta01,30,PIT,LW,67,4,9,13,-8,90,0.2,4,0,0,0,9,0,0,56,7.1,790,11:47,57,247,9,10,47.4,2014
294,Tim Gleason\gleasti01,31,TOT,D,56,1,5,6,-21,65,-0.3,1,0,0,0,5,0,0,43,2.3,931,16:38,88,156,0,0,,2014
294,Tim Gleason\gleasti01,31,TOR,D,39,1,4,5,-14,55,-0.1,1,0,0,0,4,0,0,28,3.6,661,16:57,69,108,0,0,,2014
294,Tim Gleason\gleasti01,31,CAR,D,17,0,1,1,-7,10,-0.2,0,0,0,0,1,0,0,15,0,270,15:54,19,48,0,0,,2014
295,Curtis Glencross\glenccu01,31,CGY,LW,38,12,12,24,-11,12,2.5,9,3,0,2,7,5,0,77,15.6,669,17:37,27,59,14,27,34.1,2014
296,Luke Glendening\glendlu01,24,DET,C,56,1,6,7,-8,22,-0.8,1,0,0,0,6,0,0,54,1.9,779,13:55,38,92,329,349,48.5,2014
297,Marcel Goc\gocma01,30,TOT,C,74,11,14,25,-7,35,1.7,11,0,0,1,12,2,0,117,9.4,1208,16:20,43,119,658,575,53.4,2014
297,Marcel Goc\gocma01,30,FLA,C,62,11,12,23,-7,31,1.8,11,0,0,1,10,2,0,105,10.5,1053,16:59,41,103,576,514,52.8,2014
297,Marcel Goc\gocma01,30,PIT,C,12,0,2,2,0,4,0,0,0,0,0,2,0,0,12,0,155,12:55,2,16,82,61,57.3,2014
298,Alex Goligoski\goligal01,28,DAL,D,81,6,36,42,9,28,7.4,3,3,0,0,24,12,0,141,4.3,1969,00:19,153,92,0,1,0,2014
299,Cody Goloubef\golouco01,24,CBJ,D,5,0,0,0,0,2,0,0,0,0,0,0,0,0,4,0,49,09:49,7,3,0,0,,2014
300,Scott Gomez\gomezsc01,34,FLA,C,46,2,10,12,-11,24,0.1,2,0,0,0,8,2,0,56,3.6,604,13:08,16,16,239,276,46.4,2014
301,Sergei Gonchar\gonchse01,39,DAL,D,76,2,20,22,-12,20,2.5,1,1,0,1,7,13,0,89,2.2,1338,17:37,80,70,0,0,,2014
302,Boyd Gordon\gordobo01,30,EDM,C,74,8,13,21,-15,20,0.9,6,1,1,1,9,3,1,80,10,1092,14:45,89,27,843,649,56.5,2014
303,Josh Gorges\gorgejo01,29,MTL,D,66,1,13,14,6,12,3.9,1,0,0,0,11,1,1,35,2.9,1402,21:15,177,97,0,1,0,2014
304,Brandon Gormley\gormlbr01,21,PHX,D,5,0,0,0,4,2,0.4,0,0,0,0,0,0,0,4,0,73,14:33,8,5,0,0,,2014
305,Michael Grabner\grabnmi01,26,NYI,RW,64,12,14,26,-10,12,2.3,9,0,3,2,14,0,0,137,8.8,908,14:12,25,68,7,8,46.7,2014
306,Mikhail Grabovski\grabomi01,30,WSH,C,58,13,22,35,6,26,4,10,3,0,1,17,5,0,81,16,914,15:45,22,19,346,295,54,2014
307,Petter Granberg\granbpe01,21,TOR,D,1,0,0,0,0,0,0,0,0,0,0,0,0,0,0,,12,11:46,1,3,0,0,,2014
308,Markus Granlund\granlma01,20,CGY,C,7,2,1,3,2,0,0.5,1,0,1,0,1,0,0,9,22.2,85,12:05,1,3,28,26,51.9,2014
309,Mikael Granlund\granlmi01,21,MIN,C,63,8,33,41,-3,22,3.5,6,2,0,2,23,10,0,104,7.7,1091,17:19,46,38,415,374,52.6,2014
310,Alex Grant\grantal01,25,ANA,D,2,2,0,2,3,2,0.7,2,0,0,0,0,0,0,2,100,24,12:11,0,1,0,0,,2014
311,Derek Grant\grantde01,23,OTT,C,20,0,2,2,-3,4,-0.3,0,0,0,0,2,0,0,31,0,191,09:34,11,32,79,71,52.7,2014
312,Denis Grebeshkov\grebede01,30,EDM,D,7,0,1,1,0,2,0.2,0,0,0,0,1,0,0,3,0,96,13:41,9,3,0,0,,2014
313,Mike Green\greenmi03,28,WSH,D,70,9,29,38,-16,64,5.2,6,3,0,2,17,12,0,172,5.2,1591,22:44,107,62,0,0,,2014
314,Andy Greene\greenan01,31,NJD,D,82,8,24,32,3,32,7.7,5,3,0,3,12,10,2,134,6,2015,00:35,129,87,0,0,,2014
315,Matt Greene\greenma01,30,LAK,D,38,2,4,6,6,47,2.2,2,0,0,0,4,0,0,38,5.3,604,15:53,59,118,0,1,0,2014
316,Colin Greening\greenco01,27,OTT,C,76,6,11,17,-15,41,-0.1,4,2,0,1,10,1,0,108,5.6,1045,13:45,30,225,22,37,37.3,2014
317,Mikhail Grigorenko\grigomi01,19,BUF,C,18,2,1,3,-3,2,0.2,2,0,0,0,0,1,0,20,10,206,11:26,5,6,53,50,51.5,2014
318,Nicklas Grossmann\grossni01,29,PHI,D,78,1,13,14,-6,55,2.2,1,0,0,0,12,0,1,71,1.4,1491,19:07,174,189,0,0,,2014
319,Eric Gryba\grybaer01,25,OTT,D,57,2,9,11,9,64,2.7,2,0,0,0,8,0,1,57,3.5,999,17:31,60,161,0,0,,2014
320,Radko Gudas\gudasra01,23,TBL,D,73,3,19,22,2,152,3.8,2,1,0,1,16,3,0,114,2.6,1396,19:08,138,273,0,0,,2014
321,Erik Gudbranson\gudbrer01,22,FLA,D,65,3,6,9,-7,114,1.7,3,0,0,0,5,1,0,92,3.3,1169,17:59,91,158,0,0,,2014
322,Nate Guenin\guenina01,31,COL,D,68,1,8,9,3,46,1.9,1,0,0,0,8,0,0,52,1.9,1175,17:17,128,119,0,0,,2014
323,Carl Gunnarsson\gunnaca01,27,TOR,D,80,3,14,17,12,34,4.3,3,0,0,1,13,1,0,48,6.3,1553,19:25,176,166,0,0,,2014
324,Erik Gustafsson\gustaer01,25,PHI,D,31,2,8,10,7,6,2.3,2,0,0,0,6,2,0,30,6.7,543,17:31,50,11,0,0,,2014
325,Carl Hagelin\hagelca01,25,NYR,LW,72,17,16,33,8,44,4.3,16,0,1,5,16,0,0,144,11.8,1117,15:31,33,64,0,5,0,2014
326,Ron Hainsey\hainsro01,32,CAR,D,82,4,11,15,-9,45,3.3,4,0,0,1,10,0,1,72,5.6,1758,21:26,124,96,0,0,,2014
327,Matt Halischuk\halisma01,25,WPG,RW,46,5,5,10,-3,6,0.6,5,0,0,1,5,0,0,56,8.9,521,11:20,27,19,2,2,50,2014
328,Adam Hall\hallad01,33,PHI,RW,80,4,5,9,-15,23,-0.6,2,0,2,0,5,0,0,61,6.6,787,09:50,46,77,314,213,59.6,2014
329,Taylor Hall\hallta02,22,EDM,LW,75,27,53,80,-15,44,9,20,7,0,1,42,10,1,250,10.8,1501,20:01,41,54,37,44,45.7,2014
330,Mike Halmo\halmomi01,22,NYI,LW,20,1,0,1,-1,32,-0.2,1,0,0,0,0,0,0,25,4,190,09:30,4,52,4,16,20,2014
331,Jeff Halpern\halpeje01,37,PHX,C,69,5,7,12,-8,24,0.3,5,0,0,1,7,0,0,45,11.1,710,10:17,33,65,296,266,52.7,2014
332,Dan Hamhuis\hamhuda01,31,VAN,D,79,5,17,22,13,26,6.6,5,0,0,0,14,3,0,150,3.3,1893,23:57,130,87,0,0,,2014
333,Dougie Hamilton\hamildo01,20,BOS,D,64,7,18,25,22,40,5.9,5,2,0,1,14,4,0,114,6.1,1223,19:06,53,73,0,0,,2014
334,Freddie Hamilton\hamilfr01,22,SJS,C,11,0,0,0,-5,2,-0.4,0,0,0,0,0,0,0,13,0,114,10:19,3,24,14,22,38.9,2014
335,Ryan Hamilton\hamilry01,28,EDM,LW,2,0,0,0,-2,0,-0.1,0,0,0,0,0,0,0,0,,20,10:02,1,3,0,0,,2014
336,Travis Hamonic\hamontr01,23,NYI,D,69,3,15,18,2,68,3.9,1,2,0,0,14,1,0,134,2.2,1726,01:01,132,93,0,0,,2014
337,Michal Handzus\handzmi01,36,CHI,C,59,4,12,16,0,16,0.6,3,0,1,2,11,0,1,50,8,805,13:39,55,35,329,335,49.5,2014
338,Scott Hannan\hannasc01,35,SJS,D,56,3,9,12,1,55,2.6,3,0,0,0,8,0,1,52,5.8,995,17:46,73,29,0,0,,2014
339,Ben Hanowski\hanowbe01,23,CGY,RW,11,0,2,2,-2,2,0,0,0,0,0,2,0,0,10,0,80,07:15,1,13,1,0,100,2014
340,Jannik Hansen\hanseja01,27,VAN,RW,71,11,9,20,-9,43,1.5,10,0,1,3,8,1,0,112,9.8,1112,15:40,22,99,12,17,41.4,2014
341,Martin Hanzal\hanzama01,26,PHX,C,65,15,25,40,-9,73,3.7,10,5,0,2,17,8,0,169,8.9,1214,18:41,37,200,599,500,54.5,2014
342,Jay Harrison\harrija01,31,CAR,D,68,4,11,15,-1,44,3.3,3,1,0,1,6,5,0,103,3.9,1131,16:38,82,141,0,0,,2014
343,Peter Harrold\harrope01,30,NJD,D,33,0,4,4,-2,14,1.2,0,0,0,0,4,0,0,32,0,616,18:40,29,17,0,0,,2014
344,Scott Hartnell\hartnsc01,31,PHI,LW,78,20,32,52,11,103,6.3,11,9,0,3,21,11,0,207,9.7,1317,16:53,39,155,4,14,22.2,2014
345,Erik Haula\haulaer01,22,MIN,C,46,6,9,15,14,29,2.2,5,0,1,1,9,0,0,56,10.7,467,10:09,17,23,161,187,46.3,2014
346,Martin Havlat\havlama01,32,SJS,RW,48,12,10,22,14,10,3.2,11,1,0,2,9,1,0,72,16.7,707,14:43,14,9,0,4,0,2014
347,Eriah Hayes\hayeser01,25,SJS,RW,15,1,0,1,-2,2,-0.1,1,0,0,0,0,0,0,17,5.9,118,07:50,10,40,9,12,42.9,2014
348,Jimmy Hayes\hayesji01,24,TOT,RW,55,11,7,18,-5,18,2.1,8,3,0,0,6,1,0,72,15.3,603,10:58,19,115,11,19,36.7,2014
348,Jimmy Hayes\hayesji01,24,FLA,RW,53,11,7,18,-6,18,2.1,8,3,0,0,6,1,0,71,15.5,580,10:56,18,109,11,19,36.7,2014
348,Jimmy Hayes\hayesji01,24,CHI,RW,2,0,0,0,1,0,0,0,0,0,0,0,0,0,1,0,24,11:51,1,6,0,0,,2014
349,Dany Heatley\heatlda01,33,MIN,LW,76,12,16,28,-18,18,1.8,8,4,0,2,10,6,0,110,10.9,1126,14:49,30,33,7,10,41.2,2014
350,Victor Hedman\hedmavi01,23,TBL,D,75,13,42,55,5,53,9,10,3,0,2,25,11,6,170,7.6,1683,22:26,101,86,0,0,,2014
351,Jan Hejda\hejdaja01,35,COL,D,78,6,11,17,8,40,4,6,0,0,0,11,0,0,75,8,1741,22:20,144,170,0,0,,2014
352,Darren Helm\helmda01,27,DET,C,42,12,8,20,2,14,2.6,9,1,2,3,8,0,0,83,14.5,637,15:10,16,73,269,279,49.1,2014
353,Ales Hemsky\hemskal01,30,TOT,RW,75,13,30,43,-15,24,3.7,11,2,0,1,19,11,0,138,9.4,1197,15:58,33,37,1,3,25,2014
353,Ales Hemsky\hemskal01,30,EDM,RW,55,9,17,26,-13,20,2,7,2,0,1,10,7,0,94,9.6,884,16:05,23,26,1,3,25,2014
353,Ales Hemsky\hemskal01,30,OTT,RW,20,4,13,17,-2,4,1.7,4,0,0,0,9,4,0,44,9.1,313,15:38,10,11,0,0,,2014
354,Matt Hendricks\hendrma01,32,TOT,C,77,5,2,7,-11,112,-0.7,4,0,1,1,2,0,0,102,4.9,981,12:44,59,180,34,29,54,2014
354,Matt Hendricks\hendrma01,32,NSH,C,44,2,2,4,-5,54,-0.4,2,0,0,0,2,0,0,53,3.8,508,11:33,28,92,14,12,53.8,2014
354,Matt Hendricks\hendrma01,32,EDM,C,33,3,0,3,-6,58,-0.3,2,0,1,1,0,0,0,49,6.1,473,14:19,31,88,20,17,54.1,2014
355,Adam Henrique\henriad01,23,NJD,C,77,25,18,43,3,20,5.8,15,7,3,4,11,5,2,137,18.2,1390,18:03,50,73,407,511,44.3,2014
356,Tomas Hertl\hertlto01,20,SJS,C,37,15,10,25,11,4,3.9,12,3,0,3,10,0,0,98,15.3,567,15:20,13,39,29,22,56.9,2014
357,Thomas Hickey\hicketh01,24,NYI,D,82,4,18,22,5,34,4.6,4,0,0,0,16,1,1,96,4.2,1547,18:52,132,72,0,0,,2014
358,Chris Higgins\higgich01,30,VAN,LW,78,17,22,39,-14,30,3.5,15,2,0,4,20,1,1,216,7.9,1496,19:10,45,98,17,21,44.7,2014
359,Jack Hillen\hilleja01,28,WSH,D,13,0,1,1,-4,4,0,0,0,0,0,1,0,0,12,0,238,18:16,16,10,0,0,,2014
360,Niklas Hjalmarsson\hjalmni01,26,CHI,D,81,4,22,26,11,34,4.8,3,0,1,1,19,0,3,98,4.1,1724,21:17,157,39,0,0,,2014
361,Cody Hodgson\hodgsco01,23,BUF,C,72,20,24,44,-26,20,4.5,11,9,0,0,14,10,0,182,11,1306,18:09,22,47,453,516,46.7,2014
362,Mike Hoffman\hoffmmi02,24,OTT,C,25,3,3,6,-2,2,0.3,2,1,0,0,1,2,0,61,4.9,330,13:11,7,18,6,3,66.7,2014
363,Nick Holden\holdeni01,26,COL,D,54,10,15,25,12,22,5.3,8,2,0,2,9,5,1,66,15.2,1009,18:41,57,118,0,0,,2014
364,Patrick Holland\hollapa01,22,MTL,RW,5,0,0,0,0,0,-0.1,0,0,0,0,0,0,0,2,0,38,07:38,4,2,1,1,50,2014
365,Peter Holland\hollape01,23,TOT,C,43,6,5,11,0,18,1.1,5,1,0,0,5,0,0,43,14,488,11:21,22,46,182,213,46.1,2014
365,Peter Holland\hollape01,23,TOR,C,39,5,5,10,1,16,0.9,4,1,0,0,5,0,0,40,12.5,452,11:35,21,46,170,194,46.7,2014
365,Peter Holland\hollape01,23,ANA,C,4,1,0,1,-1,2,0.1,1,0,0,0,0,0,0,3,33.3,36,09:06,1,0,12,19,38.7,2014
366,Roman Horak\horakro01,22,TOT,C,3,1,0,1,-1,0,0.1,1,0,0,0,0,0,0,2,50,28,09:25,4,0,4,2,66.7,2014
366,Roman Horak\horakro01,22,EDM,C,2,1,0,1,-1,0,0.1,1,0,0,0,0,0,0,2,50,24,12:06,3,0,4,1,80,2014
366,Roman Horak\horakro01,22,CGY,C,1,0,0,0,0,0,0,0,0,0,0,0,0,0,0,,4,04:04,1,0,0,1,0,2014
367,Shawn Horcoff\horcosh01,35,DAL,C,77,7,13,20,1,52,1.3,2,4,1,0,13,0,0,68,10.3,990,12:52,28,62,209,208,50.1,2014
368,Patric Hornqvist\hornqpa01,27,NSH,RW,76,22,31,53,1,28,6.3,15,7,0,6,21,10,0,248,8.9,1281,16:52,34,77,0,6,0,2014
369,Nathan Horton\hortona01,28,CBJ,RW,36,5,14,19,-3,24,1.6,3,2,0,2,12,2,0,48,10.4,556,15:27,14,53,1,0,100,2014
370,Marian Hossa\hossama01,35,CHI,RW,72,30,30,60,28,20,8.6,23,4,3,4,20,9,1,241,12.4,1316,18:16,26,43,1,2,33.3,2014
371,Quinton Howden\howdequ01,22,FLA,C,16,4,2,6,0,10,0.8,3,0,1,0,2,0,0,23,17.4,220,13:43,11,32,2,6,25,2014
372,Jonathan Huberdeau\huberjo01,20,FLA,LW,69,9,19,28,-5,37,2.2,7,2,0,1,16,3,0,108,8.3,1081,15:40,23,73,5,6,45.5,2014
373,Jiri Hudler\hudleji01,30,CGY,C,75,17,37,54,4,16,5.9,15,2,0,1,26,11,0,109,15.6,1413,18:51,15,35,4,18,18.2,2014
374,Brad Hunt\huntbr01,25,EDM,D,3,0,0,0,-3,0,-0.2,0,0,0,0,0,0,0,1,0,38,12:36,2,0,0,0,,2014
375,Matt Hunwick\hunwima01,28,COL,D,1,0,0,0,0,0,0,0,0,0,0,0,0,0,1,0,17,17:27,2,1,0,0,,2014
376,Jarome Iginla\iginlja01,36,BOS,RW,78,30,31,61,34,47,8.9,26,4,0,8,21,10,0,209,14.4,1421,18:13,27,142,8,29,21.6,2014
377,Matt Irwin\irwinma01,26,SJS,D,62,2,17,19,5,35,3.7,1,1,0,0,12,6,0,147,1.4,1167,18:49,93,62,0,1,0,2014
378,Barret Jackman\jackmba01,32,STL,D,79,3,12,15,11,97,4.4,3,0,0,1,12,0,0,83,3.6,1416,17:56,130,96,0,1,0,2014
379,Tim Jackman\jackmti01,32,TOT,RW,36,4,1,5,-3,103,0.4,4,0,0,0,1,0,0,46,8.7,256,07:06,4,69,2,1,66.7,2014
379,Tim Jackman\jackmti01,32,ANA,RW,26,3,1,4,-2,62,0.3,3,0,0,0,1,0,0,37,8.1,192,07:23,2,53,2,0,100,2014
379,Tim Jackman\jackmti01,32,CGY,RW,10,1,0,1,-1,41,0.1,1,0,0,0,0,0,0,9,11.1,64,06:23,2,16,0,1,0,2014
380,Jaromir Jagr\jagrja01,41,NJD,RW,82,24,43,67,16,46,8.7,19,5,0,6,31,12,0,231,10.4,1571,19:10,9,4,0,2,0,2014
381,Cam Janssen\janssca01,29,NJD,RW,24,3,0,3,3,22,0.6,3,0,0,0,0,0,0,11,27.3,118,04:55,3,32,0,0,,2014
382,Calle Jarnkrok\jarnkca01,22,NSH,C,12,2,7,9,7,4,1.2,2,0,0,0,6,1,0,13,15.4,169,14:04,4,2,58,89,39.5,2014
383,Dmitrij Jaskin\jaskidm01,20,STL,RW,18,1,1,2,-3,8,-0.1,1,0,0,0,1,0,0,18,5.6,191,10:37,5,40,1,1,50,2014
384,Dustin Jeffrey\jeffrdu01,25,TOT,C,34,2,2,4,-4,2,-0.1,2,0,0,0,2,0,0,30,6.7,325,09:34,4,6,50,57,46.7,2014
384,Dustin Jeffrey\jeffrdu01,25,DAL,C,24,2,1,3,-2,0,0.1,2,0,0,0,1,0,0,21,9.5,217,09:03,4,2,42,52,44.7,2014
384,Dustin Jeffrey\jeffrdu01,25,PIT,C,10,0,1,1,-2,2,-0.2,0,0,0,0,1,0,0,9,0,108,10:50,0,4,8,5,61.5,2014
385,Boone Jenner\jennebo01,20,CBJ,C,72,16,13,29,6,45,3.6,12,4,0,5,10,3,0,127,12.6,1014,14:05,36,211,14,16,46.7,2014
386,Nicklas Jensen\jenseni01,20,VAN,LW,17,3,3,6,-1,10,0.6,3,0,0,1,2,1,0,30,10,266,15:38,6,7,0,1,0,2014
387,Jesse Joensuu\joensje01,26,EDM,LW,42,3,2,5,-16,16,-0.4,2,1,0,1,2,0,0,41,7.3,392,09:19,18,63,0,5,0,2014
388,Ryan Johansen\johanry01,21,CBJ,C,82,33,30,63,3,43,8.6,26,7,0,5,17,13,0,237,13.9,1447,17:39,37,114,682,611,52.7,2014
389,Marcus Johansson\johanma03,23,WSH,C,80,8,36,44,-21,4,2.5,2,6,0,1,21,15,0,107,7.5,1403,17:32,27,49,95,179,34.7,2014
390,Erik Johnson\johnser01,25,COL,D,80,9,30,39,5,61,6.5,7,2,0,2,18,12,0,157,5.7,1841,23:00,130,136,0,0,,2014
391,Jack Johnson\johnsja02,27,CBJ,D,82,5,28,33,-7,48,5.7,1,4,0,0,14,14,0,147,3.4,2024,00:41,127,180,0,1,0,2014
392,Justin Johnson\johnsju01,32,NYI,RW,2,0,0,0,-1,7,-0.1,0,0,0,0,0,0,0,0,,13,06:29,0,6,0,0,,2014
393,Nick Johnson\johnsni01,28,BOS,RW,9,0,0,0,-4,0,-0.3,0,0,0,0,0,0,0,10,0,87,09:42,5,3,0,0,,2014
394,Tyler Johnson\johnsty01,23,TBL,C,82,24,26,50,23,26,6.5,14,5,5,4,20,5,1,181,13.3,1540,18:47,37,55,614,661,48.2,2014
395,Jussi Jokinen\jokinju01,30,PIT,LW,81,21,36,57,12,18,7.1,15,6,0,4,21,15,0,172,12.2,1272,15:42,31,34,160,139,53.5,2014
396,Olli Jokinen\jokinol01,35,WPG,C,82,18,25,43,-8,62,4,16,2,0,1,19,6,0,171,10.5,1396,17:01,45,120,612,718,46,2014
397,Blair Jones\jonesbl01,27,CGY,C,14,2,0,2,0,21,0.2,1,0,1,0,0,0,0,14,14.3,159,11:23,5,30,36,40,47.4,2014
398,David Jones\jonesda01,29,CGY,RW,48,9,8,17,1,10,1.8,7,2,0,1,8,0,0,104,8.7,742,15:28,31,102,38,35,52.1,2014
399,Ryan Jones\jonesry01,29,EDM,LW,52,2,4,6,0,40,0.1,2,0,0,1,4,0,0,59,3.4,512,09:50,21,74,2,4,33.3,2014
400,Seth Jones\jonesse01,19,NSH,D,77,6,19,25,-23,24,3,4,2,0,2,12,7,0,100,6,1511,19:37,99,55,0,0,,2014
401,Jacob Josefson\josefja01,22,NJD,C,27,1,2,3,0,4,0.1,0,0,1,0,2,0,0,21,4.8,274,10:08,4,15,83,85,49.4,2014
402,Roman Josi\josiro01,23,NSH,D,72,13,27,40,-2,18,7.6,10,3,0,2,17,10,0,168,7.7,1902,02:25,150,32,0,0,,2014
403,Ed Jovanovski\jovaned01,37,FLA,D,37,1,4,5,-6,39,0.6,1,0,0,0,2,1,1,44,2.3,598,16:10,42,34,0,0,,2014
404,Tomas Jurco\jurcoto01,21,DET,RW,36,8,7,15,0,14,1.8,6,2,0,0,6,1,0,77,10.4,485,13:28,9,67,0,0,,2014
405,Nazem Kadri\kadrina01,23,TOR,C,78,20,30,50,-11,67,5.2,13,7,0,2,19,11,0,148,13.5,1356,17:23,34,141,510,617,45.3,2014
406,Patrick Kaleta\kaletpa01,27,BUF,RW,5,0,0,0,-1,5,-0.1,0,0,0,0,0,0,0,0,,42,08:21,1,11,1,0,100,2014
407,Evander Kane\kaneev01,22,WPG,LW,63,19,22,41,-7,66,4.1,16,1,2,4,18,4,0,250,7.6,1278,20:17,36,173,45,60,42.9,2014
408,Patrick Kane\kanepa01,25,CHI,RW,69,29,40,69,7,22,8.6,19,10,0,6,25,15,0,227,12.8,1353,19:37,15,16,4,4,50,2014
409,Erik Karlsson\karlser01,23,OTT,D,82,20,54,74,-15,36,10.3,15,5,0,1,28,26,0,257,7.8,2220,03:04,101,122,0,0,,2014
410,Matt Kassian\kassima01,27,OTT,LW,33,1,1,2,-1,63,0,1,0,0,0,1,0,0,12,8.3,146,04:26,3,52,0,0,,2014
411,Zack Kassian\kassiza01,23,VAN,RW,73,14,15,29,-4,124,3.3,13,1,0,2,15,0,0,91,15.4,944,12:56,6,91,6,15,28.6,2014
412,Bracken Kearns\kearnbr01,32,SJS,LW,25,3,2,5,-2,6,0.2,2,1,0,0,2,0,0,37,8.1,330,13:12,16,45,30,41,42.3,2014
413,Duncan Keith\keithdu01,30,CHI,D,79,6,55,61,22,28,10,3,3,0,3,36,18,1,198,3,1947,00:39,89,36,0,0,,2014
414,Chris Kelly\kellych01,33,BOS,C,57,9,9,18,2,32,1.5,8,0,1,0,9,0,0,69,13,838,14:42,29,72,283,296,48.9,2014
415,Tim Kennedy\kenneti01,27,PHX,LW,37,2,6,8,0,4,0.4,2,0,0,0,6,0,0,42,4.8,435,11:46,21,62,18,31,36.7,2014
416,Tyler Kennedy\kennety01,27,SJS,RW,67,4,13,17,-10,34,0.4,4,0,0,1,12,1,0,143,2.8,852,12:43,11,54,57,79,41.9,2014
417,Ryan Kesler\keslery01,29,VAN,C,77,25,18,43,-15,81,4.6,15,9,1,5,11,7,0,239,10.5,1680,21:49,68,133,740,666,52.6,2014
418,Phil Kessel\kesseph01,26,TOR,RW,82,37,43,80,-5,27,10.3,29,8,0,6,31,12,0,305,12.1,1695,20:40,30,25,2,12,14.3,2014
419,Alexander Khokhlachev\khokhal01,20,BOS,C,1,0,0,0,0,2,0,0,0,0,0,0,0,0,2,0,15,15:14,0,1,8,9,47.1,2014
420,Alex Killorn\killoal01,24,TBL,C,82,17,24,41,8,63,4.3,14,3,0,2,19,5,0,173,9.8,1376,16:47,31,77,74,98,43,2014
421,Jakub Kindl\kindlja01,26,DET,D,66,2,17,19,-4,24,3,2,0,0,0,10,7,0,93,2.2,1137,17:14,42,57,0,0,,2014
422,Dwight King\kingdw01,24,LAK,LW,77,15,15,30,16,18,4,13,0,2,3,14,1,0,111,13.5,1158,15:03,17,114,2,3,40,2014
423,Oscar Klefbom\klefbos01,20,EDM,D,17,1,2,3,-6,0,0.2,1,0,0,0,2,0,0,14,7.1,269,15:48,25,6,0,0,,2014
424,Kevin Klein\kleinke01,29,TOT,D,77,2,7,9,-7,21,2,2,0,0,0,7,0,0,73,2.7,1335,17:20,137,111,0,0,,2014
424,Kevin Klein\kleinke01,29,NSH,D,47,1,2,3,-11,21,0.4,1,0,0,0,2,0,0,49,2,884,18:48,94,75,0,0,,2014
424,Kevin Klein\kleinke01,29,NYR,D,30,1,5,6,4,0,1.7,1,0,0,0,5,0,0,24,4.2,451,15:01,43,36,0,0,,2014
425,Rostislav Klesla\kleslro01,31,PHX,D,25,1,3,4,-3,24,0.7,1,0,0,0,3,0,0,22,4.5,388,15:31,25,41,0,0,,2014
426,Carl Klingberg\klingca01,23,WPG,LW,3,1,0,1,2,0,0.3,1,0,0,0,0,0,0,3,33.3,27,08:52,1,2,0,0,,2014
427,Rob Klinkhammer\klinkro01,27,PHX,C,72,11,9,20,6,19,2.3,10,1,0,1,9,0,0,103,10.7,818,11:22,7,168,1,5,16.7,2014
428,Corban Knight\knighco01,23,CGY,C,7,1,0,1,-1,0,0.1,1,0,0,0,0,0,0,4,25,56,07:56,4,9,24,27,47.1,2014
429,Chuck Kobasew\kobasch01,31,PIT,RW,33,2,0,2,1,15,-0.1,2,0,0,2,0,0,0,37,5.4,370,11:13,18,49,1,1,50,2014
430,Mikko Koivu\koivumi01,30,MIN,C,65,11,43,54,0,24,5,9,2,0,4,25,16,2,147,7.5,1361,20:56,32,33,719,592,54.8,2014
431,Saku Koivu\koivusa01,39,ANA,C,65,11,18,29,3,46,2.6,10,0,1,1,15,0,3,81,13.6,978,15:03,30,29,538,529,50.4,2014
432,Mike Komisarek\komismi01,32,CAR,D,32,0,4,4,-4,14,0.5,0,0,0,0,4,0,0,20,0,374,11:42,27,70,0,0,,2014
433,Zenon Konopka\konopze01,33,TOT,C,59,1,2,3,-9,88,-0.6,1,0,0,0,2,0,0,21,4.8,466,07:54,26,46,345,222,60.8,2014
433,Zenon Konopka\konopze01,33,MIN,C,36,1,1,2,-5,55,-0.3,1,0,0,0,1,0,0,15,6.7,262,07:17,11,21,157,82,65.7,2014
433,Zenon Konopka\konopze01,33,BUF,C,23,0,1,1,-4,33,-0.3,0,0,0,0,1,0,0,6,0,204,08:53,15,25,188,140,57.3,2014
434,Tomas Kopecky\kopecto01,31,FLA,RW,49,4,8,12,0,18,0.5,3,0,1,0,8,0,0,95,4.2,778,15:53,19,31,8,21,27.6,2014
435,Anze Kopitar\kopitan01,26,LAK,C,82,29,41,70,34,24,10,19,10,0,9,28,13,0,200,14.5,1713,20:53,44,90,773,678,53.3,2014
436,Dmitry Korobov\korobdm01,24,TBL,D,3,0,1,1,0,2,0.1,0,0,0,0,1,0,0,0,,32,10:41,0,5,0,0,,2014
437,Lauri Korpikoski\korpila01,27,PHX,LW,64,9,16,25,-7,24,1.7,8,1,0,0,12,1,3,109,8.3,1029,16:05,38,136,5,12,29.4,2014
438,Mike Kostka\kostkmi01,28,TOT,D,28,4,7,11,10,8,2.8,4,0,0,1,7,0,0,49,8.2,432,15:26,33,26,0,0,,2014
438,Mike Kostka\kostkmi01,28,TBL,D,19,2,6,8,7,0,1.9,2,0,0,0,6,0,0,31,6.5,302,15:54,26,12,0,0,,2014
438,Mike Kostka\kostkmi01,28,CHI,D,9,2,1,3,3,8,0.9,2,0,0,1,1,0,0,18,11.1,130,14:26,7,14,0,0,,2014
439,Chris Kreider\kreidch01,22,NYR,LW,66,17,20,37,14,72,5.1,11,6,0,0,14,6,0,136,12.5,1038,15:44,18,146,8,11,42.1,2014
440,David Krejci\krejcda01,27,BOS,C,80,19,50,69,39,28,8.6,16,3,0,6,34,16,0,169,11.2,1530,19:07,56,75,618,590,51.2,2014
441,Niklas Kronwall\kronwni01,33,DET,D,79,8,41,49,0,44,8.1,3,5,0,0,20,20,1,110,7.3,1921,00:19,154,93,0,0,,2014
442,Torey Krug\krugto01,22,BOS,D,79,14,26,40,18,28,8.1,8,6,0,2,13,13,0,183,7.7,1383,17:31,77,50,1,1,50,2014
443,Marcus Kruger\krugema01,23,CHI,C,81,8,20,28,6,36,2,8,0,0,2,19,0,1,96,8.3,1124,13:52,70,22,438,335,56.7,2014
444,Nikita Kucherov\kucheni01,20,TBL,RW,52,9,9,18,3,14,1.9,6,3,0,3,8,1,0,102,8.8,682,13:07,19,15,1,0,100,2014
445,Nikolai Kulemin\kulemni01,27,TOR,LW,70,9,11,20,-4,24,1.1,9,0,0,4,11,0,0,81,11.1,1136,16:14,63,153,38,70,35.2,2014
446,Dmitry Kulikov\kulikdm01,23,FLA,D,81,8,11,19,-26,66,2.3,5,2,1,0,8,3,0,127,6.3,1757,21:42,92,125,0,0,,2014
447,Chris Kunitz\kunitch01,34,PIT,LW,78,35,33,68,25,66,10.1,22,13,0,8,24,9,0,218,16.1,1494,19:09,25,157,3,1,75,2014
448,Cody Kunyk\kunykco01,23,TBL,LW,1,0,0,0,0,0,0,0,0,0,0,0,0,0,2,0,10,10:12,1,1,1,4,20,2014
449,Evgeny Kuznetsov\kuzneev01,21,WSH,C,17,3,6,9,-2,6,0.9,2,0,1,0,4,2,0,22,13.6,229,13:28,2,7,5,22,18.5,2014
450,Pierre-Cedric Labrie\labripi01,27,TBL,LW,13,0,0,0,-4,20,-0.3,0,0,0,0,0,0,0,2,0,89,06:53,2,24,2,0,100,2014
451,Andrew Ladd\laddan01,28,WPG,LW,78,23,31,54,8,57,6.2,19,4,0,2,21,8,2,189,12.2,1539,19:44,42,154,24,38,38.7,2014
452,Brooks Laich\laichbr01,30,WSH,C,51,8,7,15,-7,16,0.8,6,1,1,1,4,2,1,75,10.7,880,17:15,35,62,203,257,44.1,2014
453,Kellan Lain\lainke01,24,VAN,LW,9,1,0,1,1,21,0.2,1,0,0,0,0,0,0,7,14.3,47,05:13,1,7,18,19,48.6,2014
454,Anton Lander\landean01,22,EDM,C,27,0,1,1,-10,4,-0.9,0,0,0,0,1,0,0,18,0,368,13:38,8,29,71,89,44.4,2014
455,Gabriel Landeskog\landega01,21,COL,LW,81,26,39,65,21,71,8.1,21,5,0,4,34,5,0,222,11.7,1513,18:41,52,176,13,5,72.2,2014
456,Maxim Lapierre\lapiema01,28,STL,C,71,9,6,15,-3,78,1.2,9,0,0,1,6,0,0,78,11.5,793,11:10,18,87,301,292,50.8,2014
457,Philip Larsen\larseph01,24,EDM,D,30,3,9,12,-4,8,1.9,2,1,0,0,4,4,1,47,6.4,515,17:10,31,44,0,0,,2014
458,Adam Larsson\larssad01,21,NJD,D,26,1,2,3,-1,12,1,1,0,0,1,2,0,0,20,5,462,17:47,37,41,0,0,,2014
459,Johan Larsson\larssjo02,21,BUF,LW,28,0,4,4,0,19,0,0,0,0,0,4,0,0,21,0,377,13:27,19,52,135,150,47.4,2014
460,Brian Lashoff\lashobr01,23,DET,D,75,1,5,6,-2,36,1.5,1,0,0,0,5,0,0,38,2.6,1082,14:26,93,65,0,0,,2014
461,Michael Latta\lattami01,22,WSH,C,17,1,3,4,0,12,0.3,1,0,0,0,3,0,0,6,16.7,131,07:43,2,14,60,55,52.2,2014
462,Louis Leblanc\leblalo01,23,MTL,C,8,0,0,0,1,4,-0.1,0,0,0,0,0,0,0,7,0,79,09:52,7,3,2,2,50,2014
463,Peter LeBlanc\leblape01,25,WSH,C,1,0,0,0,0,0,0,0,0,0,0,0,0,0,0,,9,09:26,1,2,0,0,,2014
464,Vincent Lecavalier\lecavvi01,33,PHI,C,69,20,17,37,-16,44,3.9,12,8,0,3,12,5,0,132,15.2,1048,15:11,19,77,200,248,44.6,2014
465,Nick Leddy\leddyni01,22,CHI,D,82,7,24,31,10,10,5.5,3,4,0,1,18,6,0,123,5.7,1342,16:22,45,52,0,0,,2014
466,Anders Lee\leean01,23,NYI,C,22,9,5,14,3,14,2.1,7,2,0,0,5,0,0,68,13.2,346,15:43,2,48,1,5,16.7,2014
467,David Legwand\legwada01,33,TOT,C,83,14,37,51,-17,61,4.2,8,6,0,4,24,13,0,146,9.6,1409,16:59,38,49,585,571,50.6,2014
467,David Legwand\legwada01,33,NSH,C,62,10,30,40,-8,30,3.4,6,4,0,2,18,12,0,107,9.3,1067,17:13,29,30,454,434,51.1,2014
467,David Legwand\legwada01,33,DET,C,21,4,7,11,-9,31,0.7,2,2,0,2,6,1,0,39,10.3,342,16:16,9,19,131,137,48.9,2014
468,Ville Leino\leinovi01,30,BUF,LW,58,0,15,15,-16,10,-0.1,0,0,0,0,9,6,0,38,0,837,14:26,25,26,125,162,43.6,2014
469,Josh Leivo\leivojo01,20,TOR,RW,7,1,1,2,0,0,0.2,1,0,0,0,1,0,0,4,25,69,09:52,0,5,0,1,0,2014
470,Jordan Leopold\leopojo01,33,STL,D,27,1,5,6,1,6,1.3,1,0,0,0,3,2,0,40,2.5,421,15:36,24,8,0,0,,2014
471,Lucas Lessio\lessilu01,21,PHX,LW,3,0,0,0,-2,2,-0.1,0,0,0,0,0,0,0,4,0,35,11:32,0,2,0,0,,2014
472,Kris Letang\letankr01,26,PIT,D,37,11,11,22,-8,16,4,5,6,0,1,5,6,0,108,10.2,897,00:14,51,43,0,0,,2014
473,Mark Letestu\letesma01,28,CBJ,C,82,12,22,34,1,20,3.2,6,5,1,1,14,6,2,122,9.8,1205,14:41,24,63,373,352,51.4,2014
474,Pierre-Luc Letourneau-Leblond\letoupi01,28,PIT,RW,1,0,0,0,0,0,0,0,0,0,0,0,0,0,1,0,5,04:34,1,0,0,0,,2014
475,Trevor Lewis\lewistr01,27,LAK,C,73,6,5,11,-1,6,0.4,5,0,1,2,5,0,0,111,5.4,968,13:15,36,145,127,135,48.5,2014
476,John-Michael Liles\lilesjo01,33,TOT,D,41,2,7,9,5,8,2.5,1,1,0,0,4,3,0,56,3.6,806,19:39,80,50,1,0,100,2014
476,John-Michael Liles\lilesjo01,33,CAR,D,35,2,7,9,7,8,2.6,1,1,0,0,4,3,0,51,3.9,703,20:06,70,35,0,0,,2014
476,John-Michael Liles\lilesjo01,33,TOR,D,6,0,0,0,-2,0,-0.1,0,0,0,0,0,0,0,5,0,102,17:04,10,15,1,0,100,2014
477,Matt Lindblad\lindbma01,23,BOS,C,2,0,0,0,0,0,0,0,0,0,0,0,0,0,0,,24,11:46,0,0,2,0,100,2014
478,Elias Lindholm\lindhel01,19,CAR,C,58,9,12,21,-14,4,1.5,5,4,0,2,9,3,0,70,12.9,843,14:32,17,51,106,123,46.3,2014
479,Hampus Lindholm\lindhha01,20,ANA,D,78,6,24,30,29,36,6.6,5,1,0,1,21,3,0,116,5.2,1516,19:26,61,54,0,1,0,2014
480,Bryan Little\littlbr01,26,WPG,RW,82,23,41,64,8,58,7.2,13,8,2,1,32,7,2,170,13.5,1640,20:00,38,84,785,868,47.5,2014
481,Andrei Loktionov\loktian01,23,TOT,C,68,7,15,22,-2,14,1.9,5,2,0,2,11,4,0,78,9,883,12:59,15,33,154,215,41.7,2014
481,Andrei Loktionov\loktian01,23,NJD,C,48,4,8,12,2,12,1,4,0,0,1,8,0,0,44,9.1,591,12:19,8,23,135,180,42.9,2014
481,Andrei Loktionov\loktian01,23,CAR,C,20,3,7,10,-4,2,0.9,1,2,0,1,3,4,0,34,8.8,292,14:36,7,10,19,35,35.2,2014
482,Ben Lovejoy\lovejbe01,29,ANA,D,78,5,13,18,21,39,4.5,5,0,0,2,12,1,0,107,4.7,1513,19:24,150,215,0,0,,2014
483,Milan Lucic\lucicmi01,25,BOS,LW,80,24,35,59,30,91,7.9,21,3,0,5,26,9,0,153,15.7,1390,17:23,22,240,61,70,46.6,2014
484,Joffrey Lupul\lupuljo01,30,TOR,LW,69,22,22,44,-15,44,4.7,16,6,0,1,16,6,0,191,11.5,1274,18:28,35,118,24,31,43.6,2014
485,Olli Maatta\maattol01,19,PIT,D,78,9,20,29,8,14,6.6,5,3,1,1,17,3,0,119,7.6,1443,18:30,112,41,0,0,,2014
486,Clarke MacArthur\macarcl01,28,OTT,LW,79,24,31,55,12,78,6.8,15,8,1,5,22,7,2,159,15.1,1393,17:38,20,108,15,17,46.9,2014
487,Lane MacDermid\macdela01,24,TOT,LW,7,0,2,2,1,12,0.2,0,0,0,0,2,0,0,1,0,39,05:34,3,10,1,1,50,2014
487,Lane MacDermid\macdela01,24,DAL,LW,6,0,2,2,2,5,0.2,0,0,0,0,2,0,0,1,0,35,05:49,3,7,1,1,50,2014
487,Lane MacDermid\macdela01,24,CGY,LW,1,0,0,0,-1,7,0,0,0,0,0,0,0,0,0,,4,04:08,0,3,0,0,,2014
488,Andrew MacDonald\macdoan01,27,TOT,D,82,4,24,28,-22,50,3.3,2,2,0,2,14,9,1,92,4.3,2020,00:38,242,69,0,0,,2014
488,Andrew MacDonald\macdoan01,27,NYI,D,63,4,20,24,-19,34,2.8,2,2,0,2,10,9,1,72,5.6,1602,01:25,198,48,0,0,,2014
488,Andrew MacDonald\macdoan01,27,PHI,D,19,0,4,4,-3,16,0.5,0,0,0,0,4,0,0,20,0,418,22:00,44,21,0,0,,2014
489,Derek MacKenzie\mackede01,32,CBJ,C,71,9,9,18,0,47,1.7,7,0,2,0,8,0,1,70,12.9,800,11:16,32,237,251,236,51.5,2014
490,Nathan MacKinnon\mackina01,18,COL,C,82,24,39,63,20,26,7.7,16,8,0,5,30,9,0,241,10,1422,17:21,45,57,194,258,42.9,2014
491,Manny Malhotra\malhoma01,33,CAR,C,69,7,6,13,0,18,1.1,7,0,0,1,5,0,1,53,13.2,800,11:36,56,82,566,386,59.5,2014
492,Evgeni Malkin\malkiev01,27,PIT,C,60,23,49,72,10,62,9.1,16,7,0,3,26,23,0,191,12,1204,20:04,18,27,303,318,48.8,2014
493,Brad Malone\malonbr01,24,COL,C,32,3,2,5,-4,23,0.3,3,0,0,0,2,0,0,16,18.8,217,06:46,5,79,45,51,46.9,2014
494,Ryan Malone\malonry01,34,TBL,LW,57,5,10,15,-7,67,0.7,5,0,0,0,7,3,0,95,5.3,671,11:47,26,75,2,5,28.6,2014
495,Brad Marchand\marchbr03,25,BOS,LW,82,25,28,53,36,64,7.8,19,1,5,5,27,1,0,149,16.8,1308,15:57,23,73,6,17,26.1,2014
496,Alexey Marchenko\marchal01,22,DET,D,1,0,0,0,2,2,0.2,0,0,0,0,0,0,0,0,,13,13:21,0,0,0,0,,2014
497,Martin Marincin\marinma01,21,EDM,D,44,0,6,6,-2,16,1.4,0,0,0,0,4,1,1,28,0,843,19:10,60,17,0,0,,2014
498,Andrei Markov\markoan01,35,MTL,D,81,7,36,43,12,34,9.2,4,2,1,1,17,19,0,131,5.3,2044,01:14,180,49,0,0,,2014
499,Patrick Marleau\marlepa01,34,SJS,LW,82,33,37,70,0,18,8.6,20,11,2,4,25,12,0,285,11.6,1683,20:31,29,85,163,145,52.9,2014
500,Pat Maroon\maroopa01,25,ANA,LW,62,11,18,29,11,101,3.4,10,1,0,3,15,3,0,93,11.8,763,12:19,16,124,7,8,46.7,2014
501,Matt Martin\martima02,24,NYI,LW,79,8,6,14,-11,90,0.4,8,0,0,3,6,0,0,120,6.7,940,11:54,42,359,3,6,33.3,2014
502,Paul Martin\martipa01,32,PIT,D,39,3,12,15,-4,10,2.8,2,1,0,2,4,8,0,54,5.6,958,00:34,74,30,0,0,,2014
503,Radek Martinek\martira01,37,NYI,D,13,0,3,3,4,4,0.8,0,0,0,0,3,0,0,12,0,201,15:29,9,9,0,0,,2014
504,Alec Martinez\martial01,26,LAK,D,61,11,11,22,17,14,6.5,8,3,0,2,6,5,0,79,13.9,957,15:41,75,96,0,0,,2014
505,Brandon Mashinter\mashibr01,25,NYR,LW,6,0,0,0,-1,10,-0.1,0,0,0,0,0,0,0,3,0,27,04:34,1,5,0,0,,2014
506,Shawn Matthias\matthsh01,25,TOT,C,77,12,11,23,-3,26,2.2,12,0,0,0,11,0,0,127,9.4,1002,13:01,29,93,183,250,42.3,2014
506,Shawn Matthias\matthsh01,25,FLA,C,59,9,7,16,0,14,1.6,9,0,0,0,7,0,0,88,10.2,722,12:14,17,73,80,129,38.3,2014
506,Shawn Matthias\matthsh01,25,VAN,C,18,3,4,7,-3,12,0.6,3,0,0,0,4,0,0,39,7.7,281,15:35,12,20,103,121,46,2014
507,Scott Mayfield\mayfisc01,21,NYI,D,5,0,0,0,-3,7,-0.2,0,0,0,0,0,0,0,7,0,87,17:22,8,7,0,0,,2014
508,Jamie McBain\mcbaija02,25,BUF,D,69,6,11,17,-13,14,3.9,4,2,0,0,7,3,1,98,6.1,1391,20:10,113,34,0,0,,2014
509,Jake McCabe\mccabja01,20,BUF,D,7,0,1,1,-3,15,0,0,0,0,0,1,0,0,1,0,107,15:13,10,5,0,0,,2014
510,John McCarthy\mccarjo01,27,SJS,C,36,1,1,2,-11,4,-0.8,1,0,0,0,1,0,0,49,2,398,11:03,17,25,71,62,53.4,2014
511,Jay McClement\mccleja01,30,TOR,C,81,4,6,10,-8,32,-0.9,4,0,0,1,5,0,1,67,6,1196,14:46,57,141,676,584,53.7,2014
512,Cody McCormick\mccorco01,30,TOT,C,43,2,5,7,-6,52,0.2,2,0,0,0,5,0,0,26,7.7,383,08:55,21,76,89,109,44.9,2014
512,Cody McCormick\mccorco01,30,BUF,C,29,1,4,5,-8,45,0,1,0,0,0,4,0,0,20,5,246,08:29,13,60,67,86,43.8,2014
512,Cody McCormick\mccorco01,30,MIN,C,14,1,1,2,2,7,0.2,1,0,0,0,1,0,0,6,16.7,137,09:47,8,16,22,23,48.9,2014
513,Ryan McDonagh\mcdonry01,24,NYR,D,77,14,29,43,11,36,9.8,9,2,3,4,17,11,1,177,7.9,1911,00:49,131,88,0,0,,2014
514,Colin McDonald\mcdonco01,29,NYI,RW,70,8,10,18,-22,34,0.5,8,0,0,0,10,0,0,96,8.3,867,12:23,15,217,7,8,46.7,2014
515,Jamie McGinn\mcginja01,25,COL,LW,79,19,19,38,-3,30,3.8,14,5,0,3,15,4,0,167,11.4,1247,15:47,35,140,1,1,50,2014
516,Tye McGinn\mcginty01,23,PHI,LW,18,4,1,5,-1,4,0.6,4,0,0,0,1,0,0,16,25,201,11:11,7,26,0,0,,2014
517,Brian McGrattan\mcgrabr01,32,CGY,RW,76,4,4,8,-4,100,0.4,4,0,0,0,4,0,0,79,5.1,511,06:43,23,82,2,1,66.7,2014
518,Dylan McIlrath\mcilrdy01,21,NYR,D,2,0,0,0,-1,7,-0.1,0,0,0,0,0,0,0,0,,14,07:02,1,2,0,0,,2014
519,Greg McKegg\mckeggr01,21,TOR,C,1,0,0,0,0,0,0,0,0,0,0,0,0,0,1,0,4,03:43,0,2,1,5,16.7,2014
520,Frazer McLaren\mclarfr01,26,TOR,LW,27,0,0,0,-2,77,-0.3,0,0,0,0,0,0,0,4,0,108,04:00,3,24,1,0,100,2014
521,Cody McLeod\mcleoco01,29,COL,LW,71,5,8,13,2,122,0.6,4,0,1,0,8,0,0,76,6.6,733,10:20,33,148,2,8,20,2014
522,Brandon McMillan\mcmilbr01,23,PHX,LW,22,2,4,6,0,4,0.4,2,0,0,0,4,0,0,35,5.7,277,12:35,7,50,7,7,50,2014
523,Carson McMillan\mcmilca01,25,MIN,RW,1,0,0,0,0,0,0,0,0,0,0,0,0,0,0,,8,08:06,2,0,0,0,,2014
524,Brayden McNabb\mcnabbr01,23,BUF,D,12,0,0,0,1,6,0.4,0,0,0,0,0,0,0,10,0,207,17:14,12,25,0,0,,2014
525,Adam McQuaid\mcquaad01,27,BOS,D,30,1,5,6,12,69,2,1,0,0,0,5,0,0,25,4,481,16:03,42,54,0,0,,2014
526,Jayson Megna\megnaja01,23,PIT,C,36,5,4,9,1,6,1,5,0,0,2,4,0,0,36,13.9,377,10:29,13,47,2,8,20,2014
527,Julian Melchiori\melchju01,22,WPG,D,1,0,0,0,-1,0,-0.1,0,0,0,0,0,0,0,0,,9,08:41,1,1,0,0,,2014
528,Jonathon Merrill\merrijo01,21,NJD,D,52,2,9,11,-3,12,2.6,2,0,0,2,7,2,0,45,4.4,1000,19:14,41,27,0,0,,2014
529,Andrej Meszaros\meszaan01,28,TOT,D,52,7,15,22,5,40,4.3,6,1,0,0,14,1,0,84,8.3,925,17:47,64,67,0,0,,2014
529,Andrej Meszaros\meszaan01,28,PHI,D,38,5,12,17,1,34,3,5,0,0,0,11,1,0,62,8.1,660,17:22,49,54,0,0,,2014
529,Andrej Meszaros\meszaan01,28,BOS,D,14,2,3,5,4,6,1.2,1,1,0,0,3,0,0,22,9.1,265,18:54,15,13,0,0,,2014
530,Marc Methot\methoma01,28,OTT,D,75,6,17,23,0,28,4.1,6,0,0,1,14,3,0,117,5.1,1632,21:45,110,181,0,0,,2014
531,Milan Michalek\michami01,29,OTT,LW,82,17,22,39,-25,41,2.5,13,4,0,1,18,4,0,169,10.1,1442,17:35,31,86,6,8,42.9,2014
532,Zbynek Michalek\michazb01,31,PHX,D,59,2,8,10,6,24,3.1,2,0,0,1,8,0,0,78,2.6,1238,20:59,165,55,0,0,,2014
533,Andy Miele\mielean01,25,PHX,C,7,0,2,2,4,5,0.3,0,0,0,0,2,0,0,6,0,65,09:21,2,4,15,27,35.7,2014
534,Drew Miller\milledr01,29,DET,LW,82,7,8,15,-11,21,0,7,0,0,1,8,0,0,117,6,1159,14:08,63,122,9,14,39.1,2014
535,J.T. Miller\millejt01,20,NYR,C,30,3,3,6,-6,18,0.2,3,0,0,0,1,2,0,46,6.5,344,11:27,17,44,26,25,51,2014
536,Kevan Miller\milleke03,26,BOS,D,47,1,5,6,20,38,2.8,1,0,0,1,5,0,0,41,2.4,821,17:28,85,103,0,0,,2014
537,Brad Mills\millsbr01,30,CHI,C,3,0,0,0,-1,0,-0.1,0,0,0,0,0,0,0,2,0,31,10:20,1,9,8,6,57.1,2014
538,John Mitchell\mitchjo01,29,COL,C,75,11,21,32,13,36,2.9,8,3,0,2,20,0,1,107,10.3,1220,16:16,51,112,374,374,50,2014
539,Torrey Mitchell\mitchto01,29,TOT,C,67,2,8,10,-3,25,0.1,2,0,0,0,8,0,0,56,3.6,729,10:53,25,60,12,19,38.7,2014
539,Torrey Mitchell\mitchto01,29,MIN,C,58,1,8,9,-3,21,0,1,0,0,0,8,0,0,47,2.1,588,10:08,20,49,9,15,37.5,2014
539,Torrey Mitchell\mitchto01,29,BUF,C,9,1,0,1,0,4,0,1,0,0,0,0,0,0,9,11.1,141,15:39,5,11,3,4,42.9,2014
540,Willie Mitchell\mitchwi01,36,LAK,D,76,1,11,12,14,58,4.7,1,0,0,0,9,2,0,73,1.4,1545,20:20,128,102,0,0,,2014
541,Travis Moen\moentr01,31,MTL,LW,65,2,10,12,2,49,0.5,2,0,0,0,9,0,1,56,3.6,749,11:32,54,92,7,1,87.5,2014
542,Sean Monahan\monahse01,19,CGY,C,75,22,12,34,-20,8,3.6,19,3,0,2,8,4,0,140,15.7,1198,15:59,23,42,476,560,45.9,2014
543,Dominic Moore\mooredo01,33,NYR,C,73,6,12,18,0,18,1.4,5,0,1,1,10,0,2,96,6.3,856,11:44,24,62,354,294,54.6,2014
544,John Moore\moorejo01,23,NYR,D,74,4,11,15,7,25,4.1,4,0,0,2,9,2,0,115,3.5,1134,15:20,57,59,0,0,,2014
545,Jeremy Morin\morinje01,22,CHI,LW,24,5,6,11,5,32,1.6,5,0,0,0,6,0,0,46,10.9,220,09:10,2,20,4,2,66.7,2014
546,Travis Morin\morintr01,30,DAL,C,4,0,1,1,2,0,0.1,0,0,0,0,1,0,0,4,0,41,10:20,1,0,19,19,50,2014
547,Derek Morris\morride01,35,PHX,D,63,5,12,17,-2,41,3.5,5,0,0,0,11,1,0,82,6.1,1225,19:27,104,99,0,0,,2014
548,Brenden Morrow\morrobr01,35,STL,LW,71,13,12,25,1,76,2.9,9,4,0,3,9,3,0,56,23.2,845,11:54,20,110,9,20,31,2014
549,Simon Moser\mosersi01,24,NSH,LW,6,1,1,2,0,2,0.2,1,0,0,0,1,0,0,7,14.3,61,10:08,1,5,0,0,,2014
550,Dave Moss\mossda01,32,PHX,RW,79,8,14,22,-1,18,1.3,8,0,0,1,12,2,0,151,5.3,1158,14:39,49,120,21,30,41.2,2014
551,Mike Mottau\mottami01,35,FLA,D,8,0,0,0,-3,4,-0.2,0,0,0,0,0,0,0,1,0,101,12:40,5,3,0,0,,2014
552,Matt Moulson\moulsma01,30,TOT,LW,75,23,28,51,2,34,6.5,14,9,0,5,18,10,0,176,13.1,1348,17:58,43,46,2,7,22.2,2014
552,Matt Moulson\moulsma01,30,BUF,LW,44,11,18,29,-8,20,3.2,8,3,0,2,12,6,0,105,10.5,824,18:44,27,32,1,3,25,2014
552,Matt Moulson\moulsma01,30,MIN,LW,20,6,7,13,7,8,1.9,5,1,0,3,5,2,0,43,14,329,16:27,7,10,1,1,50,2014
552,Matt Moulson\moulsma01,30,NYI,LW,11,6,3,9,3,6,1.5,1,5,0,0,1,2,0,28,21.4,194,17:39,9,4,0,3,0,2014
553,Chris Mueller\muellch01,27,DAL,C,9,0,0,0,-2,0,-0.2,0,0,0,0,0,0,0,8,0,83,09:15,4,11,29,25,53.7,2014
554,Connor Murphy\murphco02,20,PHX,D,30,1,7,8,5,10,2,1,0,0,1,7,0,0,30,3.3,539,17:59,38,44,0,0,,2014
555,Ryan Murphy\murphry01,20,CAR,D,48,2,10,12,-9,10,1.8,1,1,0,0,8,2,0,81,2.5,878,18:17,58,22,0,0,,2014
556,Douglas Murray\murrado01,33,MTL,D,53,0,2,2,-12,42,0.1,0,0,0,0,2,0,0,26,0,761,14:21,115,144,0,0,,2014
557,Ryan Murray\murrary01,20,CBJ,D,66,4,17,21,4,10,4.5,1,3,0,0,12,4,1,62,6.5,1311,19:52,94,25,0,0,,2014
558,Jake Muzzin\muzzija01,24,LAK,D,76,5,19,24,8,58,5.9,4,1,0,0,15,4,0,175,2.9,1446,19:02,82,169,0,0,,2014
559,Tyler Myers\myersty01,23,BUF,D,62,9,13,22,-26,58,3.7,6,3,0,0,7,6,0,99,9.1,1358,21:54,81,107,0,0,,2014
560,Vladislav Namestnikov\namesvl01,21,TBL,C,4,0,0,0,-1,4,-0.1,0,0,0,0,0,0,0,4,0,38,09:28,1,3,12,14,46.2,2014
561,Rick Nash\nashri01,29,NYR,LW,65,26,13,39,10,36,6.1,20,4,2,9,8,3,2,258,10.1,1106,17:01,29,11,2,0,100,2014
562,Riley Nash\nashri02,24,CAR,C,73,10,14,24,0,29,2.5,9,1,0,3,11,2,1,86,11.6,925,12:40,22,81,306,360,45.9,2014
563,Joonas Nattinen\nattijo01,23,MTL,C,1,0,0,0,0,0,0,0,0,0,0,0,0,0,0,,2,01:45,1,0,0,2,0,2014
564,James Neal\nealja01,26,PIT,LW,59,27,34,61,15,55,8.7,16,11,0,4,19,15,0,238,11.3,1089,18:27,23,58,5,13,27.8,2014
565,Chris Neil\neilch01,34,OTT,RW,76,8,6,14,-10,211,0.3,8,0,0,0,5,1,0,99,8.1,897,11:48,18,253,1,2,33.3,2014
566,Brock Nelson\nelsobr01,22,NYI,C,72,14,12,26,-10,12,2.3,11,3,0,1,8,4,0,132,10.6,1027,14:16,38,74,191,260,42.4,2014
567,Patrik Nemeth\nemetpa01,21,DAL,D,8,0,0,0,-3,6,-0.2,0,0,0,0,0,0,0,3,0,110,13:46,11,14,0,0,,2014
568,Aaron Ness\nessaa01,23,NYI,D,20,1,2,3,-13,10,-0.4,1,0,0,0,2,0,0,23,4.3,296,14:48,26,14,0,0,,2014
569,Kris Newbury\newbukr01,31,PHI,C,4,0,1,1,0,7,0.1,0,0,0,0,1,0,0,1,0,20,05:02,0,10,6,8,42.9,2014
570,Valeri Nichushkin\nichuva01,18,DAL,RW,79,14,20,34,20,8,4.1,12,2,0,2,19,1,0,128,10.9,1183,14:58,27,85,0,1,0,2014
571,Nino Niederreiter\niedeni01,21,MIN,RW,81,14,22,36,12,44,4.2,12,2,0,1,18,4,0,143,9.8,1142,14:06,23,175,7,19,26.9,2014
572,Frans Nielsen\nielsfr01,29,NYI,C,80,25,33,58,-11,8,6.3,18,5,2,0,17,15,1,167,15,1467,18:20,47,39,534,550,49.3,2014
573,Matthew Nieto\nietoma01,21,SJS,LW,66,10,14,24,-4,16,2,9,1,0,2,11,3,0,124,8.1,929,14:05,45,7,3,8,27.3,2014
574,Nikita Nikitin\nikitni01,27,CBJ,D,66,2,13,15,9,20,3.8,2,0,0,1,13,0,0,95,2.1,1130,17:07,72,84,0,0,,2014
575,Matt Niskanen\niskama01,27,PIT,D,81,10,36,46,33,51,11.1,7,3,0,6,24,12,0,162,6.2,1725,21:18,76,124,0,0,,2014
576,Jordan Nolan\nolanjo01,24,LAK,C,64,6,4,10,-1,54,0.9,6,0,0,1,4,0,0,58,10.3,576,09:00,11,100,1,3,25,2014
577,Joakim Nordstrom\nordsjo02,21,CHI,C,16,1,2,3,-2,2,0,1,0,0,0,2,0,0,26,3.8,187,11:41,7,17,10,17,37,2014
578,Ryan Nugent-Hopkins\nugenry01,20,EDM,C,80,19,37,56,-12,26,5.4,13,6,0,4,23,14,0,178,10.7,1632,20:24,35,72,543,737,42.4,2014
579,Gustav Nyquist\nyquigu01,24,DET,RW,57,28,20,48,16,10,7.7,22,6,0,6,17,3,0,153,18.3,961,16:51,14,18,5,4,55.6,2014
580,Eric Nystrom\nystrer01,30,NSH,LW,79,15,6,21,-25,60,0.9,14,0,1,1,6,0,0,120,12.5,1174,14:52,35,154,2,8,20,2014
581,Shane O'Brien\obriesh01,30,CGY,D,45,0,3,3,-8,58,0.3,0,0,0,0,3,0,0,16,0,507,11:16,38,56,0,0,,2014
582,Eric O'Dell\odeller01,23,WPG,C,30,3,4,7,-2,10,0.5,3,0,0,1,4,0,0,17,17.6,291,09:41,12,31,78,78,50,2014
583,Ryan O'Reilly\oreilry01,22,COL,C,80,28,36,64,-1,2,7.1,19,9,0,6,23,13,0,201,13.9,1586,19:49,43,22,192,179,51.8,2014
584,Johnny Oduya\oduyajo01,32,CHI,D,77,3,13,16,11,38,3.5,3,0,0,1,12,0,1,83,3.6,1548,20:06,114,49,1,0,100,2014
585,Kyle Okposo\okposky01,25,NYI,RW,71,27,42,69,-9,51,7.9,22,5,0,4,32,10,0,195,13.8,1451,20:26,35,43,97,107,47.5,2014
586,Jamie Oleksiak\oleksja01,21,DAL,D,7,0,0,0,-3,2,-0.2,0,0,0,0,0,0,0,5,0,125,17:47,14,16,0,0,,2014
587,Steven Oleksy\oleksst01,27,WSH,D,33,2,8,10,7,53,2.4,2,0,0,1,8,0,0,27,7.4,504,15:16,48,46,0,0,,2014
588,Rostislav Olesz\oleszro01,28,NJD,LW,10,0,2,2,-1,0,0,0,0,0,0,1,1,0,9,0,114,11:25,1,11,1,2,33.3,2014
589,Dylan Olsen\olsendy01,23,FLA,D,44,3,9,12,-3,8,2,3,0,0,0,8,1,0,60,5,679,15:26,55,116,0,0,,2014
590,Linus Omark\omarkli01,26,TOT,LW,14,0,2,2,-6,6,-0.3,0,0,0,0,0,2,0,10,0,175,12:30,3,4,0,1,0,2014
590,Linus Omark\omarkli01,26,BUF,LW,13,0,2,2,-5,6,-0.2,0,0,0,0,0,2,0,10,0,166,12:46,3,3,0,1,0,2014
590,Linus Omark\omarkli01,26,EDM,LW,1,0,0,0,-1,0,-0.1,0,0,0,0,0,0,0,0,,9,09:04,0,1,0,0,,2014
591,Dmitry Orlov\orlovdm01,22,WSH,D,54,3,8,11,-1,19,2.4,3,0,0,0,7,1,0,59,5.1,1058,19:36,62,75,0,0,,2014
592,Brooks Orpik\orpikbr01,33,PIT,D,72,2,11,13,-3,46,3.2,2,0,0,0,11,0,0,50,4,1526,21:12,143,221,0,0,,2014
593,Colton Orr\orrco01,31,TOR,RW,54,0,0,0,-3,110,-0.7,0,0,0,0,0,0,0,12,0,290,05:23,10,112,1,1,50,2014
594,T.J. Oshie\oshietj01,27,STL,RW,79,21,39,60,19,42,7.4,14,5,2,5,28,10,1,152,13.8,1500,18:59,54,77,28,38,42.4,2014
595,Steve Ott\ottst01,31,TOT,C,82,9,14,23,-38,92,0,3,6,0,1,12,2,0,127,7.1,1495,18:14,35,246,494,423,53.9,2014
595,Steve Ott\ottst01,31,BUF,C,59,9,11,20,-26,55,0.7,3,6,0,1,9,2,0,99,9.1,1162,19:42,29,194,365,336,52.1,2014
595,Steve Ott\ottst01,31,STL,C,23,0,3,3,-12,37,-0.7,0,0,0,0,3,0,0,28,0,332,14:27,6,52,129,87,59.7,2014
596,Xavier Ouellet\ouellxa01,20,DET,D,4,0,0,0,0,2,0,0,0,0,0,0,0,0,4,0,58,14:34,1,7,0,0,,2014
597,Alex Ovechkin\ovechal01,28,WSH,LW,78,51,28,79,-35,48,10.2,27,24,0,10,12,15,1,386,13.2,1603,20:33,22,204,2,1,66.7,2014
598,Magnus Paajarvi\paajama01,22,STL,LW,55,6,6,12,-6,6,0.8,6,0,0,1,6,0,0,60,10,564,10:15,24,26,2,4,33.3,2014
599,Max Pacioretty\pacioma01,25,MTL,LW,73,39,21,60,8,35,9.6,28,10,1,11,14,7,0,270,14.4,1350,18:29,33,69,6,4,60,2014
600,Jean-Gabriel Pageau\pageaje01,21,OTT,C,28,2,0,2,-5,12,-0.3,2,0,0,0,0,0,0,31,6.5,287,10:15,12,41,118,128,48,2014
601,Daniel Paille\paillda01,29,BOS,LW,72,9,9,18,9,6,1.9,8,0,1,1,9,0,0,71,12.7,789,10:58,30,70,11,6,64.7,2014
602,Ondrej Palat\palaton01,22,TBL,LW,81,23,36,59,32,20,7.9,18,3,2,3,26,8,2,165,13.9,1461,18:02,64,146,5,32,13.5,2014
603,Kyle Palmieri\palmiky01,22,ANA,RW,71,14,17,31,9,38,3.7,14,0,0,4,17,0,0,147,9.5,848,11:57,31,96,9,14,39.1,2014
604,Aaron Palushaj\palusaa01,24,CAR,RW,2,0,0,0,-1,0,-0.1,0,0,0,0,0,0,0,2,0,19,09:20,0,3,0,1,0,2014
605,Richard Panik\panikri01,22,TBL,RW,50,3,10,13,-9,21,0.2,3,0,0,0,6,4,0,56,5.4,635,12:42,16,70,3,5,37.5,2014
606,Cedric Paquette\paquece01,20,TBL,C,2,0,1,1,1,0,0.1,0,0,0,0,1,0,0,1,0,29,14:33,4,2,16,13,55.2,2014
607,Adam Pardy\pardyad01,29,WPG,D,60,0,6,6,4,38,1.7,0,0,0,0,6,0,0,47,0,865,14:25,55,77,0,0,,2014
608,P.A. Parenteau\parenpi01,30,COL,RW,55,14,19,33,3,30,3.5,13,1,0,1,17,2,0,110,12.7,932,16:57,16,35,2,12,14.3,2014
609,Zach Parise\parisza01,29,MIN,LW,67,29,27,56,10,30,7.6,14,14,1,5,21,6,0,245,11.8,1369,20:26,45,70,10,14,41.7,2014
610,George Parros\parroge01,34,MTL,RW,22,0,1,1,-6,85,-0.3,0,0,0,0,1,0,0,4,0,100,04:33,5,14,0,0,,2014
611,Joe Pavelski\paveljo01,29,SJS,C,82,41,38,79,23,32,11.5,24,16,1,3,22,15,1,225,18.2,1628,19:51,68,47,675,531,56,2014
612,Adam Payerl\payerad01,22,PIT,C,2,0,0,0,-1,2,-0.1,0,0,0,0,0,0,0,4,0,18,09:09,2,6,0,0,,2014
613,Tanner Pearson\pearsta01,21,LAK,LW,25,3,4,7,2,8,0.8,2,1,0,1,4,0,0,31,9.7,270,10:49,9,35,1,1,50,2014
614,Matt Pelech\pelecma01,26,SJS,RW,6,1,0,1,1,22,0.2,1,0,0,1,0,0,0,3,33.3,24,03:56,1,7,0,0,,2014
615,Pascal Pelletier\pellepa01,30,VAN,LW,3,0,0,0,0,0,0,0,0,0,0,0,0,0,1,0,27,08:57,1,3,1,3,25,2014
616,Anthony Peluso\pelusan01,24,WPG,RW,53,2,3,5,-5,65,0,2,0,0,0,3,0,0,24,8.3,306,05:46,3,85,1,2,33.3,2014
617,Dustin Penner\pennedu01,31,TOT,LW,67,14,21,35,25,30,4.7,9,5,0,2,15,6,0,119,11.8,969,14:28,24,92,15,32,31.9,2014
617,Dustin Penner\pennedu01,31,ANA,LW,49,13,19,32,22,28,4.5,8,5,0,2,14,5,0,100,13,748,15:16,11,77,12,29,29.3,2014
617,Dustin Penner\pennedu01,31,WSH,LW,18,1,2,3,3,2,0.2,1,0,0,0,1,1,0,19,5.3,221,12:18,13,15,3,3,50,2014
618,Mathieu Perreault\perrema01,26,ANA,C,69,18,25,43,13,36,5.5,14,4,0,1,20,5,0,120,15,957,13:52,15,73,437,393,52.7,2014
619,David Perron\perroda01,25,EDM,LW,78,28,29,57,-16,90,6.5,19,8,1,2,24,5,0,220,12.7,1492,19:08,20,116,13,26,33.3,2014
620,Corey Perry\perryco01,28,ANA,RW,81,43,39,82,32,65,12.3,35,8,0,9,29,10,0,280,15.4,1578,19:29,28,81,9,16,36,2014
621,John Persson\perssjo01,21,NYI,LW,10,1,0,1,-4,6,-0.2,1,0,0,0,0,0,0,16,6.3,120,12:02,6,18,0,2,0,2014
622,Alexander Petrovic\petroal01,21,FLA,D,7,0,1,1,3,8,0.4,0,0,0,0,1,0,0,4,0,86,12:14,5,24,0,0,,2014
623,Jeff Petry\petryje01,26,EDM,D,80,7,10,17,-22,42,2.6,6,1,0,0,9,1,0,96,7.3,1727,21:35,132,181,0,0,,2014
624,Rich Peverley\peverri01,31,DAL,C,62,7,23,30,-3,15,2.3,6,0,1,2,19,3,1,122,5.7,954,15:23,42,27,348,231,60.1,2014
625,Dion Phaneuf\phanedi01,28,TOR,D,80,8,23,31,2,144,5.9,6,2,0,0,13,9,1,145,5.5,1885,23:34,156,227,0,1,0,2014
626,Chris Phillips\phillch02,35,OTT,D,70,1,14,15,-12,30,1.2,0,1,0,0,7,7,0,90,1.1,1346,19:14,95,140,0,0,,2014
627,Alex Pietrangelo\pietral01,24,STL,D,81,8,43,51,20,32,10.4,6,2,0,1,26,16,1,164,4.9,2054,01:22,164,24,0,0,,2014
628,Steve Pinizzotto\pinizst01,29,EDM,RW,6,0,2,2,-1,15,0.1,0,0,0,0,2,0,0,2,0,58,09:39,1,10,0,0,,2014
629,Brandon Pirri\pirribr01,22,TOT,C,49,13,12,25,6,8,3.4,10,3,0,0,9,3,0,80,16.3,636,12:59,15,24,204,250,44.9,2014
629,Brandon Pirri\pirribr01,22,CHI,C,28,6,5,11,6,6,1.5,5,1,0,0,5,0,0,34,17.6,343,12:15,10,14,106,141,42.9,2014
629,Brandon Pirri\pirribr01,22,FLA,C,21,7,7,14,0,2,1.9,5,2,0,0,4,3,0,46,15.2,293,13:56,5,10,98,109,47.3,2014
630,Joe Piskula\piskujo01,29,NSH,D,2,0,0,0,1,0,0.1,0,0,0,0,0,0,0,2,0,24,12:11,0,2,0,0,,2014
631,Tyler Pitlick\pitlity01,22,EDM,C,10,1,0,1,-2,0,0,1,0,0,0,0,0,0,9,11.1,90,08:58,4,26,1,2,33.3,2014
632,Tomas Plekanec\plekato01,31,MTL,C,81,20,23,43,11,38,5.2,14,3,3,5,16,7,0,199,10.1,1602,19:47,45,44,822,891,48,2014
633,Roman Polak\polakro01,27,STL,D,72,4,9,13,3,71,3.4,4,0,0,0,9,0,0,83,4.8,1248,17:20,131,151,0,0,,2014
634,Jason Pominville\pominja01,31,MIN,RW,82,30,30,60,3,16,7.6,23,7,0,5,20,10,0,226,13.3,1524,18:35,31,23,87,72,54.7,2014
635,Chris Porter\portech01,29,STL,LW,22,0,1,1,-3,0,-0.4,0,0,0,0,1,0,0,24,0,228,10:23,3,68,3,7,30,2014
636,Kevin Porter\porteke01,27,BUF,C,12,0,1,1,-5,2,-0.3,0,0,0,0,1,0,0,3,0,140,11:38,4,24,18,35,34,2014
637,Paul Postma\postmpa01,24,WPG,D,20,1,2,3,1,8,0.8,1,0,0,1,2,0,0,19,5.3,323,16:08,29,20,0,0,,2014
638,Corey Potter\potteco01,30,TOT,D,19,0,5,5,-1,21,0.7,0,0,0,0,3,2,0,17,0,262,13:46,18,20,0,0,,2014
638,Corey Potter\potteco01,30,EDM,D,16,0,5,5,0,21,0.8,0,0,0,0,3,2,0,16,0,220,13:47,17,16,0,0,,2014
638,Corey Potter\potteco01,30,BOS,D,3,0,0,0,-1,0,-0.1,0,0,0,0,0,0,0,1,0,41,13:45,1,4,0,0,,2014
639,Benoit Pouliot\poulibe01,27,NYR,LW,80,15,21,36,10,56,4.6,8,7,0,4,20,1,0,141,10.6,1075,13:26,18,141,20,19,51.3,2014
640,Darroll Powe\poweda01,28,NYR,C,1,0,0,0,-2,0,-0.1,0,0,0,0,0,0,0,0,,9,08:33,0,1,1,0,100,2014
641,Nate Prosser\prossna01,27,MIN,D,53,2,6,8,2,58,2.1,2,0,0,2,4,1,1,30,6.7,770,14:32,83,22,0,0,,2014
642,Dalton Prout\proutda01,23,CBJ,D,49,2,4,6,-7,37,1.1,2,0,0,0,4,0,0,56,3.6,843,17:12,65,99,0,1,0,2014
643,Brandon Prust\prustbr01,29,MTL,LW,52,6,7,13,-1,121,1.1,6,0,0,3,5,1,1,49,12.2,667,12:49,35,92,65,60,52,2014
644,Teemu Pulkkinen\pulkkte01,22,DET,RW,3,0,0,0,0,2,0,0,0,0,0,0,0,0,4,0,22,07:28,0,2,0,0,,2014
645,Teddy Purcell\purcete01,28,TBL,RW,81,12,30,42,-3,14,3.5,9,3,0,4,16,14,0,157,7.6,1334,16:28,12,13,4,12,25,2014
646,Taylor Pyatt\pyattta01,32,TOT,LW,56,4,1,5,-24,20,-1.1,3,1,0,1,1,0,0,52,7.7,648,11:35,28,70,7,6,53.8,2014
646,Taylor Pyatt\pyattta01,32,PIT,LW,34,4,0,4,-15,10,-0.4,3,1,0,1,0,0,0,30,13.3,370,10:53,12,46,3,0,100,2014
646,Taylor Pyatt\pyattta01,32,NYR,LW,22,0,1,1,-9,10,-0.7,0,0,0,0,1,0,0,22,0,278,12:39,16,24,4,6,40,2014
647,Tom Pyatt\pyattto01,26,TBL,C,27,3,4,7,-2,4,0.5,3,0,0,1,4,0,0,27,11.1,309,11:28,20,11,101,92,52.3,2014
648,Mark Pysyk\pysykma01,22,BUF,D,44,1,6,7,-11,16,1.5,1,0,0,1,4,2,0,51,2,863,19:37,57,37,0,0,,2014
649,Kyle Quincey\quincky01,28,DET,D,82,4,9,13,-5,88,2.9,4,0,0,1,9,0,0,106,3.8,1706,20:48,109,88,0,0,,2014
650,Jonathan Racine\racinjo01,20,FLA,D,1,0,0,0,-1,2,-0.1,0,0,0,0,0,0,0,0,,16,15:35,4,1,0,0,,2014
651,Michael Raffl\rafflmi01,25,PHI,LW,68,9,13,22,2,28,2,9,0,0,3,13,0,0,101,8.9,883,12:59,44,113,52,41,55.9,2014
652,Rickard Rakell\rakelri01,20,ANA,C,18,0,4,4,-3,2,-0.1,0,0,0,0,4,0,0,22,0,211,11:43,4,21,95,99,49,2014
653,Paul Ranger\rangepa01,29,TOR,D,53,6,8,14,-1,36,2.8,5,0,1,0,8,0,0,59,10.2,923,17:25,72,115,0,0,,2014
654,Ty Rattie\rattity01,20,STL,RW,2,0,0,0,-2,0,-0.1,0,0,0,0,0,0,0,4,0,22,11:03,0,1,0,0,,2014
655,Mason Raymond\raymoma01,28,TOR,LW,82,19,26,45,-6,22,4.6,12,6,1,4,20,5,1,178,10.7,1421,17:20,24,38,7,9,43.8,2014
656,Matt Read\readma01,27,PHI,RW,75,22,18,40,-4,16,4.4,18,0,4,3,16,2,0,151,14.6,1410,18:48,54,72,12,16,42.9,2014
657,Ryan Reaves\reavery01,27,STL,RW,63,2,6,8,-1,126,0.2,2,0,0,0,6,0,0,25,8,537,08:31,12,211,6,2,75,2014
658,Zach Redmond\redmoza01,25,WPG,D,10,1,2,3,1,0,0.7,1,0,0,0,2,0,0,10,10,153,15:20,11,7,0,0,,2014
659,Robyn Regehr\regehro01,33,LAK,D,79,3,11,14,6,46,4.4,3,0,0,1,11,0,0,73,4.1,1498,18:57,96,211,0,0,,2014
660,Peter Regin\reginpe01,27,TOT,C,61,4,7,11,-5,20,0.2,4,0,0,0,4,1,2,69,5.8,698,11:26,19,43,176,220,44.4,2014
660,Peter Regin\reginpe01,27,NYI,C,44,2,5,7,-10,18,-0.3,2,0,0,0,3,1,1,53,3.8,521,11:51,12,24,129,182,41.5,2014
660,Peter Regin\reginpe01,27,CHI,C,17,2,2,4,5,2,0.5,2,0,0,0,1,0,1,16,12.5,177,10:24,7,19,47,38,55.3,2014
661,Max Reinhart\reinhma01,21,CGY,C,8,0,2,2,1,2,0.1,0,0,0,0,2,0,0,7,0,86,10:42,0,1,2,7,22.2,2014
662,Mike Ribeiro\ribeimi01,33,PHX,C,80,16,31,47,-13,52,4,12,4,0,3,20,11,0,110,14.5,1440,18:00,18,72,391,512,43.3,2014
663,Brad Richards\richabr01,33,NYR,C,82,20,31,51,-8,18,5.4,15,5,0,2,17,14,0,259,7.7,1531,18:40,43,24,512,517,49.8,2014
664,Mike Richards\richami02,28,LAK,C,82,11,30,41,-6,28,3.5,6,4,1,3,21,8,1,157,7,1392,16:59,21,73,489,418,53.9,2014
665,Brad Richardson\richabr02,28,VAN,RW,73,11,12,23,1,39,2.3,8,1,2,2,11,0,1,85,12.9,1088,14:54,52,63,533,433,55.2,2014
666,Morgan Rielly\riellmo01,19,TOR,D,73,2,25,27,-13,12,3.1,1,1,0,0,14,11,0,96,2.1,1287,17:37,92,96,0,0,,2014
667,Zac Rinaldo\rinalza01,23,PHI,C,67,2,2,4,-13,153,-0.8,2,0,0,1,2,0,0,54,3.7,516,07:42,12,231,2,1,66.7,2014
668,Rasmus Ristolainen\ristora01,19,BUF,D,34,2,2,4,-15,6,0.5,2,0,0,0,2,0,0,52,3.8,650,19:07,32,66,0,1,0,2014
669,Colby Robak\robakco01,23,FLA,D,16,0,2,2,-4,6,0.1,0,0,0,0,1,0,1,15,0,297,18:34,19,17,0,0,,2014
670,Stephane Robidas\robidst01,36,TOT,D,38,5,5,10,10,20,2.9,4,1,0,1,5,0,0,56,8.9,767,20:10,49,96,0,0,,2014
670,Stephane Robidas\robidst01,36,DAL,D,24,4,1,5,7,12,1.9,3,1,0,0,1,0,0,35,11.4,478,19:55,34,62,0,0,,2014
670,Stephane Robidas\robidst01,36,ANA,D,14,1,4,5,3,8,0.9,1,0,0,1,4,0,0,21,4.8,289,20:37,15,34,0,0,,2014
671,Aaron Rome\romeaa01,30,DAL,D,25,0,1,1,-6,11,-0.2,0,0,0,0,1,0,0,15,0,327,13:05,38,20,0,0,,2014
672,Jay Rosehill\rosehja01,28,PHI,LW,34,2,0,2,-8,90,-0.2,2,0,0,0,0,0,0,14,14.3,168,04:57,4,48,0,1,0,2014
673,Antoine Roussel\roussan01,24,DAL,LW,81,14,15,29,-1,209,2.9,14,0,0,2,13,0,2,113,12.4,1080,13:20,49,146,19,25,43.2,2014
674,Derek Roy\royde01,30,STL,C,75,9,28,37,-1,30,3.4,5,4,0,2,16,12,0,114,7.9,1022,13:37,30,13,219,247,47,2014
675,Michal Rozsival\rozsimi01,35,CHI,D,42,1,7,8,7,32,1.8,1,0,0,0,7,0,0,39,2.6,699,16:39,43,67,0,0,,2014
676,Chad Ruhwedel\ruhwech01,23,BUF,D,21,0,1,1,-3,2,0.5,0,0,0,0,0,1,0,35,0,375,17:53,29,20,0,0,,2014
677,David Rundblad\rundbda01,23,TOT,D,17,0,1,1,-4,6,0,0,0,0,0,0,1,0,21,0,234,13:45,14,18,0,0,,2014
677,David Rundblad\rundbda01,23,PHX,D,12,0,1,1,-3,6,0,0,0,0,0,0,1,0,17,0,192,16:01,11,12,0,0,,2014
677,David Rundblad\rundbda01,23,CHI,D,5,0,0,0,-1,0,-0.1,0,0,0,0,0,0,0,4,0,42,08:20,3,6,0,0,,2014
678,Mike Rupp\ruppmi01,34,MIN,LW,13,0,1,1,1,23,0,0,0,0,0,1,0,0,6,0,81,06:13,0,13,0,3,0,2014
679,Kris Russell\russekr01,26,CGY,D,68,7,22,29,-11,15,5,3,4,0,1,13,8,1,109,6.4,1573,23:08,201,42,0,0,,2014
680,Tuomo Ruutu\ruututu01,30,TOT,RW,76,8,16,24,-18,44,1.2,5,3,0,2,16,0,0,105,7.6,1107,14:34,34,216,14,23,37.8,2014
680,Tuomo Ruutu\ruututu01,30,CAR,RW,57,5,11,16,-19,34,0.3,3,2,0,1,11,0,0,79,6.3,812,14:15,30,168,11,20,35.5,2014
680,Tuomo Ruutu\ruututu01,30,NJD,RW,19,3,5,8,1,10,0.9,2,1,0,1,5,0,0,26,11.5,295,15:32,4,48,3,3,50,2014
681,Bobby Ryan\ryanbo01,26,OTT,RW,70,23,25,48,7,45,6.1,17,6,0,2,22,3,0,190,12.1,1181,16:52,30,104,8,5,61.5,2014
682,Michael Ryder\rydermi01,33,NJD,RW,82,18,16,34,-6,18,3.7,13,4,1,2,12,4,0,166,10.8,1294,15:47,10,51,4,8,33.3,2014
683,Brandon Saad\saadbr01,21,CHI,LW,78,19,28,47,20,20,5.7,16,3,0,2,20,6,2,159,11.9,1271,16:17,20,48,50,72,41,2014
684,Sami Salo\salosa01,39,TBL,D,71,4,13,17,11,18,4.1,4,0,0,0,7,6,0,81,4.9,1292,18:11,66,57,0,0,,2014
685,Bryce Salvador\salvabr01,37,NJD,D,40,1,3,4,-2,29,1.6,1,0,0,0,3,0,0,24,4.2,812,20:18,50,47,0,0,,2014
686,Mikael Samuelsson\samuemi01,37,DET,RW,26,1,2,3,-4,6,-0.2,1,0,0,0,0,2,0,36,2.8,269,10:21,3,13,0,2,0,2014
687,Philip Samuelsson\samueph01,22,PIT,D,5,0,0,0,-1,0,0,0,0,0,0,0,0,0,5,0,78,15:34,7,5,0,0,,2014
688,Mike Santorelli\santomi01,28,VAN,C,49,10,18,28,9,6,3.3,10,0,0,3,16,0,2,91,11,910,18:34,44,23,215,204,51.3,2014
689,Cory Sarich\saricco01,35,COL,D,54,1,9,10,7,38,2.2,1,0,0,0,9,0,0,48,2.1,923,17:05,66,107,0,1,0,2014
690,Yann Sauve\sauveya01,23,VAN,D,3,0,0,0,-2,0,-0.1,0,0,0,0,0,0,0,1,0,37,12:17,2,5,0,0,,2014
691,David Savard\savarda01,23,CBJ,D,70,5,10,15,2,28,3.7,4,1,0,1,7,3,0,63,7.9,1248,17:50,81,149,1,0,100,2014
692,Luca Sbisa\sbisalu01,24,ANA,D,30,1,5,6,0,43,0.8,1,0,0,0,5,0,0,30,3.3,512,17:03,38,83,0,0,,2014
693,Marco Scandella\scandma01,23,MIN,D,76,3,14,17,10,20,4.6,3,0,0,1,14,0,0,80,3.8,1430,18:49,102,70,0,0,,2014
694,Colton Sceviour\scevico01,24,DAL,RW,26,8,4,12,-3,4,1.4,6,2,0,2,4,0,0,69,11.6,387,14:53,15,19,15,24,38.5,2014
695,Mark Scheifele\scheima01,20,WPG,C,63,13,21,34,9,14,3.8,12,1,0,2,18,3,0,100,13,1031,16:21,39,63,331,454,42.2,2014
696,Brayden Schenn\schenbr01,22,PHI,C,82,20,21,41,0,54,4.6,16,4,0,6,16,5,0,178,11.2,1291,15:45,37,200,296,389,43.2,2014
697,Luke Schenn\schenlu01,24,PHI,D,79,4,8,12,0,58,2.7,4,0,0,0,7,0,1,78,5.1,1307,16:32,113,260,0,0,,2014
698,Cameron Schilling\schilca01,25,WSH,D,1,0,0,0,-2,0,-0.2,0,0,0,0,0,0,0,2,0,18,17:45,0,2,0,0,,2014
699,David Schlemko\schleda01,26,PHX,D,48,1,8,9,2,18,2.1,1,0,0,0,5,3,0,61,1.6,787,16:24,79,61,0,0,,2014
700,Nate Schmidt\schmina01,22,WSH,D,29,2,4,6,4,6,1.7,2,0,0,0,4,0,0,41,4.9,542,18:42,35,18,0,0,,2014
701,Jordan Schroeder\schrojo01,23,VAN,C,25,3,3,6,-7,2,0.3,3,0,0,0,2,1,0,25,12,300,12:01,8,20,112,132,45.9,2014
702,Justin Schultz\schulju01,23,EDM,D,74,11,22,33,-22,16,4.9,10,1,0,3,11,11,0,109,10.1,1728,23:21,107,30,0,1,0,2014
703,Nick Schultz\schulni01,31,TOT,D,69,0,5,5,-13,28,0.6,0,0,0,0,4,0,1,35,0,1126,16:19,132,73,0,0,,2014
703,Nick Schultz\schulni01,31,EDM,D,60,0,4,4,-11,24,0.6,0,0,0,0,3,0,1,27,0,1018,16:58,120,64,0,0,,2014
703,Nick Schultz\schulni01,31,CBJ,D,9,0,1,1,-2,4,0,0,0,0,0,1,0,0,8,0,107,11:54,12,9,0,0,,2014
704,Jaden Schwartz\schwaja01,21,STL,LW,80,25,31,56,28,27,7.9,17,5,3,1,26,5,0,188,13.3,1402,17:32,32,54,44,34,56.4,2014
705,John Scott\scottjo01,31,BUF,LW,56,1,0,1,-12,125,-0.8,1,0,0,0,0,0,0,16,6.3,378,06:45,21,95,0,0,,2014
706,Rob Scuderi\scudero01,35,PIT,D,53,0,4,4,-8,2,0.9,0,0,0,0,4,0,0,28,0,1003,18:55,90,18,0,0,,2014
707,Brent Seabrook\seabrbr01,28,CHI,D,82,7,34,41,23,22,7.9,3,3,1,0,28,6,0,149,4.7,1826,22:16,142,171,0,0,,2014
708,Daniel Sedin\sedinda01,33,VAN,LW,73,16,31,47,0,38,4.9,11,5,0,4,18,13,0,224,7.1,1504,20:36,21,37,8,19,29.6,2014
709,Henrik Sedin\sedinhe01,33,VAN,C,70,11,39,50,3,42,4.9,7,4,0,1,25,14,0,97,11.3,1447,20:40,19,43,574,523,52.3,2014
710,Tyler Seguin\seguity01,22,DAL,C,80,37,47,84,16,18,11.6,26,11,0,8,33,14,0,294,12.6,1548,19:21,24,47,280,395,41.5,2014
711,Dennis Seidenberg\seidede01,32,BOS,D,34,1,9,10,11,10,2.4,1,0,0,0,9,0,0,53,1.9,742,21:50,66,61,0,0,,2014
712,Andrej Sekera\sekeran01,27,CAR,D,74,11,33,44,4,20,8.6,6,4,1,1,22,11,0,142,7.7,1752,23:41,127,54,0,0,,2014
713,Teemu Selanne*\selante01,43,ANA,RW,64,9,18,27,8,12,2.5,5,4,0,3,14,4,0,111,8.1,904,14:08,8,15,46,60,43.4,2014
714,Alexander Semin\seminal01,29,CAR,RW,65,22,20,42,1,42,5.4,15,6,1,3,14,6,0,210,10.5,1294,19:55,30,22,1,9,10,2014
715,Tim Sestito\sestiti01,29,NJD,LW,16,0,3,3,1,2,0.2,0,0,0,0,3,0,0,13,0,146,09:06,9,24,20,27,42.6,2014
716,Tom Sestito\sestito01,26,VAN,LW,77,5,4,9,-14,213,0.2,4,1,0,0,4,0,0,31,16.1,497,06:27,12,121,3,8,27.3,2014
717,Devin Setoguchi\setogde01,27,WPG,RW,75,11,16,27,-7,22,1.9,9,2,0,3,15,1,0,129,8.5,1129,15:03,37,143,5,15,25,2014
718,Patrick Sharp\sharppa01,32,CHI,LW,82,34,44,78,13,40,10,24,10,0,3,29,15,0,313,10.9,1549,18:53,27,55,83,69,54.6,2014
719,Kevin Shattenkirk\shattke01,25,STL,D,81,10,35,45,1,38,7.9,3,7,0,5,15,19,1,188,5.3,1666,20:34,101,72,0,0,,2014
720,Andrew Shaw\shawan01,22,CHI,C,80,20,19,39,12,76,4.6,15,5,0,2,15,4,0,149,13.4,1255,15:41,16,168,296,388,43.3,2014
721,Riley Sheahan\sheahri01,22,DET,C,42,9,15,24,8,6,3.1,7,2,0,1,12,3,0,59,15.3,607,14:27,16,25,251,261,49,2014
722,James Sheppard\sheppja01,25,SJS,LW,67,4,16,20,3,35,1.4,4,0,0,0,15,1,0,84,4.8,815,12:10,34,105,105,128,45.1,2014
723,Drew Shore\shoredr01,23,FLA,C,24,5,2,7,-1,8,0.8,3,1,1,1,2,0,0,23,21.7,288,12:00,5,23,86,122,41.3,2014
724,Jakob Silfverberg\silfvja01,23,ANA,RW,52,10,13,23,2,12,2.3,7,1,2,1,13,0,0,119,8.4,742,14:16,20,31,1,11,8.3,2014
725,Zach Sill\sillza01,25,PIT,C,20,0,0,0,-4,12,-0.5,0,0,0,0,0,0,0,14,0,216,10:48,18,57,34,56,37.8,2014
726,Wayne Simmonds\simmowa01,25,PHI,RW,82,29,31,60,-4,106,7.5,14,15,0,4,22,9,0,209,13.9,1375,16:46,35,132,1,1,50,2014
727,Mike Sislo\sislomi01,26,NJD,RW,14,0,0,0,-1,0,-0.2,0,0,0,0,0,0,0,20,0,124,08:51,4,19,5,1,83.3,2014
728,Colton Sissons\sissoco01,20,NSH,C,17,1,3,4,0,4,0.3,1,0,0,0,3,0,0,13,7.7,181,10:37,9,9,70,74,48.6,2014
729,Jack Skille\skillja01,26,CBJ,RW,16,4,0,4,2,6,0.8,4,0,0,1,0,0,0,23,17.4,139,08:40,4,18,1,0,100,2014
730,Jeff Skinner\skinnje01,21,CAR,LW,71,33,21,54,-14,22,7.6,22,11,0,6,12,9,0,274,12,1221,17:12,8,22,23,28,45.1,2014
731,Jim Slater\slateji01,31,WPG,C,27,1,1,2,-5,8,-0.4,1,0,0,0,1,0,0,24,4.2,287,10:38,7,41,163,118,58,2014
732,Ladislav Smid\smidla01,27,TOT,D,73,2,6,8,-10,78,1.8,2,0,0,0,6,0,0,41,4.9,1323,18:08,168,193,0,0,,2014
732,Ladislav Smid\smidla01,27,CGY,D,56,1,5,6,-4,62,1.7,1,0,0,0,5,0,0,35,2.9,1019,18:12,134,141,0,0,,2014
732,Ladislav Smid\smidla01,27,EDM,D,17,1,1,2,-6,16,0.1,1,0,0,0,1,0,0,6,16.7,304,17:54,34,52,0,0,,2014
733,Ben Smith\smithbe01,25,CHI,RW,75,14,12,26,3,2,2.7,13,1,0,2,11,1,0,90,15.6,955,12:44,58,40,200,194,50.8,2014
734,Brendan Smith\smithbr05,24,DET,D,71,5,14,19,-2,68,3.7,4,1,0,0,14,0,0,90,5.6,1306,18:23,69,57,0,0,,2014
735,Craig Smith\smithcr01,24,NSH,C,79,24,28,52,16,22,7,17,7,0,4,25,3,0,215,11.2,1296,16:24,21,54,3,16,15.8,2014
736,Derek Smith\smithde05,29,CGY,D,14,0,1,1,-10,2,-0.6,0,0,0,0,1,0,0,12,0,133,09:32,6,6,2,1,66.7,2014
737,Reilly Smith\smithre01,22,BOS,RW,82,20,31,51,28,14,6.9,14,6,0,3,23,8,0,146,13.7,1206,14:42,14,63,0,2,0,2014
738,Trevor Smith\smithtr01,28,TOR,C,28,4,5,9,-3,4,0.8,4,0,0,2,4,1,0,24,16.7,290,10:22,16,45,115,143,44.6,2014
739,Zack Smith\smithza01,25,OTT,C,82,13,9,22,-9,111,1.1,12,0,1,4,7,1,1,154,8.4,1274,15:32,28,175,680,611,52.7,2014
740,Devante Smith-Pelly\smithde06,21,ANA,RW,19,2,8,10,5,2,1.1,2,0,0,0,8,0,0,23,8.7,240,12:39,13,50,0,4,0,2014
741,Jerred Smithson\smithje01,34,TOR,C,18,0,0,0,-5,9,-0.5,0,0,0,0,0,0,0,2,0,158,08:45,9,36,126,90,58.3,2014
742,Ryan Smyth\smythry01,37,EDM,LW,72,10,13,23,-18,44,1.2,5,5,0,1,11,2,0,129,7.8,1111,15:25,29,58,91,91,50,2014
743,Vladimir Sobotka\sobotvl01,26,STL,C,61,9,24,33,14,72,3.6,8,1,0,1,17,6,1,102,8.8,1021,16:45,28,110,503,310,61.9,2014
744,Carl Soderberg\soderca01,28,BOS,C,73,16,32,48,4,36,5.4,11,5,0,3,21,11,0,129,12.4,1041,14:16,36,52,139,189,42.4,2014
745,Nick Spaling\spalini01,25,NSH,LW,71,13,19,32,2,14,3.2,9,3,1,1,16,3,0,85,15.3,1137,16:01,32,42,88,79,52.7,2014
746,Jason Spezza\spezzja01,30,OTT,C,75,23,43,66,-26,46,6.4,14,9,0,5,30,13,0,223,10.3,1366,18:13,26,17,775,661,54,2014
747,Ryan Spooner\spoonry01,22,BOS,C,23,0,11,11,0,6,0.7,0,0,0,0,5,6,0,42,0,295,12:49,6,10,59,86,40.7,2014
748,Ryan Sproul\sproury01,21,DET,D,1,0,0,0,0,0,0,0,0,0,0,0,0,0,3,0,18,18:25,2,2,0,0,,2014
749,Jared Spurgeon\spurgja01,24,MIN,D,67,5,21,26,15,16,6.3,3,2,0,1,16,5,0,91,5.5,1517,22:38,107,80,0,0,,2014
750,Martin St. Louis*\stlouma01,38,TOT,RW,81,30,39,69,13,10,8.7,20,9,1,5,26,12,1,204,14.7,1696,20:56,38,24,68,99,40.7,2014
750,Martin St. Louis*\stlouma01,38,TBL,RW,62,29,32,61,12,6,8.2,20,9,0,5,22,9,1,167,17.4,1345,21:41,22,15,67,93,41.9,2014
750,Martin St. Louis*\stlouma01,38,NYR,RW,19,1,7,8,1,4,0.5,0,0,1,0,4,3,0,37,2.7,351,18:30,16,9,1,6,14.3,2014
751,Martin St. Pierre\stpiema01,30,MTL,C,1,0,0,0,0,0,0,0,0,0,0,0,0,0,0,,10,09:53,1,1,2,1,66.7,2014
752,Eric Staal\staaler01,29,CAR,C,79,21,40,61,-13,74,6.4,18,1,2,0,27,11,2,230,9.1,1603,20:17,28,67,754,676,52.7,2014
753,Jordan Staal\staaljo01,25,CAR,C,82,15,25,40,2,34,4,12,2,1,2,14,8,3,165,9.1,1554,18:57,37,194,803,674,54.4,2014
754,Marc Staal\staalma01,27,NYR,D,72,3,11,14,-1,24,3.6,2,1,0,0,10,0,1,92,3.3,1477,20:31,84,83,1,0,100,2014
755,Drew Stafford\staffdr01,28,BUF,RW,70,16,18,34,-19,39,3.2,13,2,1,1,13,5,0,185,8.6,1305,18:38,25,78,106,91,53.8,2014
756,Matt Stajan\stajama01,30,CGY,C,63,14,19,33,-13,42,2.9,13,0,1,2,16,1,2,70,20,1158,18:22,36,74,527,569,48.1,2014
757,Viktor Stalberg\stalbvi01,28,NSH,LW,70,8,10,18,-14,32,0.8,8,0,0,1,10,0,0,114,7,881,12:35,25,55,1,2,33.3,2014
758,Steven Stamkos\stamkst01,23,TBL,C,37,25,15,40,9,18,6.3,15,9,1,5,11,4,0,124,20.2,749,20:15,16,50,260,269,49.1,2014
759,Ryan Stanton\stantry01,24,VAN,D,64,1,15,16,5,32,3.6,1,0,0,0,15,0,0,65,1.5,942,14:43,81,97,1,0,100,2014
760,Paul Stastny\stastpa01,28,COL,C,71,25,35,60,9,22,7.3,21,4,0,4,23,11,1,150,16.7,1306,18:24,46,54,655,555,54.1,2014
761,David Steckel\steckda01,31,ANA,C,6,0,0,0,0,0,-0.1,0,0,0,0,0,0,0,8,0,65,10:50,3,15,44,24,64.7,2014
762,Alex Steen\steenal01,29,STL,LW,68,33,29,62,17,46,9.1,25,7,1,9,17,10,2,211,15.6,1379,20:17,28,43,265,276,49,2014
763,Lee Stempniak\stemple01,30,TOT,RW,73,12,22,34,-16,32,2.3,10,0,2,1,15,4,3,178,6.7,1348,18:28,21,104,10,23,30.3,2014
763,Lee Stempniak\stemple01,30,CGY,RW,52,8,15,23,-21,28,1,6,0,2,0,8,4,3,144,5.6,1009,19:24,13,71,9,19,32.1,2014
763,Lee Stempniak\stemple01,30,PIT,RW,21,4,7,11,5,4,1.3,4,0,0,1,7,0,0,34,11.8,339,16:08,8,33,1,4,20,2014
764,Derek Stepan\stepade01,23,NYR,C,82,17,40,57,12,18,6.6,12,5,0,2,24,13,3,199,8.5,1481,18:03,46,30,683,829,45.2,2014
765,Chris Stewart\stewach02,26,TOT,RW,63,15,11,26,0,118,3.2,12,3,0,3,8,3,0,110,13.6,862,13:41,9,80,12,23,34.3,2014
765,Chris Stewart\stewach02,26,STL,RW,58,15,11,26,2,112,3.4,12,3,0,3,8,3,0,107,14,794,13:42,8,76,8,17,32,2014
765,Chris Stewart\stewach02,26,BUF,RW,5,0,0,0,-2,6,-0.2,0,0,0,0,0,0,0,3,0,68,13:36,1,4,4,6,40,2014
766,Ryan Stoa\stoary01,26,WSH,C,3,0,0,0,-1,0,-0.1,0,0,0,0,0,0,0,2,0,27,09:05,1,4,0,9,0,2014
767,Jarret Stoll\stollja01,31,LAK,C,78,8,19,27,9,48,2.4,7,1,0,0,15,3,1,109,7.3,1237,15:52,60,202,678,561,54.7,2014
768,Karl Stollery\stollka01,26,COL,D,2,0,0,0,1,2,0.1,0,0,0,0,0,0,0,1,0,13,06:31,0,3,0,0,,2014
769,Mark Stone\stonema01,21,OTT,RW,19,4,4,8,5,4,1,3,1,0,0,4,0,0,36,11.1,275,14:29,7,10,1,0,100,2014
770,Michael Stone\stonemi01,23,PHX,D,70,8,13,21,-10,38,3.6,6,2,0,1,8,4,1,105,7.6,1274,18:12,114,153,0,0,,2014
771,Clayton Stoner\stonecl01,28,MIN,D,63,1,4,5,-6,84,1,1,0,0,0,4,0,0,48,2.1,840,13:20,65,99,0,0,,2014
772,Tyson Strachan\stracty01,29,WSH,D,18,0,2,2,-2,28,0.3,0,0,0,0,2,0,0,7,0,312,17:20,30,31,0,0,,2014
773,Brian Strait\straibr01,26,NYI,D,47,3,6,9,-14,14,0.8,3,0,0,0,5,0,1,40,7.5,844,17:57,86,65,0,0,,2014
774,Anton Stralman\stralan01,27,NYR,D,81,1,12,13,9,26,4.3,1,0,0,0,12,0,0,104,1,1571,19:24,64,75,0,0,,2014
775,Ben Street\streebe01,26,CGY,C,13,0,1,1,-2,4,-0.2,0,0,0,0,1,0,0,17,0,138,10:36,6,14,63,74,46,2014
776,Mark Streit\streima01,36,PHI,D,82,10,34,44,3,44,7.5,6,4,0,2,23,11,0,121,8.3,1693,20:39,108,41,0,0,,2014
777,Ryan Strome\stromry01,20,NYI,C,37,7,11,18,-1,8,1.8,3,4,0,1,8,3,0,89,7.9,562,15:11,8,29,165,209,44.1,2014
778,Brad Stuart\stuarbr02,34,SJS,D,61,3,8,11,4,35,2.9,3,0,0,3,8,0,0,64,4.7,1169,19:10,114,122,0,0,,2014
779,Mark Stuart\stuarma01,29,WPG,D,69,2,11,13,11,101,3.6,2,0,0,0,11,0,0,73,2.7,1286,18:38,160,229,0,0,,2014
780,P.K. Subban\subbapk01,24,MTL,D,82,10,43,53,-4,81,9.3,6,4,0,1,24,19,0,204,4.9,2019,00:37,125,135,0,0,,2014
781,Alexander Sulzer\sulzeal01,29,BUF,D,25,0,2,2,-3,8,0.8,0,0,0,0,0,1,1,21,0,453,18:08,44,11,0,0,,2014
782,Chris Summers\summech01,25,PHX,D,18,2,1,3,0,15,0.8,2,0,0,0,1,0,0,17,11.8,269,14:55,25,33,0,0,,2014
783,Johan Sundstrom\sundsjo01,21,NYI,C,11,0,1,1,0,6,-0.1,0,0,0,0,1,0,0,13,0,95,08:40,2,4,4,7,36.4,2014
784,Andrej Sustr\sustran01,23,TBL,D,43,1,7,8,3,16,1.7,1,0,0,0,5,0,2,39,2.6,679,15:48,36,26,0,0,,2014
785,Ryan Suter\suterry01,29,MIN,D,82,8,35,43,15,34,9.5,5,3,0,0,20,14,1,150,5.3,2412,05:25,132,72,1,0,100,2014
786,Brandon Sutter\suttebr03,24,PIT,C,81,13,13,26,-9,12,1.9,8,2,3,1,10,3,0,144,9,1277,15:46,40,69,549,601,47.7,2014
787,Brett Sutter\suttebr04,26,CAR,C,17,1,1,2,-4,9,0,1,0,0,1,1,0,0,16,6.3,129,07:34,2,35,37,36,50.7,2014
788,Jordan Szwarz\szwarjo01,22,PHX,RW,26,3,0,3,-6,19,0,3,0,0,1,0,0,0,25,12,225,08:39,7,23,1,2,33.3,2014
789,Maxime Talbot\talboma01,29,TOT,C,81,8,19,27,5,45,1.6,7,0,1,1,18,1,0,124,6.5,1309,16:10,46,116,100,125,44.4,2014
789,Maxime Talbot\talboma01,29,COL,C,70,7,18,25,4,43,1.5,6,0,1,1,17,1,0,110,6.4,1142,16:19,38,105,84,115,42.2,2014
789,Maxime Talbot\talboma01,29,PHI,C,11,1,1,2,1,2,0.1,1,0,0,0,1,0,0,14,7.1,166,15:08,8,11,16,10,61.5,2014
790,Henrik Tallinder\tallihe01,35,BUF,D,64,2,6,8,-21,34,1.4,2,0,0,0,6,0,0,40,5,1216,19:00,76,39,1,0,100,2014
791,Chris Tanev\tanevch01,24,VAN,D,64,6,11,17,12,8,5.3,5,0,1,2,11,0,0,65,9.2,1327,20:44,136,25,0,0,,2014
792,Eric Tangradi\tangrer01,24,WPG,LW,55,3,3,6,-6,21,-0.1,3,0,0,0,3,0,0,52,5.8,475,08:39,17,105,3,0,100,2014
793,Alex Tanguay\tangual01,34,COL,LW,16,4,7,11,7,4,1.4,3,0,1,2,5,2,0,24,16.7,276,17:17,8,8,1,2,33.3,2014
794,Matt Taormina\taormma01,27,TBL,D,7,0,0,0,0,0,0.1,0,0,0,0,0,0,0,6,0,94,13:24,6,5,0,0,,2014
795,Vladimir Tarasenko\tarasvl01,22,STL,RW,64,21,22,43,20,16,6.4,16,5,0,3,20,2,0,136,15.4,971,15:10,9,22,2,4,33.3,2014
796,Tomas Tatar\tatarto01,23,DET,LW,73,19,20,39,12,30,5.3,17,2,0,3,16,4,0,158,12,1048,14:21,20,81,26,26,50,2014
797,John Tavares\tavarjo01,23,NYI,C,59,24,42,66,-6,40,7.7,16,8,0,4,25,17,0,188,12.8,1253,21:15,19,23,554,575,49.1,2014
798,Mattias Tedenby\tedenma01,23,NJD,RW,15,1,0,1,-8,10,-0.3,1,0,0,0,0,0,0,9,11.1,150,10:01,2,16,0,2,0,2014
799,Teuvo Teravainen\teravte01,19,CHI,C,3,0,0,0,0,0,-0.1,0,0,0,0,0,0,0,4,0,42,14:06,0,1,13,12,52,2014
800,Chris Terry\terrych01,24,CAR,LW,10,0,2,2,-4,0,-0.1,0,0,0,0,0,2,0,13,0,121,12:05,6,9,0,0,,2014
801,Christian Thomas\thomach01,21,MTL,LW,2,0,0,0,-1,0,-0.1,0,0,0,0,0,0,0,1,0,14,07:11,1,1,0,0,,2014
802,Nate Thompson\thompna01,29,TBL,C,81,9,7,16,3,27,1,7,0,2,1,7,0,0,105,8.6,1042,12:52,45,114,496,478,50.9,2014
803,Chris Thorburn\thorbch01,30,WPG,RW,55,2,9,11,0,65,0.6,2,0,0,1,9,0,0,26,7.7,492,08:57,34,108,20,13,60.6,2014
804,Joe Thornton\thornjo01,34,SJS,C,82,11,65,76,20,32,7.9,9,2,0,3,47,17,1,122,9,1552,18:56,34,54,617,482,56.1,2014
805,Shawn Thornton\thornsh01,36,BOS,LW,64,5,3,8,3,74,0.5,5,0,0,1,3,0,0,93,5.4,563,08:48,19,111,3,6,33.3,2014
806,Kimmo Timonen\timonki01,38,PHI,D,77,6,29,35,5,32,6.2,5,1,0,1,9,19,1,152,3.9,1565,20:20,112,75,0,0,,2014
807,Jarred Tinordi\tinorja01,21,MTL,D,22,0,2,2,-2,40,0.4,0,0,0,0,2,0,0,10,0,320,14:32,27,42,0,0,,2014
808,Jiri Tlusty\tlustji01,25,CAR,LW,68,16,14,30,2,22,3.8,14,0,2,5,13,1,0,131,12.2,1032,15:10,38,88,3,12,20,2014
809,Jonathan Toews\toewsjo01,25,CHI,C,76,28,40,68,26,34,8.7,20,5,3,5,28,10,2,193,14.5,1555,20:28,20,29,884,660,57.3,2014
810,Tyler Toffoli\toffoty01,21,LAK,C,62,12,17,29,21,10,4.3,11,1,0,5,14,3,0,124,9.7,802,12:56,8,57,2,7,22.2,2014
811,Jordin Tootoo\tootojo01,30,DET,RW,11,0,1,1,-3,5,-0.1,0,0,0,0,1,0,0,11,0,77,06:59,1,27,0,0,,2014
812,Raffi Torres\torrera01,32,SJS,LW,5,3,2,5,4,7,1,3,0,0,0,2,0,0,9,33.3,52,10:22,2,9,2,2,50,2014
813,Vincent Trocheck\trochvi01,20,FLA,C,20,5,3,8,-11,6,0.4,3,1,1,0,3,0,0,38,13.2,378,18:53,11,39,166,182,47.7,2014
814,Corey Tropp\troppco01,24,TOT,RW,53,2,9,11,3,37,0.8,2,0,0,0,9,0,0,35,5.7,474,08:56,27,111,0,1,0,2014
814,Corey Tropp\troppco01,24,CBJ,RW,44,2,8,10,11,37,1.2,2,0,0,0,8,0,0,28,7.1,379,08:37,20,92,0,1,0,2014
814,Corey Tropp\troppco01,24,BUF,RW,9,0,1,1,-8,0,-0.4,0,0,0,0,1,0,0,7,0,94,10:29,7,19,0,0,,2014
815,Zach Trotman\trotmza01,23,BOS,D,2,0,0,0,0,0,0,0,0,0,0,0,0,0,4,0,30,15:00,0,2,0,0,,2014
816,Jacob Trouba\troubja01,19,WPG,D,65,10,19,29,4,43,5.9,9,0,1,1,16,3,0,121,8.3,1458,22:26,132,95,0,0,,2014
817,Kyle Turris\turriky01,24,OTT,C,82,26,32,58,22,39,7.5,18,6,2,5,23,8,1,215,12.1,1536,18:44,33,45,724,705,50.7,2014
818,Dana Tyrell\tyrelda01,24,TBL,C,7,0,0,0,0,4,-0.1,0,0,0,0,0,0,0,4,0,65,09:14,3,10,2,4,33.3,2014
819,Fedor Tyutin\tyutife01,30,CBJ,D,69,4,22,26,6,44,5.4,3,1,0,0,12,8,2,87,4.6,1477,21:25,83,89,0,0,,2014
820,R.J. Umberger\umberrj01,31,CBJ,LW,74,18,16,34,-3,26,3.7,9,8,1,3,11,4,1,136,13.2,1197,16:11,36,113,25,15,62.5,2014
821,Scottie Upshall\upshasc01,30,FLA,LW,76,15,22,37,1,73,3.9,13,1,1,3,17,5,0,161,9.3,1210,15:55,25,134,32,39,45.1,2014
822,Alexander Urbom\urbomal01,23,WSH,D,20,1,1,2,1,19,0.7,1,0,0,0,0,0,1,16,6.3,292,14:36,13,25,0,0,,2014
823,Bryce Van Brabant\vanbrbr01,22,CGY,LW,6,0,0,0,-1,2,-0.1,0,0,0,0,0,0,0,4,0,55,09:10,4,17,0,0,,2014
824,David Van Der Gulik\vandeda01,30,COL,LW,2,0,0,0,0,0,0,0,0,0,0,0,0,0,3,0,11,05:41,2,1,1,1,50,2014
825,Mark Van Guilder\vanguma01,30,NSH,C,1,0,0,0,0,0,0,0,0,0,0,0,0,0,0,,8,08:27,,0,,,,2014
826,James van Riemsdyk\vanrija01,24,TOR,LW,80,30,31,61,-9,50,7.1,19,9,2,3,23,6,2,279,10.8,1685,21:03,29,118,46,67,40.7,2014
827,Chris VandeVelde\vandech01,26,PHI,C,18,0,1,1,-3,6,-0.3,0,0,0,0,0,1,0,8,0,139,07:44,6,24,16,24,40,2014
828,Thomas Vanek\vanekth01,30,TOT,LW,78,27,41,68,7,46,8.6,19,8,0,4,31,10,0,248,10.9,1509,19:21,17,30,20,26,43.5,2014
828,Thomas Vanek\vanekth01,30,NYI,LW,47,17,27,44,4,34,5.4,12,5,0,2,20,7,0,137,12.4,940,20:00,10,17,1,0,100,2014
828,Thomas Vanek\vanekth01,30,MTL,LW,18,6,9,15,8,8,2.2,4,2,0,2,9,0,0,61,9.8,327,18:11,3,10,17,23,42.5,2014
828,Thomas Vanek\vanekth01,30,BUF,LW,13,4,5,9,-5,4,1,3,1,0,0,2,3,0,50,8,242,18:37,4,3,2,3,40,2014
829,Phil Varone\varonph01,23,BUF,C,9,1,1,2,-3,4,0.1,1,0,0,0,1,0,0,15,6.7,103,11:24,2,7,26,30,46.4,2014
830,Sami Vatanen\vatansa01,22,ANA,D,48,6,15,21,9,22,3.9,4,2,0,0,10,5,0,73,8.2,838,17:27,47,66,0,0,,2014
831,Stephane Veilleux\veillst01,32,MIN,LW,34,3,0,3,-2,21,0.1,3,0,0,0,0,0,0,26,11.5,287,08:26,20,41,1,1,50,2014
832,Antoine Vermette\vermean01,31,PHX,C,82,24,21,45,0,44,5,14,7,3,4,15,6,0,160,15,1575,19:13,71,90,1005,778,56.4,2014
833,Kris Versteeg\verstkr01,27,TOT,RW,81,12,24,36,0,36,3.1,11,1,0,1,17,7,0,157,7.6,1171,14:28,23,29,56,63,47.1,2014
833,Kris Versteeg\verstkr01,27,CHI,RW,63,10,19,29,9,27,2.9,9,1,0,1,14,5,0,110,9.1,889,14:06,18,23,47,53,47,2014
833,Kris Versteeg\verstkr01,27,FLA,RW,18,2,5,7,-9,9,0.2,2,0,0,0,3,2,0,47,4.3,283,15:42,5,6,9,10,47.4,2014
834,Linden Vey\veyli01,22,LAK,RW,18,0,5,5,0,0,0.2,0,0,0,0,3,1,1,8,0,218,12:08,1,2,55,69,44.4,2014
835,Lubomir Visnovsky\visnolu01,37,NYI,D,24,3,8,11,-1,10,1.9,1,2,0,1,3,5,0,34,8.8,493,20:32,26,14,0,0,,2014
836,Joe Vitale\vitaljo01,28,PIT,C,53,1,13,14,-1,29,0.7,1,0,0,1,12,1,0,42,2.4,582,10:58,22,89,200,120,62.5,2014
837,Marc-Edouard Vlasic\vlasima01,26,SJS,D,81,5,19,24,31,38,7.3,4,0,1,0,17,1,1,138,3.6,1678,20:43,150,51,0,0,,2014
838,Anton Volchenkov\volchan01,31,NJD,D,56,0,8,8,3,20,2.5,0,0,0,0,7,0,1,42,0,940,16:47,91,129,0,0,,2014
839,Aaron Volpatti\volpaaa01,28,WSH,LW,41,2,0,2,-3,49,-0.2,2,0,0,0,0,0,0,18,11.1,302,07:22,10,77,4,8,33.3,2014
840,Jakub Voracek\voracja01,24,PHI,RW,82,23,39,62,11,22,7.6,15,8,0,2,24,15,0,235,9.8,1415,17:15,20,19,4,2,66.7,2014
841,Slava Voynov\voynovi01,24,LAK,D,82,4,30,34,6,44,7.2,3,1,0,0,18,12,0,143,2.8,1829,22:18,69,165,1,0,100,2014
842,Radim Vrbata\vrbatra01,32,PHX,RW,80,20,31,51,-6,22,5.2,10,10,0,2,20,11,0,263,7.6,1437,17:57,27,68,17,26,39.5,2014
843,Joel Ward\wardjo02,33,WSH,RW,82,24,25,49,7,32,6.2,16,6,2,4,21,4,0,133,18,1318,16:04,67,54,90,109,45.2,2014
844,David Warsofsky\warsoda01,23,BOS,D,6,1,1,2,1,0,0.5,1,0,0,0,1,0,0,10,10,97,16:10,4,0,0,0,,2014
845,Mike Weaver\weavemi01,35,TOT,D,72,1,12,13,0,31,2.8,1,0,0,0,12,0,0,53,1.9,1331,18:29,128,121,1,0,100,2014
845,Mike Weaver\weavemi01,35,FLA,D,55,0,6,6,-9,23,0.7,0,0,0,0,6,0,0,44,0,1033,18:47,94,101,1,0,100,2014
845,Mike Weaver\weavemi01,35,MTL,D,17,1,6,7,9,8,2,1,0,0,0,6,0,0,9,11.1,298,17:30,34,20,0,0,,2014
846,Mike Weber\webermi01,26,BUF,D,68,1,8,9,-29,73,0.7,1,0,0,0,7,0,1,47,2.1,1212,17:49,161,208,0,0,,2014
847,Shea Weber\webersh01,28,NSH,D,79,23,33,56,-2,52,10.8,11,12,0,4,19,14,0,195,11.8,2125,02:54,173,169,0,0,,2014
848,Yannick Weber\weberya01,25,VAN,D,49,6,4,10,-7,16,2,3,3,0,2,2,2,0,70,8.6,584,11:55,37,39,0,0,,2014
849,Dale Weise\weiseda01,25,TOT,RW,61,6,10,16,3,59,1.9,5,1,0,1,10,0,0,41,14.6,513,08:25,26,103,0,4,0,2014
849,Dale Weise\weiseda01,25,VAN,RW,44,3,9,12,-1,42,1.2,2,1,0,0,9,0,0,29,10.3,342,07:46,13,65,0,4,0,2014
849,Dale Weise\weiseda01,25,MTL,RW,17,3,1,4,4,17,0.7,3,0,0,1,1,0,0,12,25,172,10:07,13,38,0,0,,2014
850,Stephen Weiss\weissst01,30,DET,C,26,2,2,4,-4,12,-0.2,2,0,0,1,1,0,1,28,7.1,384,14:46,10,4,184,173,51.5,2014
851,Casey Wellman\wellmca01,26,WSH,C,13,2,1,3,3,0,0.5,2,0,0,0,1,0,0,15,13.3,122,09:22,5,9,50,47,51.5,2014
852,Jeremy Welsh\welshje01,25,VAN,C,19,1,0,1,-1,6,0,1,0,0,0,0,0,0,13,7.7,130,06:51,8,16,46,44,51.1,2014
853,Kevin Westgarth\westgke01,29,TOT,RW,48,4,3,7,-4,68,0.6,4,0,0,1,3,0,0,31,12.9,312,06:30,10,45,1,4,20,2014
853,Kevin Westgarth\westgke01,29,CGY,RW,36,4,3,7,-2,64,0.8,4,0,0,1,3,0,0,25,16,253,07:02,10,38,1,4,20,2014
853,Kevin Westgarth\westgke01,29,CAR,RW,12,0,0,0,-2,4,-0.2,0,0,0,0,0,0,0,6,0,59,04:53,0,7,0,0,,2014
854,Patrick Wey\weypa01,22,WSH,D,9,0,3,3,0,5,0.4,0,0,0,0,3,0,0,5,0,131,14:35,4,11,0,0,,2014
855,Blake Wheeler\wheelbl01,27,WPG,RW,82,28,41,69,4,63,8.3,20,8,0,4,30,11,0,225,12.4,1532,18:41,68,150,15,25,37.5,2014
856,Ryan White\whitery01,25,MTL,C,52,2,4,6,-8,50,-0.2,2,0,0,1,4,0,0,51,3.9,504,09:41,37,88,197,191,50.8,2014
857,Joe Whitney\whitnjo01,25,NJD,RW,1,0,0,0,0,0,0,0,0,0,0,0,0,0,0,,8,08:00,0,1,0,1,0,2014
858,Ray Whitney\whitnra01,41,DAL,LW,69,9,23,32,-6,14,2.6,6,3,0,0,11,12,0,124,7.3,963,13:58,16,14,1,1,50,2014
859,Ryan Whitney\whitnry01,30,FLA,D,7,0,0,0,-7,6,-0.5,0,0,0,0,0,0,0,8,0,117,16:45,10,4,0,0,,2014
860,Dennis Wideman\widemde01,30,CGY,D,46,4,17,21,-15,18,2.8,2,2,0,0,14,2,1,102,3.9,1044,22:42,75,62,0,0,,2014
861,Patrick Wiercioch\wiercpa01,23,OTT,D,53,4,19,23,-1,20,3.4,1,3,0,0,10,9,0,97,4.1,868,16:22,48,54,0,2,0,2014
862,Justin Williams\williju01,32,LAK,RW,82,19,24,43,14,48,5.5,15,4,0,1,21,3,0,239,7.9,1390,16:57,21,44,2,8,20,2014
863,Colin Wilson\wilsoco01,24,NSH,C,81,11,22,33,-1,21,2.8,9,2,0,3,19,3,0,112,9.8,1233,15:13,35,49,166,177,48.4,2014
864,Garrett Wilson\wilsoga01,22,FLA,LW,3,0,0,0,-1,0,-0.1,0,0,0,0,0,0,0,4,0,31,10:20,2,11,0,0,,2014
865,Ryan Wilson\wilsory01,26,COL,D,28,0,6,6,1,12,0.9,0,0,0,0,6,0,0,23,0,411,14:40,17,53,0,1,0,2014
866,Tom Wilson\wilsoto01,19,WSH,RW,82,3,7,10,1,151,0.4,2,1,0,0,7,0,0,63,4.8,651,07:56,13,197,0,3,0,2014
867,Jesse Winchester\winchje01,30,FLA,C,52,9,9,18,-2,38,1.9,8,1,0,2,9,0,0,100,9,662,12:44,21,65,63,67,48.5,2014
868,Tommy Wingels\wingeto01,25,SJS,C,77,16,22,38,11,35,4.3,14,0,2,7,16,5,1,163,9.8,1241,16:07,58,218,20,36,35.7,2014
869,Daniel Winnik\winnida01,28,ANA,C,76,6,24,30,6,23,1.9,4,0,2,2,22,0,2,115,5.2,1170,15:23,62,61,85,111,43.4,2014
870,James Wisniewski\wisnija01,29,CBJ,D,75,7,44,51,0,61,8.3,4,3,0,1,19,25,0,166,4.2,1697,22:37,73,100,0,0,,2014
871,Tyler Wotherspoon\wothety01,20,CGY,D,14,0,4,4,-3,4,0.4,0,0,0,0,4,0,0,3,0,188,13:27,17,8,0,0,,2014
872,James Wright\wrighja02,23,WPG,C,59,0,2,2,-3,15,-0.9,0,0,0,0,2,0,0,41,0,565,09:35,20,63,126,143,46.8,2014
873,Nail Yakupov\yakupna01,20,EDM,RW,63,11,13,24,-33,36,1.1,7,4,0,1,11,2,0,122,9,902,14:19,23,64,0,0,,2014
874,Keith Yandle\yandlke01,27,PHX,D,82,8,45,53,-23,63,6.8,5,3,0,2,17,28,0,241,3.3,1980,00:09,105,22,0,0,,2014
875,Brandon Yip\yipbr01,28,PHX,RW,2,0,0,0,0,0,0,0,0,0,0,0,0,0,1,0,14,06:53,1,6,0,0,,2014
876,Nolan Yonkman\yonkmno01,32,ANA,D,2,0,1,1,-1,0,0,0,0,0,0,1,0,0,3,0,30,14:54,2,7,0,0,,2014
877,Nikita Zadorov\zadorni01,18,BUF,D,7,1,0,1,-4,4,0.1,1,0,0,0,0,0,0,4,25,120,17:10,3,25,0,0,,2014
878,Travis Zajac\zajactr01,28,NJD,C,80,18,30,48,3,28,5.2,15,3,0,3,18,12,0,165,10.9,1625,20:19,25,53,761,633,54.6,2014
879,Michael Zalewski\zalewmi01,21,VAN,LW,2,0,1,1,2,0,0.2,0,0,0,0,0,1,0,2,0,24,12:08,0,0,0,0,,2014
880,Henrik Zetterberg\zettehe01,33,DET,LW,45,16,32,48,19,20,6.5,13,3,0,1,18,14,0,151,10.6,925,20:33,15,23,259,230,53,2014
881,Mika Zibanejad\zibanmi01,20,OTT,C,69,16,17,33,-15,18,3,13,3,0,0,12,5,0,153,10.5,989,14:20,28,118,183,214,46.1,2014
882,Marek Zidlicky\zidlima01,36,NJD,D,81,12,30,42,-3,60,8.3,4,8,0,2,18,10,2,128,9.4,1754,21:39,81,124,0,0,,2014
883,Harry Zolnierczyk\zolniha01,26,PIT,LW,13,2,0,2,0,12,0.2,2,0,0,0,0,0,0,12,16.7,132,10:08,5,14,2,0,100,2014
884,Dainius Zubrus\zubruda01,35,NJD,C,82,13,13,26,1,46,2.4,13,0,0,1,13,0,0,121,10.7,1440,17:33,39,107,216,208,50.9,2014
885,Mats Zuccarello\zuccama01,26,NYR,LW,77,19,40,59,11,32,7.3,14,4,1,4,27,13,0,170,11.2,1320,17:08,41,116,3,5,37.5,2014
886,Jason Zucker\zuckeja01,22,MIN,LW,21,4,1,5,2,2,0.6,3,1,0,1,0,1,0,40,10,273,12:59,11,16,0,0,,2014
1,Justin Abdelkader\abdelju01,27,DET,LW,71,23,21,44,3,72,5.6,15,8,0,5,15,6,0,154,14.9,1272,17:55,28,153,7,8,46.7,2015
2,Will Acton\actonwi01,27,EDM,C,3,0,0,0,-2,5,-0.1,0,0,0,0,0,0,0,2,0,32,10:43,3,3,4,4,50,2015
3,Luke Adam\adamlu01,24,CBJ,C,3,0,0,0,0,4,0,0,0,0,0,0,0,0,0,,19,06:27,0,2,0,0,,2015
4,Craig Adams\adamscr01,37,PIT,RW,70,1,6,7,-1,44,-0.3,1,0,0,1,5,0,1,51,2,682,09:45,29,183,17,23,42.5,2015
5,Andrew Agozzino\agozzan01,24,COL,LW,1,0,1,1,1,0,0.1,0,0,0,0,1,0,0,1,0,10,09:45,0,1,0,2,0,2015
6,Jason Akeson\akesoja01,24,PHI,RW,13,0,0,0,-1,8,-0.2,0,0,0,0,0,0,0,9,0,105,08:03,4,11,1,1,50,2015
7,Bryan Allen\allenbr01,34,TOT,D,11,0,2,2,-2,6,0.2,0,0,0,0,2,0,0,6,0,173,15:43,15,20,0,0,,2015
7,Bryan Allen\allenbr01,34,ANA,D,6,0,1,1,0,4,0.2,0,0,0,0,1,0,0,4,0,109,18:13,10,11,0,0,,2015
7,Bryan Allen\allenbr01,34,MTL,D,5,0,1,1,-2,2,0,0,0,0,0,1,0,0,2,0,64,12:44,5,9,0,0,,2015
8,Conor Allen\allenco01,25,NYR,D,4,0,0,0,-1,4,-0.1,0,0,0,0,0,0,0,2,0,49,12:12,0,6,0,0,,2015
9,Mark Alt\altma01,23,PHI,D,1,0,0,0,-1,0,-0.1,0,0,0,0,0,0,0,0,,9,09:25,0,1,0,0,,2015
10,Karl Alzner\alzneka01,26,WSH,D,82,5,16,21,14,20,5.4,5,0,0,0,16,0,0,72,6.9,1593,19:26,165,120,0,0,,2015
11,Josh Anderson\anderjo05,20,CBJ,RW,6,0,1,1,-1,2,-0.1,0,0,0,0,1,0,0,10,0,81,13:27,2,24,0,0,,2015
12,Joakim Andersson\anderjo03,25,DET,C,68,3,5,8,-4,22,-0.3,3,0,0,1,5,0,0,74,4.1,791,11:38,24,27,192,183,51.2,2015
13,Andy Andreoff\andrean01,23,LAK,C,18,2,1,3,1,18,0.4,2,0,0,1,1,0,0,14,14.3,154,08:34,0,33,32,29,52.5,2015
14,Sven Andrighetto\andrisv01,21,MTL,RW,12,2,1,3,0,0,0.4,2,0,0,0,1,0,0,12,16.7,113,09:25,4,5,3,12,20,2015
15,Mike Angelidis\angelmi01,29,TBL,LW,3,0,0,0,0,12,0,0,0,0,0,0,0,0,0,,22,07:21,0,5,7,12,36.8,2015
16,Artem Anisimov\anisiar01,26,CBJ,C,52,7,20,27,-6,8,2,7,0,0,2,13,4,3,88,8,852,16:23,26,33,102,127,44.5,2015
17,Mark Arcobello\arcobma01,26,TOT,C,77,17,14,31,-10,20,3.3,16,1,0,2,10,3,1,129,13.2,1140,14:48,27,111,471,468,50.2,2015
17,Mark Arcobello\arcobma01,26,EDM,C,36,7,5,12,-7,12,1,7,0,0,0,3,1,1,54,13,554,15:23,13,54,252,274,47.9,2015
17,Mark Arcobello\arcobma01,26,ARI,C,27,9,7,16,-4,6,2,8,1,0,2,5,2,0,59,15.3,423,15:41,13,34,215,188,53.3,2015
17,Mark Arcobello\arcobma01,26,PIT,C,10,0,2,2,1,2,0.1,0,0,0,0,2,0,0,13,0,121,12:05,1,20,2,5,28.6,2015
17,Mark Arcobello\arcobma01,26,NSH,C,4,1,0,1,0,0,0.2,1,0,0,0,0,0,0,3,33.3,42,10:35,0,3,2,1,66.7,2015
18,Joel Armia\armiajo01,21,BUF,RW,1,0,0,0,0,0,0,0,0,0,0,0,0,0,0,,15,14:47,0,4,0,0,,2015
19,Viktor Arvidsson\arvidvi01,21,NSH,LW,6,0,0,0,0,0,-0.1,0,0,0,0,0,0,0,9,0,62,10:15,5,3,0,0,,2015
20,Carter Ashton\ashtoca01,23,TOR,RW,7,0,0,0,-3,0,-0.2,0,0,0,0,0,0,0,4,0,44,06:13,3,6,1,4,20,2015
21,Cam Atkinson\atkinca01,25,CBJ,RW,78,22,18,40,-2,22,4.5,14,7,1,7,15,3,0,212,10.4,1325,16:59,39,55,4,5,44.4,2015
22,Keith Aulie\aulieke01,25,EDM,D,31,0,1,1,-3,66,0.3,0,0,0,0,1,0,0,25,0,443,14:18,37,59,0,0,,2015
23,David Backes\backeda01,30,STL,C,80,26,32,58,7,104,7.2,16,10,0,3,26,6,0,183,14.2,1491,18:38,87,227,615,507,54.8,2015
24,Mikael Backlund\backlmi01,25,CGY,C,52,10,17,27,4,14,2.7,8,0,2,2,16,1,0,103,9.7,923,17:45,33,41,432,456,48.6,2015
25,Nicklas Backstrom\backsni02,27,WSH,C,82,18,60,78,5,40,8.1,15,3,0,3,30,30,0,153,11.8,1683,20:32,52,91,862,747,53.6,2015
26,Sven Baertschi\baertsv01,22,TOT,LW,18,2,4,6,-3,10,0.5,2,0,0,0,4,0,0,15,13.3,174,09:41,7,8,0,0,,2015
26,Sven Baertschi\baertsv01,22,CGY,LW,15,0,4,4,-3,6,0.1,0,0,0,0,4,0,0,11,0,138,09:13,5,8,0,0,,2015
26,Sven Baertschi\baertsv01,22,VAN,LW,3,2,0,2,0,4,0.4,2,0,0,0,0,0,0,4,50,36,12:02,2,0,0,0,,2015
27,Casey Bailey\baileca01,23,TOR,C,6,1,0,1,1,2,0.2,1,0,0,0,0,0,0,9,11.1,54,09:02,4,3,0,0,,2015
28,Josh Bailey\bailejo01,25,NYI,LW,70,15,26,41,3,12,4.3,13,2,0,1,24,2,0,140,10.7,1175,16:47,36,66,30,36,45.5,2015
29,Keith Ballard\ballake01,32,MIN,D,14,0,1,1,-3,26,0,0,0,0,0,1,0,0,5,0,169,12:03,20,15,0,0,,2015
30,Mark Barberio\barbema01,24,TBL,D,52,1,6,7,-4,16,0.9,1,0,0,0,6,0,0,53,1.9,873,16:47,46,35,0,0,,2015
31,Aleksander Barkov\barkoal01,19,FLA,C,71,16,20,36,-4,16,3.6,13,3,0,3,16,4,0,123,13,1242,17:30,35,35,462,540,46.1,2015
32,Tyson Barrie\barrity01,23,COL,D,80,12,41,53,5,26,9.4,10,2,0,0,27,14,0,139,8.6,1709,21:22,90,80,0,0,,2015
33,Matt Bartkowski\bartkma01,26,BOS,D,47,0,4,4,-6,37,0.7,0,0,0,0,4,0,0,67,0,796,16:56,24,88,0,0,,2015
34,Victor Bartley\bartlvi01,26,NSH,D,37,0,10,10,1,26,1.6,0,0,0,0,10,0,0,28,0,497,13:26,53,77,0,0,,2015
35,Kyle Baun\baunky01,22,CHI,RW,3,0,0,0,-1,0,-0.1,0,0,0,0,0,0,0,4,0,38,12:32,0,12,0,0,,2015
36,Jay Beagle\beaglja01,29,WSH,RW,62,10,10,20,6,20,2.2,10,0,0,2,9,0,1,84,11.9,794,12:49,33,73,217,167,56.5,2015
37,Francois Beauchemin\beaucfr01,34,ANA,D,64,11,12,23,17,48,6.1,9,2,0,1,10,1,1,110,10,1456,22:45,107,105,1,0,100,2015
38,Nathan Beaulieu\beaulna01,22,MTL,D,64,1,8,9,6,45,2.6,1,0,0,0,6,2,0,62,1.6,1005,15:42,69,50,0,0,,2015
39,Taylor Beck\beckta01,23,NSH,LW,62,8,8,16,-4,18,1.2,6,2,0,3,8,0,0,78,10.3,740,11:56,23,61,5,5,50,2015
40,Matt Beleskey\belesma01,26,ANA,LW,65,22,10,32,13,39,5,18,4,0,8,10,0,0,145,15.2,941,14:29,25,159,8,11,42.1,2015
41,Pierre-Edouard Bellemare\bellepi01,29,PHI,LW,81,6,6,12,-3,18,0.1,6,0,0,1,6,0,0,113,5.3,1039,12:50,61,121,360,395,47.7,2015
42,Brett Bellemore\bellebr01,26,CAR,D,49,2,8,10,1,27,2.9,2,0,0,1,8,0,0,26,7.7,802,16:23,54,148,0,0,,2015
43,Jamie Benn\bennja01,25,DAL,LW,82,35,52,87,1,64,10.7,23,10,2,6,37,13,2,253,13.8,1636,19:57,50,120,298,278,51.7,2015
44,Jordie Benn\bennjo01,27,DAL,D,73,2,14,16,-5,34,2.1,2,0,0,0,11,2,1,70,2.9,1319,18:04,121,92,0,1,0,2015
45,Beau Bennett\bennebe01,23,PIT,RW,49,4,8,12,-1,16,0.8,4,0,0,1,8,0,0,81,4.9,612,12:29,13,68,0,2,0,2015
46,Sam Bennett\bennesa01,18,CGY,C,1,0,1,1,-1,0,0,0,0,0,0,1,0,0,1,0,16,16:00,0,0,2,10,16.7,2015
47,Andre Benoit\benoian01,31,BUF,D,59,1,8,9,-19,20,1,0,0,1,0,7,1,0,45,2.2,1069,18:08,98,38,0,0,,2015
48,Sean Bergenheim\bergese01,30,TOT,LW,56,9,10,19,-2,40,1.8,9,0,0,2,8,2,0,108,8.3,735,13:07,13,72,2,4,33.3,2015
48,Sean Bergenheim\bergese01,30,FLA,LW,39,8,10,18,2,34,2.1,8,0,0,2,8,2,0,84,9.5,552,14:09,7,48,2,3,40,2015
48,Sean Bergenheim\bergese01,30,MIN,LW,17,1,0,1,-4,6,-0.3,1,0,0,0,0,0,0,24,4.2,183,10:45,6,24,0,1,0,2015
49,Patrice Bergeron\bergepa01,29,BOS,C,81,23,32,55,2,44,6.4,18,4,1,4,21,10,1,234,9.8,1469,18:08,60,57,1175,764,60.6,2015
50,Patrik Berglund\berglpa01,26,STL,C,77,12,15,27,-2,26,2.4,12,0,0,0,14,1,0,145,8.3,1122,14:35,26,93,161,168,48.9,2015
51,Steve Bernier\bernist01,29,NJD,RW,67,16,16,32,2,28,4.2,12,4,0,2,12,4,0,107,15,867,12:56,48,126,1,1,50,2015
52,Stu Bickel\bickest01,28,MIN,D,9,0,1,1,1,46,0.2,0,0,0,0,1,0,0,3,0,49,05:26,9,10,0,0,,2015
53,Bryan Bickell\bickebr01,28,CHI,LW,80,14,14,28,5,38,3.4,13,1,0,3,12,2,0,113,12.4,966,12:05,13,205,0,2,0,2015
54,Alex Biega\biegaal01,26,VAN,D,7,1,0,1,-2,0,0.1,1,0,0,1,0,0,0,7,14.3,111,15:48,8,34,0,0,,2015
55,Danny Biega\biegada01,23,CAR,D,10,0,2,2,-5,0,0.1,0,0,0,0,2,0,0,7,0,161,16:09,7,27,0,0,,2015
56,Kevin Bieksa\biekske01,33,VAN,D,60,4,10,14,0,77,3,4,0,0,1,8,1,1,99,4,1250,20:50,93,109,0,0,,2015
57,Anthony Bitetto\bitetan01,24,NSH,D,7,0,0,0,-1,7,0,0,0,0,0,0,0,0,2,0,82,11:47,3,9,1,0,100,2015
58,Nick Bjugstad\bjugsni01,22,FLA,C,72,24,19,43,-7,38,5.3,17,7,0,3,14,5,0,207,11.6,1194,16:35,29,148,486,508,48.9,2015
59,Jesse Blacker\blackje01,23,ANA,D,1,0,0,0,-2,0,-0.2,0,0,0,0,0,0,0,0,,6,06:03,1,1,0,0,,2015
60,Jonathon Blum\blumjo02,26,MIN,D,4,0,1,1,-3,2,-0.1,0,0,0,0,1,0,0,3,0,39,09:52,2,1,0,0,,2015
61,Mike Blunden\blundmi01,28,TBL,RW,2,0,0,0,-1,2,-0.1,0,0,0,0,0,0,0,0,,20,09:47,0,7,0,0,,2015
62,Troy Bodie\bodietr01,30,TOR,RW,5,0,0,0,0,5,0,0,0,0,0,0,0,0,1,0,23,04:37,0,4,0,0,,2015
63,Mikkel Boedker\boedkmi01,25,ARI,LW,45,14,14,28,-10,6,3.2,11,3,0,2,5,9,0,79,17.7,787,17:29,9,66,0,2,0,2015
64,Zach Bogosian\bogosza01,24,TOT,D,62,3,17,20,-6,78,3.5,3,0,0,0,15,2,0,125,2.4,1469,23:41,90,189,0,0,,2015
64,Zach Bogosian\bogosza01,24,WPG,D,41,3,10,13,1,40,2.6,3,0,0,0,9,1,0,74,4.1,909,22:10,47,106,0,0,,2015
64,Zach Bogosian\bogosza01,24,BUF,D,21,0,7,7,-7,38,1,0,0,0,0,6,1,0,51,0,560,02:39,43,83,0,0,,2015
65,Alexandre Bolduc\boldual01,29,ARI,C,3,0,0,0,-1,2,-0.1,0,0,0,0,0,0,0,3,0,32,10:40,1,17,10,9,52.6,2015
66,Jared Boll\bollja01,28,CBJ,RW,72,1,4,5,-13,109,-0.8,1,0,0,0,4,0,0,28,3.6,524,07:16,17,131,0,2,0,2015
67,Dave Bolland\bollada01,28,FLA,C,53,6,17,23,4,48,2,5,0,1,0,12,5,0,76,7.9,867,16:21,21,89,414,517,44.5,2015
68,Brandon Bollig\bollibr01,28,CGY,LW,62,1,4,5,-9,88,-0.6,1,0,0,0,4,0,0,67,1.5,533,08:36,24,139,3,2,60,2015
69,Nick Bonino\boninni01,26,VAN,C,75,15,24,39,7,22,4.2,14,1,0,6,20,4,0,149,10.1,1269,16:55,89,31,585,649,47.4,2015
70,David Booth\boothda01,30,TOR,LW,59,7,6,13,-8,25,0.8,7,0,0,2,5,0,1,107,6.5,705,11:56,8,87,6,7,46.2,2015
71,Patrick Bordeleau\bordepa02,28,COL,LW,1,0,0,0,0,0,0,0,0,0,0,0,0,0,0,,7,06:46,0,2,0,0,,2015
72,Mark Borowiecki\borowma01,25,OTT,D,63,1,10,11,15,107,3.3,1,0,0,0,10,0,0,30,3.3,1002,15:55,102,233,0,0,,2015
73,Robert Bortuzzo\borturo01,25,TOT,D,51,3,5,8,-9,93,1.2,3,0,0,0,5,0,0,56,5.4,771,15:07,61,157,1,0,100,2015
73,Robert Bortuzzo\borturo01,25,PIT,D,38,2,4,6,-6,68,1,2,0,0,0,4,0,0,37,5.4,587,15:28,44,116,1,0,100,2015
73,Robert Bortuzzo\borturo01,25,STL,D,13,1,1,2,-3,25,0.2,1,0,0,0,1,0,0,19,5.3,183,14:06,17,41,0,0,,2015
74,Reid Boucher\bouchre01,21,NJD,LW,11,1,0,1,-4,0,-0.1,1,0,0,0,0,0,0,20,5,123,11:08,5,9,0,0,,2015
75,Eric Boulton\boulter01,38,NYI,LW,10,2,0,2,-1,30,0.3,2,0,0,0,0,0,0,9,22.2,72,07:12,4,10,0,0,,2015
76,Lance Bouma\boumala01,24,CGY,C,78,16,18,34,10,54,4.1,16,0,0,4,16,1,1,104,15.4,1093,14:01,82,264,29,45,39.2,2015
77,Michael Bournival\bournmi01,22,MTL,LW,29,3,2,5,3,4,0.7,3,0,0,1,2,0,0,27,11.1,229,07:53,10,26,4,1,80,2015
78,Gabriel Bourque\bourqga01,24,NSH,LW,69,3,10,13,-13,10,-0.2,3,0,0,0,10,0,0,76,3.9,829,12:01,44,141,3,3,50,2015
79,Rene Bourque\bourqre01,33,TOT,RW,51,6,8,14,-15,22,0.5,4,2,0,1,7,1,0,85,7.1,644,12:38,11,71,4,6,40,2015
79,Rene Bourque\bourqre01,33,ANA,RW,30,2,6,8,-4,12,0.3,1,1,0,0,5,1,0,44,4.5,364,12:08,5,36,1,4,20,2015
79,Rene Bourque\bourqre01,33,MTL,RW,13,0,2,2,-9,6,-0.4,0,0,0,0,2,0,0,18,0,160,12:21,3,18,3,2,60,2015
79,Rene Bourque\bourqre01,33,CBJ,RW,8,4,0,4,-2,4,0.6,3,1,0,1,0,0,0,23,17.4,120,15:00,3,17,0,0,,2015
80,Ryan Bourque\bourqry01,24,NYR,C,1,0,0,0,-1,0,-0.1,0,0,0,0,0,0,0,1,0,12,11:49,0,0,0,0,,2015
81,Jay Bouwmeester\bouwmja01,31,STL,D,72,2,11,13,7,24,3.7,2,0,0,0,7,4,0,92,2.2,1632,22:40,99,42,0,0,,2015
82,Drayson Bowman\bowmadr01,25,MTL,LW,3,0,0,0,0,0,0,0,0,0,0,0,0,0,0,,20,06:31,0,3,0,0,,2015
83,Johnny Boychuk\boychjo01,31,NYI,D,72,9,26,35,15,14,7.1,4,5,0,1,15,10,1,192,4.7,1561,21:41,149,171,2,1,66.7,2015
84,Zach Boychuk\boychza01,25,CAR,LW,31,3,3,6,0,4,0.6,3,0,0,0,3,0,0,35,8.6,329,10:38,9,40,0,0,,2015
85,Brad Boyes\boyesbr01,32,FLA,RW,78,14,24,38,11,20,4.3,9,5,0,4,20,4,0,151,9.3,1221,15:39,38,60,97,76,56.1,2015
86,Brian Boyle\boylebr01,30,TBL,C,82,15,9,24,3,54,2.5,12,0,3,5,9,0,0,140,10.7,1065,13:00,63,128,438,456,49,2015
87,Dan Boyle\boyleda01,38,NYR,D,65,9,11,20,18,20,5.4,6,3,0,3,6,5,0,116,7.8,1316,20:15,79,49,0,0,,2015
88,Tyler Bozak\bozakty01,28,TOR,C,82,23,26,49,-34,44,4.2,9,12,2,3,20,6,0,154,14.9,1570,19:09,46,83,944,831,53.2,2015
89,Derick Brassard\brassde01,27,NYR,C,80,19,41,60,9,34,6.9,13,6,0,3,29,12,0,168,11.3,1392,17:24,13,104,669,699,48.9,2015
90,Justin Braun\braunju01,27,SJS,D,70,1,22,23,8,48,4.6,1,0,0,0,20,2,0,94,1.1,1472,21:02,130,79,0,0,,2015
91,T.J. Brennan\brenntj01,25,TOR,D,6,0,1,1,-7,9,-0.4,0,0,0,0,0,1,0,11,0,101,16:49,5,2,0,0,,2015
92,Eric Brewer\breweer01,35,TOT,D,44,3,8,11,-5,36,1.7,3,0,0,1,7,0,1,33,9.1,822,18:41,72,87,0,0,,2015
92,Eric Brewer\breweer01,35,TOR,D,18,2,3,5,-4,12,0.8,2,0,0,1,3,0,0,12,16.7,363,20:12,39,40,0,0,,2015
92,Eric Brewer\breweer01,35,TBL,D,17,0,4,4,5,18,1,0,0,0,0,3,0,1,14,0,303,17:50,22,35,0,0,,2015
92,Eric Brewer\breweer01,35,ANA,D,9,1,1,2,-6,6,-0.1,1,0,0,0,1,0,0,7,14.3,155,17:16,11,12,0,0,,2015
93,Daniel Briere\brierda01,37,COL,C,57,8,4,12,-7,18,0.8,8,0,0,3,4,0,0,69,11.6,691,12:07,9,19,13,11,54.2,2015
94,T.J. Brodie\broditj01,24,CGY,D,81,11,30,41,15,30,8.8,7,3,1,3,22,6,2,133,8.3,2042,01:12,178,27,0,0,,2015
95,Jonas Brodin\brodijo01,21,MIN,D,71,3,14,17,21,8,5.8,3,0,0,1,11,2,1,95,3.2,1716,00:10,128,31,0,0,,2015
96,Kyle Brodziak\brodzky01,30,MIN,C,73,9,11,20,-6,47,1.5,8,0,1,0,11,0,0,86,10.5,952,13:03,63,56,338,340,49.9,2015
97,Julien Brouillette\brouiju01,28,WPG,D,1,0,0,0,0,0,0,0,0,0,0,0,0,0,0,,10,09:33,1,1,0,0,,2015
98,Troy Brouwer\brouwtr01,29,WSH,RW,82,21,22,43,11,53,5.2,11,8,2,3,16,6,0,145,14.5,1437,17:31,39,206,251,190,56.9,2015
99,Chris Brown\brownch01,23,WSH,C,5,1,0,1,1,2,0.2,1,0,0,0,0,0,0,4,25,32,06:28,1,6,1,2,33.3,2015
100,Dustin Brown\browndu01,30,LAK,RW,82,11,16,27,-17,26,1.3,10,1,0,3,11,5,0,189,5.8,1354,16:31,23,234,13,21,38.2,2015
101,J.T. Brown\brownjt01,24,TBL,RW,52,3,6,9,-2,30,0.2,3,0,0,0,6,0,0,74,4.1,552,10:36,21,44,6,7,46.2,2015
102,Mike Brown\brownmi02,29,SJS,RW,12,0,0,0,0,22,-0.2,0,0,0,0,0,0,0,11,0,98,08:12,7,42,4,3,57.1,2015
103,Patrick Brown\brownpa02,22,CAR,C,7,0,0,0,-4,4,-0.2,0,0,0,0,0,0,0,4,0,62,08:53,2,11,0,2,0,2015
104,Damien Brunner\brunnda01,28,NJD,C,17,2,5,7,-1,8,0.6,2,0,0,0,1,4,0,29,6.9,258,15:09,3,7,2,2,50,2015
105,Andre Burakovsky\burakan01,19,WSH,LW,53,9,13,22,12,10,2.8,7,2,0,2,12,1,0,65,13.8,685,12:55,18,22,74,93,44.3,2015
106,Adam Burish\burisad01,32,SJS,RW,20,1,2,3,-6,33,-0.2,1,0,0,0,2,0,0,22,4.5,223,11:09,19,11,57,50,53.3,2015
107,Brent Burns\burnsbr01,29,SJS,D,82,17,43,60,-9,65,9.5,10,7,0,2,26,17,0,245,6.9,1964,23:57,124,148,0,0,,2015
108,Alexandre Burrows\burroal01,33,VAN,RW,70,18,15,33,0,68,3.9,13,4,1,3,11,4,0,145,12.4,1083,15:29,33,73,6,8,42.9,2015
109,Chris Butler\butlech01,28,STL,D,33,3,6,9,8,23,2.5,2,0,1,0,6,0,0,54,5.6,567,17:11,38,31,0,0,,2015
110,Dustin Byfuglien\byfugdu01,29,WPG,D,69,18,27,45,5,124,8.8,13,5,0,3,14,12,1,209,8.6,1565,22:41,60,204,0,3,0,2015
111,Paul Byron\byronpa01,25,CGY,C,57,6,13,19,-2,8,1.3,5,1,0,0,11,0,2,62,9.7,825,14:28,24,101,34,62,35.4,2015
112,Ryan Callahan\callary01,29,TBL,RW,77,24,30,54,9,41,6.6,14,10,0,4,24,6,0,191,12.6,1366,17:44,48,181,12,19,38.7,2015
113,Matt Calvert\calvema01,25,CBJ,LW,56,13,10,23,1,28,2.5,13,0,0,3,9,0,1,93,14,896,16:00,20,92,6,4,60,2015
114,Mike Cammalleri\cammami01,32,NJD,LW,68,27,15,42,2,28,6,16,9,2,8,13,2,0,156,17.3,1247,18:20,19,29,114,157,42.1,2015
115,Andrew Campbell\campban01,26,ARI,D,33,0,1,1,-13,10,-0.2,0,0,0,0,1,0,0,28,0,579,17:32,58,67,0,0,,2015
116,Brian Campbell\campbbr02,35,FLA,D,82,3,24,27,4,22,5.6,2,1,0,0,13,11,0,118,2.5,1903,23:13,85,44,0,0,,2015
117,Gregory Campbell\campbgr01,31,BOS,C,70,6,6,12,1,45,0.6,5,0,1,2,6,0,0,64,9.4,849,12:08,41,119,339,287,54.2,2015
118,Daniel Carcillo\carcida01,30,CHI,LW,39,4,4,8,3,54,1,4,0,0,0,4,0,0,42,9.5,319,08:11,7,36,0,1,0,2015
119,Paul Carey\careypa01,26,COL,C,10,0,1,1,2,0,0.1,0,0,0,0,1,0,0,5,0,79,07:53,2,12,0,3,0,2015
120,Matt Carle\carlema01,30,TBL,D,59,4,14,18,12,26,4,3,1,0,0,14,0,0,73,5.5,1209,20:29,109,27,0,0,,2015
121,John Carlson\carlsjo01,25,WSH,D,82,12,43,55,11,28,10,8,3,1,3,30,13,0,193,6.2,1892,23:04,200,74,0,0,,2015
122,Jordan Caron\caronjo01,24,TOT,RW,30,0,0,0,-2,18,-0.5,0,0,0,0,0,0,0,12,0,241,08:02,8,41,0,1,0,2015
122,Jordan Caron\caronjo01,24,COL,RW,19,0,0,0,-1,2,-0.3,0,0,0,0,0,0,0,8,0,154,08:06,4,21,0,0,,2015
122,Jordan Caron\caronjo01,24,BOS,RW,11,0,0,0,-1,16,-0.2,0,0,0,0,0,0,0,4,0,87,07:56,4,20,0,1,0,2015
123,Sam Carrick\carrisa01,22,TOR,C,16,1,1,2,1,9,0.2,1,0,0,0,1,0,0,17,5.9,104,06:29,1,30,38,53,41.8,2015
124,Jeff Carter\carteje01,30,LAK,C,82,28,34,62,7,28,8,17,10,1,5,28,5,1,218,12.8,1474,17:58,32,74,602,577,51.1,2015
125,Ryan Carter\cartery01,31,MIN,C,53,3,10,13,3,55,1.1,2,0,1,0,10,0,0,47,6.4,535,10:05,30,77,29,40,42,2015
126,Cody Ceci\cecico01,21,OTT,D,81,5,16,21,-4,6,3.6,4,1,0,0,13,3,0,130,3.8,1562,19:17,113,89,0,0,,2015
127,Michael Chaput\chapumi01,22,CBJ,C,33,1,4,5,-8,21,-0.3,1,0,0,0,4,0,0,23,4.3,337,10:12,20,59,143,151,48.6,2015
128,Zdeno Chara\charazd01,37,BOS,D,63,8,12,20,0,42,4.5,4,4,0,0,8,1,3,138,5.8,1471,23:21,99,125,1,0,100,2015
129,Ben Chiarot\chiarbe01,23,WPG,D,40,2,6,8,5,22,2.1,2,0,0,0,6,0,0,37,5.4,681,17:01,52,71,0,0,,2015
130,Alex Chiasson\chiasal01,24,OTT,RW,76,11,15,26,-5,67,2.1,8,3,0,1,11,3,1,105,10.5,1017,13:23,20,93,3,18,14.3,2015
131,Jason Chimera\chimeja01,35,WSH,LW,77,7,12,19,-1,51,1.1,7,0,0,2,12,0,0,96,7.3,996,12:56,18,132,43,33,56.6,2015
132,Kyle Chipchura\chipcky01,28,ARI,C,70,4,10,14,-23,82,-0.3,3,1,0,0,10,0,0,81,4.9,938,13:24,29,130,473,439,51.9,2015
133,Taylor Chorney\chornta01,27,PIT,D,7,0,0,0,-1,0,0,0,0,0,0,0,0,0,4,0,85,12:10,3,5,0,0,,2015
134,Casey Cizikas\cizikca01,23,NYI,C,70,9,9,18,-2,24,1.3,7,0,2,2,8,1,0,90,10,876,12:31,50,144,446,409,52.2,2015
135,Mat Clark\clarkma01,24,ANA,D,7,0,1,1,2,6,0.3,0,0,0,0,1,0,0,2,0,89,12:46,5,10,0,0,,2015
136,David Clarkson\clarkda03,30,TOT,RW,61,10,5,15,-12,106,1,9,1,0,1,5,0,0,95,10.5,842,13:48,19,133,25,48,34.2,2015
136,David Clarkson\clarkda03,30,TOR,RW,58,10,5,15,-11,92,1.1,9,1,0,1,5,0,0,93,10.8,805,13:53,18,124,20,43,31.7,2015
136,David Clarkson\clarkda03,30,CBJ,RW,3,0,0,0,-1,14,-0.1,0,0,0,0,0,0,0,2,0,37,12:18,1,9,5,5,50,2015
137,Dan Cleary\clearda01,36,DET,RW,17,1,1,2,-4,6,-0.1,1,0,0,0,1,0,0,17,5.9,155,09:08,9,21,2,2,50,2015
138,Adam Clendening\clendad01,22,TOT,D,21,1,3,4,2,10,1,0,1,0,0,1,2,0,17,5.9,349,16:38,22,9,0,0,,2015
138,Adam Clendening\clendad01,22,VAN,D,17,0,2,2,1,8,0.5,0,0,0,0,1,1,0,15,0,297,17:27,17,8,0,0,,2015
138,Adam Clendening\clendad01,22,CHI,D,4,1,1,2,1,2,0.5,0,1,0,0,0,1,0,2,50,53,13:10,5,1,0,0,,2015
139,Marc-Andre Cliche\clichma01,27,COL,C,74,2,5,7,-2,17,-0.4,2,0,0,0,5,0,0,68,2.9,785,10:36,28,27,377,358,51.3,2015
140,Kyle Clifford\cliffky01,24,LAK,LW,80,6,9,15,5,87,1.2,6,0,0,1,9,0,0,117,5.1,859,10:44,14,200,2,4,33.3,2015
141,Grant Clitsome\clitsgr01,29,WPG,D,24,0,4,4,4,8,1.1,0,0,0,0,4,0,0,22,0,393,16:22,20,46,0,0,,2015
142,Ryane Clowe\clowery01,32,NJD,LW,13,1,3,4,-1,4,0.2,1,0,0,0,3,0,0,15,6.7,204,15:40,1,21,0,1,0,2015
143,Rich Clune\cluneri01,27,NSH,LW,1,0,0,0,0,0,0,0,0,0,0,0,0,0,0,,6,05:30,0,3,0,0,,2015
144,Cal Clutterbuck\cluttca01,27,NYI,RW,76,7,9,16,1,60,0.8,5,0,2,4,7,1,1,124,5.6,967,12:44,31,343,6,3,66.7,2015
145,Braydon Coburn\coburbr01,29,TOT,D,43,1,10,11,2,25,2.2,1,0,0,0,10,0,0,46,2.2,857,19:56,66,62,0,0,,2015
145,Braydon Coburn\coburbr01,29,PHI,D,39,1,8,9,-1,16,1.6,1,0,0,0,8,0,0,45,2.2,789,20:14,56,56,0,0,,2015
145,Braydon Coburn\coburbr01,29,TBL,D,4,0,2,2,3,9,0.5,0,0,0,0,2,0,0,1,0,68,17:02,10,6,0,0,,2015
146,Andrew Cogliano\coglian01,27,ANA,C,82,15,14,29,5,14,3,12,0,3,2,14,0,0,134,11.2,1197,14:36,30,139,16,33,32.7,2015
147,Carlo Colaiacovo\colaica01,32,PHI,D,33,2,6,8,0,10,1.5,2,0,0,0,4,2,0,42,4.8,544,16:29,33,46,0,0,,2015
148,Joe Colborne\colbojo01,25,CGY,C,64,8,20,28,7,43,2.6,6,1,1,1,16,4,0,67,11.9,987,15:25,36,163,176,152,53.7,2015
149,Erik Cole\coleer01,36,TOT,LW,68,21,18,39,2,14,5,17,3,1,0,12,6,0,122,17.2,989,14:33,20,134,5,11,31.3,2015
149,Erik Cole\coleer01,36,DAL,LW,57,18,15,33,4,14,4.4,15,2,1,0,11,4,0,98,18.4,828,14:32,17,116,4,11,26.7,2015
149,Erik Cole\coleer01,36,DET,LW,11,3,3,6,-2,0,0.7,2,1,0,0,1,2,0,24,12.5,161,14:39,3,18,1,0,100,2015
150,Ian Cole\coleia01,25,TOT,D,74,5,12,17,14,51,4.7,5,0,0,0,11,1,0,83,6,1183,15:59,99,73,0,0,,2015
150,Ian Cole\coleia01,25,STL,D,54,4,5,9,16,44,3.5,4,0,0,0,5,0,0,52,7.7,813,15:03,63,42,0,0,,2015
150,Ian Cole\coleia01,25,PIT,D,20,1,7,8,-2,7,1.2,1,0,0,0,6,1,0,31,3.2,370,18:29,36,31,0,0,,2015
151,Sean Collins\collise02,26,CBJ,C,8,0,2,2,0,2,0.1,0,0,0,0,2,0,0,4,0,83,10:20,0,18,2,3,40,2015
152,Blake Comeau\comeabl01,28,PIT,LW,61,16,15,31,6,65,4,16,0,0,5,14,1,0,147,10.9,932,15:17,11,188,7,2,77.8,2015
153,Cory Conacher\conacco01,25,NYI,C,15,1,2,3,-3,14,-0.1,1,0,0,0,2,0,0,23,4.3,202,13:29,7,19,1,2,33.3,2015
154,Erik Condra\condrer01,28,OTT,RW,68,9,14,23,13,30,2.4,8,0,1,1,13,0,1,106,8.5,983,14:27,53,33,2,7,22.2,2015
155,Kevin Connauton\connake01,24,TOT,D,62,9,12,21,5,35,4.4,9,0,0,4,9,3,0,96,9.4,1005,16:13,48,83,0,0,,2015
155,Kevin Connauton\connake01,24,CBJ,D,54,9,10,19,1,29,3.8,9,0,0,4,7,3,0,86,10.5,909,16:50,44,75,0,0,,2015
155,Kevin Connauton\connake01,24,DAL,D,8,0,2,2,4,6,0.6,0,0,0,0,2,0,0,10,0,97,12:05,4,8,0,0,,2015
156,Chris Conner\connech01,31,WSH,RW,2,0,0,0,1,4,0,0,0,0,0,0,0,0,3,0,18,08:49,0,0,0,0,,2015
157,Brett Connolly\connobr01,22,TOT,RW,55,12,5,17,3,48,2.1,10,2,0,2,4,1,0,83,14.5,668,12:09,13,90,18,25,41.9,2015
157,Brett Connolly\connobr01,22,TBL,RW,50,12,3,15,4,38,2.1,10,2,0,2,3,0,0,74,16.2,597,11:56,12,78,18,24,42.9,2015
157,Brett Connolly\connobr01,22,BOS,RW,5,0,2,2,-1,10,0.1,0,0,0,0,1,1,0,9,0,72,14:22,1,12,0,1,0,2015
158,Matt Cooke\cookema01,36,MIN,LW,29,4,6,10,0,13,1,4,0,0,0,6,0,0,24,16.7,365,12:36,22,39,3,6,33.3,2015
159,Andrew Copp\coppan01,20,WPG,C,1,0,1,1,2,0,0.2,0,0,0,0,1,0,0,4,0,13,13:16,0,0,12,6,66.7,2015
160,Patrice Cormier\cormipa01,24,WPG,C,1,0,0,0,0,0,0,0,0,0,0,0,0,0,0,,5,04:54,0,1,3,2,60,2015
161,Frank Corrado\corrafr01,21,VAN,D,10,1,0,1,-7,0,-0.3,1,0,0,0,0,0,0,8,12.5,157,15:40,12,15,0,0,,2015
162,Nick Cousins\cousini01,21,PHI,C,11,0,0,0,1,2,-0.1,0,0,0,0,0,0,0,6,0,97,08:49,5,13,23,29,44.2,2015
163,Logan Couture\coutulo01,25,SJS,C,82,27,40,67,-6,12,7.6,19,6,2,4,22,18,0,263,10.3,1564,19:04,64,82,451,511,46.9,2015
164,Sean Couturier\coutuse01,22,PHI,C,82,15,22,37,4,28,3.3,13,1,1,0,16,5,1,148,10.1,1508,18:23,35,72,643,678,48.7,2015
165,Jared Cowen\cowenja01,24,OTT,D,54,3,6,9,-11,45,1,3,0,0,1,6,0,0,47,6.4,980,18:09,76,159,0,0,,2015
166,Charlie Coyle\coylech01,22,MIN,C,82,11,24,35,13,39,3.8,10,1,0,4,22,2,0,120,9.2,1193,14:33,52,137,334,375,47.1,2015
167,Adam Cracknell\crackad01,29,CBJ,RW,17,0,1,1,-8,2,-0.5,0,0,0,0,1,0,0,17,0,169,09:57,6,43,20,38,34.5,2015
168,Ryan Craig\craigry01,33,CBJ,C,2,0,0,0,0,0,0,0,0,0,0,0,0,0,2,0,15,07:17,0,2,0,0,,2015
169,B.J. Crombeen\crombbj01,29,ARI,RW,58,3,3,6,-6,79,0.1,3,0,0,0,3,0,0,43,7,469,08:06,12,68,1,0,100,2015
170,Sidney Crosby\crosbsi01,27,PIT,C,77,28,56,84,5,47,10.3,18,10,0,3,35,21,0,237,11.8,1538,19:58,29,66,797,789,50.3,2015
171,Matt Cullen\cullema01,38,NSH,C,62,7,18,25,8,16,2.6,7,0,0,1,14,4,0,90,7.8,807,13:01,18,10,155,132,54,2015
172,Kyle Cumiskey\cumisky01,28,CHI,D,7,0,0,0,-1,0,0,0,0,0,0,0,0,0,5,0,93,13:18,11,3,0,0,,2015
173,Craig Cunningham\cunnicr01,24,TOT,RW,51,3,4,7,-7,4,0,2,0,1,0,4,0,0,54,5.6,534,10:28,31,107,69,66,51.1,2015
173,Craig Cunningham\cunnicr01,24,BOS,RW,32,2,1,3,-4,2,-0.2,1,0,1,0,1,0,0,31,6.5,324,10:07,20,70,47,46,50.5,2015
173,Craig Cunningham\cunnicr01,24,ARI,RW,19,1,3,4,-3,2,0.1,1,0,0,0,3,0,0,23,4.3,211,11:05,11,37,22,20,52.4,2015
174,Jerry D'Amigo\damigje01,23,BUF,RW,9,0,0,0,-4,2,-0.3,0,0,0,0,0,0,0,7,0,88,09:44,7,8,0,0,,2015
175,Klas Dahlbeck\dahlbkl01,23,TOT,D,23,1,3,4,-8,8,0.4,1,0,0,0,3,0,0,20,5,406,17:40,46,64,0,0,,2015
175,Klas Dahlbeck\dahlbkl01,23,ARI,D,19,0,3,3,-7,6,0.2,0,0,0,0,3,0,0,16,0,365,19:11,40,58,0,0,,2015
175,Klas Dahlbeck\dahlbkl01,23,CHI,D,4,1,0,1,-1,2,0.2,1,0,0,0,0,0,0,4,25,42,10:24,6,6,0,0,,2015
176,Trevor Daley\daleytr01,31,DAL,D,68,16,22,38,-13,34,5.6,8,6,2,2,16,6,0,113,14.2,1556,22:53,123,29,0,0,,2015
177,Zac Dalpe\dalpeza01,25,BUF,C,21,1,2,3,-11,4,-0.3,1,0,0,0,2,0,0,29,3.4,195,09:17,8,15,20,13,60.6,2015
178,Phillip Danault\danauph01,21,CHI,C,2,0,0,0,0,0,0,0,0,0,0,0,0,0,2,0,19,09:30,0,3,6,14,30,2015
179,Marko Daňo\danoma01,20,CBJ,C,35,8,13,21,12,14,2.9,8,0,0,1,13,0,0,84,9.5,464,13:15,12,94,16,21,43.2,2015
180,Pavel Datsyuk\datsypa01,36,DET,C,63,26,39,65,12,8,8.8,18,8,0,5,23,16,0,165,15.8,1200,19:03,28,51,601,517,53.8,2015
181,Brandon Davidson\davidbr01,23,EDM,D,12,1,0,1,-5,0,0,1,0,0,0,0,0,0,7,14.3,182,15:08,22,18,0,0,,2015
182,Calvin de Haan\dehaaca01,23,NYI,D,65,1,11,12,3,24,2.3,0,0,1,0,10,1,0,92,1.1,1236,19:01,130,140,0,0,,2015
183,Jacob de La Rose\delarja01,19,MTL,LW,33,4,2,6,-5,12,0.2,3,0,1,0,2,0,0,38,10.5,455,13:48,24,71,64,96,40,2015
184,Brandon DeFazio\defazbr01,26,VAN,LW,2,0,0,0,0,0,0,0,0,0,0,0,0,0,2,0,12,05:57,0,0,0,0,,2015
185,Danny DeKeyser\dekeyda01,24,DET,D,80,2,29,31,11,42,6,2,0,0,1,23,6,0,89,2.2,1674,20:56,88,74,0,0,,2015
186,Michael Del Zotto\delzomi01,24,PHI,D,64,10,22,32,-5,34,5.3,8,1,1,4,15,7,0,119,8.4,1403,21:55,128,153,0,0,,2015
187,Jason Demers\demerja01,26,TOT,D,81,5,20,25,-3,71,3.9,3,2,0,2,17,3,0,99,5.1,1549,19:08,85,118,0,0,,2015
187,Jason Demers\demerja01,26,DAL,D,61,5,17,22,3,63,3.7,3,2,0,2,14,3,0,79,6.3,1185,19:26,69,88,0,0,,2015
187,Jason Demers\demerja01,26,SJS,D,20,0,3,3,-6,8,0.1,0,0,0,0,3,0,0,20,0,364,18:11,16,30,0,0,,2015
188,David Desharnais\deshada01,28,MTL,C,82,14,34,48,22,24,5.6,12,2,0,4,25,9,0,90,15.6,1414,17:15,49,43,629,560,52.9,2015
189,Andrew Desjardins\desjaan01,28,TOT,C,69,5,5,10,-1,57,0.4,5,0,0,1,5,0,0,59,8.5,741,10:44,33,123,139,156,47.1,2015
189,Andrew Desjardins\desjaan01,28,SJS,C,56,5,3,8,-2,50,0.4,5,0,0,1,3,0,0,43,11.6,585,10:27,29,91,127,149,46,2015
189,Andrew Desjardins\desjaan01,28,CHI,C,13,0,2,2,1,7,0,0,0,0,0,2,0,0,16,0,156,12:00,4,32,12,7,63.2,2015
190,Nicolas Deslauriers\deslani01,23,BUF,LW,82,5,10,15,-24,71,-0.2,5,0,0,1,9,0,1,76,6.6,973,11:52,36,261,0,1,0,2015
191,Simon Despres\desprsi01,23,TOT,D,75,3,20,23,11,86,5,3,0,0,1,19,1,0,103,2.9,1265,16:52,101,233,0,1,0,2015
191,Simon Despres\desprsi01,23,PIT,D,59,2,15,17,9,64,3.9,2,0,0,1,14,1,0,76,2.6,966,16:23,85,184,0,1,0,2015
191,Simon Despres\desprsi01,23,ANA,D,16,1,5,6,2,22,1.1,1,0,0,0,5,0,0,27,3.7,299,18:40,16,49,0,0,,2015
192,Raphael Diaz\diazra01,29,CGY,D,56,2,2,4,-3,10,1,1,1,0,1,2,0,0,52,3.8,673,12:01,67,24,0,0,,2015
193,Brenden Dillon\dillobr01,24,TOT,D,80,2,8,10,-13,77,1.4,1,0,1,1,7,0,1,91,2.2,1566,19:34,139,154,0,0,,2015
193,Brenden Dillon\dillobr01,24,SJS,D,60,2,7,9,-11,54,1.3,1,0,1,1,6,0,1,75,2.7,1153,19:13,110,127,0,0,,2015
193,Brenden Dillon\dillobr01,24,DAL,D,20,0,1,1,-2,23,0.1,0,0,0,0,1,0,0,16,0,412,20:37,29,27,0,0,,2015
194,Shane Doan\doansh01,38,ARI,RW,79,14,22,36,-29,65,2.2,9,5,0,0,17,5,0,189,7.4,1492,18:53,26,189,3,8,27.3,2015
195,Matt Donovan\donovma01,24,NYI,D,12,0,3,3,4,0,0.8,0,0,0,0,3,0,0,12,0,211,17:34,16,22,0,0,,2015
196,Derek Dorsett\dorsede01,28,VAN,RW,79,7,18,25,4,175,2.1,5,0,2,3,18,0,0,89,7.9,952,12:03,37,166,7,9,43.8,2015
197,Drew Doughty\doughdr01,25,LAK,D,82,7,39,46,3,56,8.6,6,1,0,2,22,16,1,219,3.2,2378,05:00,144,152,0,1,0,2015
198,Steve Downie\downist01,27,PIT,RW,72,14,14,28,2,238,3.3,11,3,0,2,12,2,0,104,13.5,895,12:26,34,108,4,4,50,2015
199,Leon Draisaitl\draisle01,19,EDM,C,37,2,7,9,-17,4,-0.2,1,1,0,1,6,1,0,49,4.1,470,12:42,8,21,128,182,41.3,2015
200,Jonathan Drouin\drouijo01,19,TBL,LW,70,4,28,32,3,34,2.4,1,3,0,0,25,3,0,76,5.3,927,13:14,17,56,10,11,47.6,2015
201,Brandon Dubinsky\dubinbr01,28,CBJ,C,47,13,23,36,11,43,4.4,12,0,1,1,16,7,0,100,13,849,18:04,11,152,436,423,50.8,2015
202,Matt Duchene\duchema01,24,COL,C,82,21,34,55,3,16,6.2,19,2,0,4,29,5,0,207,10.1,1523,18:34,74,43,635,582,52.2,2015
203,Anthony Duclair\duclaan01,19,NYR,LW,18,1,6,7,4,4,0.7,1,0,0,0,5,1,0,18,5.6,219,12:09,5,6,0,0,,2015
204,Mathew Dumba\dumbama01,20,MIN,D,58,8,8,16,13,23,4.7,6,2,0,2,4,4,0,86,9.3,871,15:01,51,42,0,0,,2015
205,Gabriel Dumont\dumonga01,24,MTL,C,3,0,0,0,-1,0,-0.1,0,0,0,0,0,0,0,4,0,27,09:07,2,8,11,2,84.6,2015
206,Brian Dumoulin\dumoubr01,23,PIT,D,8,1,0,1,0,2,0.3,1,0,0,0,0,0,0,4,25,125,15:40,9,11,0,0,,2015
207,Pascal Dupuis\dupuipa01,35,PIT,RW,16,6,5,11,2,4,1.6,4,2,0,1,3,1,1,44,13.6,266,16:39,8,20,1,0,100,2015
208,Patrick Dwyer\dwyerpa01,31,CAR,RW,71,5,7,12,-12,10,0.2,5,0,0,0,6,0,1,77,6.5,907,12:46,38,145,5,14,26.3,2015
209,Cody Eakin\eakinco01,23,DAL,C,78,19,21,40,-1,26,4,15,2,2,6,18,2,1,142,13.4,1341,17:12,59,62,656,636,50.8,2015
210,Patrick Eaves\eavespa01,30,DAL,RW,47,14,13,27,12,8,3.9,8,6,0,2,10,3,0,91,15.4,645,13:43,27,69,2,3,40,2015
211,Andrew Ebbett\ebbetan01,32,PIT,C,24,1,5,6,1,2,0.5,1,0,0,0,5,0,0,21,4.8,216,09:00,12,10,39,47,45.3,2015
212,Jordan Eberle\eberljo01,24,EDM,RW,81,24,39,63,-16,24,6.8,18,6,0,2,24,15,0,183,13.1,1542,19:03,36,62,1,5,16.7,2015
213,Alexander Edler\edleral01,28,VAN,D,74,8,23,31,13,54,6.9,3,5,0,2,14,9,0,175,4.6,1774,23:59,126,94,0,1,0,2015
214,Christian Ehrhoff\ehrhoch01,32,PIT,D,49,3,11,14,8,26,3.7,3,0,0,3,9,2,0,110,2.7,1066,21:46,49,73,0,0,,2015
215,Aaron Ekblad\ekblaaa01,18,FLA,D,81,12,27,39,12,32,8.5,6,6,0,4,20,7,0,170,7.1,1767,21:49,80,109,0,0,,2015
216,Mattias Ekholm\ekholma01,24,NSH,D,80,7,11,18,12,52,5,6,1,0,1,10,1,0,86,8.1,1521,19:01,102,57,1,0,100,2015
217,Oliver Ekman-Larsson\ekmanol01,23,ARI,D,82,23,20,43,-18,40,8.8,12,10,1,7,10,10,0,264,8.7,2067,01:13,77,167,0,0,,2015
218,Patrik Elias\eliaspa01,38,NJD,C,69,13,21,34,-20,12,2.6,8,5,0,1,15,4,2,114,11.4,1217,17:39,25,23,271,415,39.5,2015
219,Lars Eller\ellerla01,25,MTL,C,77,15,12,27,-6,42,2.5,14,1,0,7,9,1,2,150,10,1193,15:30,37,76,405,374,52,2015
220,Keaton Ellerby\ellerke01,26,WPG,D,1,0,1,1,-1,0,0,0,0,0,0,1,0,0,0,,17,16:58,2,2,0,0,,2015
221,Stefan Elliott\elliost01,24,COL,D,5,0,0,0,-2,2,-0.1,0,0,0,0,0,0,0,10,0,70,13:56,5,2,0,0,,2015
222,Matt Ellis\ellisma01,33,BUF,LW,39,1,1,2,-12,4,-0.7,1,0,0,1,1,0,0,29,3.4,325,08:19,16,10,100,105,48.8,2015
223,Ryan Ellis\ellisry01,24,NSH,D,58,9,18,27,8,27,5.6,7,2,0,0,14,4,0,118,7.6,1101,18:59,74,41,0,0,,2015
224,Alexei Emelin\emelial01,28,MTL,D,68,3,11,14,5,59,3.7,3,0,0,0,11,0,0,43,7,1348,19:49,116,204,0,0,,2015
225,Deryk Engelland\engelde01,32,CGY,D,76,2,9,11,-16,53,1,2,0,0,0,8,0,1,51,3.9,1093,14:23,142,135,0,0,,2015
226,Tyler Ennis\ennisty01,25,BUF,C,78,20,26,46,-19,37,4.4,13,6,1,2,15,11,0,185,10.8,1491,19:07,35,87,67,115,36.8,2015
227,Toby Enstrom\enstrto01,30,WPG,D,60,4,19,23,13,36,5.2,3,1,0,0,13,6,0,58,6.9,1414,23:34,93,28,0,0,,2015
228,Martin Erat\eratma01,33,ARI,RW,79,9,23,32,-16,48,2.1,6,3,0,1,20,3,0,91,9.9,1253,15:52,25,96,0,6,0,2015
229,Jonathan Ericsson\ericsjo01,30,DET,D,82,3,12,15,-5,70,2.9,3,0,0,0,11,0,1,82,3.7,1606,19:35,55,114,0,0,,2015
230,Loui Eriksson\erikslo01,29,BOS,RW,81,22,25,47,1,14,5.3,16,6,0,4,19,5,1,169,13,1497,18:29,23,29,4,8,33.3,2015
231,Tim Erixon\erixoti01,23,TOT,D,42,2,5,7,-7,14,0.9,1,1,0,0,1,4,0,36,5.6,639,15:13,32,34,0,0,,2015
231,Tim Erixon\erixoti01,23,CBJ,D,19,1,5,6,-3,4,0.7,0,1,0,0,1,4,0,20,5,322,16:58,13,14,0,0,,2015
231,Tim Erixon\erixoti01,23,TOR,D,15,1,0,1,-5,6,0,1,0,0,0,0,0,0,10,10,237,15:48,18,20,0,0,,2015
231,Tim Erixon\erixoti01,23,CHI,D,8,0,0,0,1,4,0.2,0,0,0,0,0,0,0,6,0,80,09:59,1,0,0,0,,2015
232,Emerson Etem\etemem01,22,ANA,LW,45,5,5,10,-6,4,0.4,5,0,0,0,5,0,0,77,6.5,551,12:15,20,63,2,2,50,2015
233,Dennis Everberg\everbde01,23,COL,RW,55,3,9,12,-7,10,0.3,3,0,0,0,9,0,0,62,4.8,649,11:48,41,73,0,3,0,2015
234,Justin Falk\falkju01,26,TOT,D,18,1,1,2,-9,14,-0.3,1,0,0,0,1,0,0,18,5.6,195,10:49,19,12,0,0,,2015
234,Justin Falk\falkju01,26,MIN,D,13,0,0,0,-6,7,-0.4,0,0,0,0,0,0,0,10,0,119,09:08,15,6,0,0,,2015
234,Justin Falk\falkju01,26,CBJ,D,5,1,1,2,-3,7,0.1,1,0,0,0,1,0,0,8,12.5,76,15:13,4,6,0,0,,2015
235,Bobby Farnham\farnhbo01,26,PIT,RW,11,0,0,0,0,24,-0.1,0,0,0,0,0,0,0,6,0,79,07:11,2,26,0,0,,2015
236,Jesper Fast\fastje01,23,NYR,RW,58,6,8,14,-1,8,1,6,0,0,0,7,1,0,52,11.5,685,11:48,28,101,6,14,30,2015
237,Justin Faulk\faulkju01,22,CAR,D,82,15,34,49,-19,30,9.1,6,7,2,4,21,13,0,238,6.3,2003,00:26,114,157,0,0,,2015
238,Mark Fayne\faynema01,27,EDM,D,74,2,6,8,-21,14,0.8,2,0,0,0,4,0,2,78,2.6,1327,17:56,125,81,0,0,,2015
239,Taylor Fedun\fedunta01,26,SJS,D,7,0,4,4,0,4,0.6,0,0,0,0,2,2,0,12,0,119,16:59,8,0,0,0,,2015
240,Eric Fehr\fehrer01,29,WSH,RW,75,19,14,33,8,20,4.3,17,1,1,4,14,0,0,142,13.4,1114,14:51,47,84,449,414,52,2015
241,Andrew Ference\ferenan01,35,EDM,D,70,3,11,14,-17,39,1.9,3,0,0,0,10,0,1,58,5.2,1321,18:53,86,156,0,2,0,2015
242,Micheal Ferland\ferlami01,22,CGY,LW,26,2,3,5,1,16,0.3,2,0,0,1,2,1,0,34,5.9,274,10:31,11,71,0,0,,2015
243,Brian Ferlin\ferlibr01,22,BOS,RW,7,0,1,1,0,0,0,0,0,0,0,1,0,0,6,0,62,08:48,0,20,0,1,0,2015
244,Landon Ferraro\ferrala01,23,DET,C,3,1,0,1,1,0,0.2,1,0,0,1,0,0,0,4,25,36,11:59,3,3,0,0,,2015
245,Kevin Fiala\fialake01,18,NSH,LW,1,0,0,0,-1,0,-0.1,0,0,0,0,0,0,0,3,0,11,11:25,1,0,0,0,,2015
246,Vernon Fiddler\fiddlve01,34,DAL,C,80,13,16,29,-5,34,2.5,9,3,1,2,15,0,1,132,9.8,1050,13:08,61,43,569,528,51.9,2015
247,Valtteri Filppula\filppva01,30,TBL,C,82,12,36,48,-14,24,3.2,10,2,0,0,21,15,0,91,13.2,1559,19:01,27,23,573,567,50.3,2015
248,Mike Fisher\fishemi01,34,NSH,C,59,19,20,39,4,39,4.8,11,7,1,1,17,3,0,111,17.1,1088,18:26,60,125,601,548,52.3,2015
249,Mark Fistric\fistrma01,28,ANA,D,9,0,0,0,-3,4,-0.2,0,0,0,0,0,0,0,1,0,133,14:47,21,28,0,0,,2015
250,Tomas Fleischmann\fleisto01,30,TOT,LW,66,8,19,27,12,12,2.8,8,0,0,1,18,1,0,131,6.1,970,14:42,15,64,4,10,28.6,2015
250,Tomas Fleischmann\fleisto01,30,FLA,LW,52,7,14,21,12,8,2.4,7,0,0,1,13,1,0,107,6.5,772,14:51,15,53,2,7,22.2,2015
250,Tomas Fleischmann\fleisto01,30,ANA,LW,14,1,5,6,0,4,0.4,1,0,0,0,5,0,0,24,4.2,198,14:10,0,11,2,3,40,2015
251,Brian Flynn\flynnbr01,26,TOT,C,63,5,12,17,-5,8,0.8,5,0,0,0,9,1,2,82,6.1,939,14:55,46,44,172,179,49,2015
251,Brian Flynn\flynnbr01,26,BUF,C,54,5,12,17,-3,8,1.1,5,0,0,0,9,1,2,73,6.8,858,15:53,39,37,157,165,48.8,2015
251,Brian Flynn\flynnbr01,26,MTL,C,9,0,0,0,-2,0,-0.2,0,0,0,0,0,0,0,9,0,82,09:04,7,7,15,14,51.7,2015
252,Marcus Foligno\foligma01,23,BUF,LW,57,8,12,20,-5,50,1.6,8,0,0,0,10,1,1,66,12.1,925,16:14,48,193,57,75,43.2,2015
253,Nick Foligno\foligni01,27,CBJ,LW,79,31,42,73,16,50,9.7,20,11,0,3,27,15,0,182,17,1488,18:50,52,193,125,138,47.5,2015
254,Christian Folin\folinch01,23,MIN,D,40,2,8,10,3,13,2.2,2,0,0,0,7,1,0,39,5.1,608,15:12,42,46,0,0,,2015
255,Justin Fontaine\fontaju01,27,MIN,RW,71,9,22,31,13,12,3.7,9,0,0,2,20,2,0,104,8.7,849,11:57,27,9,1,1,50,2015
256,Filip Forsberg\forsbfi01,20,NSH,C,82,26,37,63,15,24,8.3,20,6,0,6,24,13,0,237,11,1421,17:20,28,108,3,4,42.9,2015
257,Cam Fowler\fowleca01,23,ANA,D,80,7,27,34,4,14,5.8,5,1,1,2,18,8,1,87,8,1692,21:09,107,47,0,0,,2015
258,Cody Franson\fransco01,27,TOT,D,78,7,29,36,-7,28,5.7,2,5,0,0,17,12,0,127,5.5,1531,19:38,132,177,0,0,,2015
258,Cody Franson\fransco01,27,TOR,D,55,6,26,32,-7,26,4.9,2,4,0,0,15,11,0,92,6.5,1176,21:23,109,153,0,0,,2015
258,Cody Franson\fransco01,27,NSH,D,23,1,3,4,0,2,0.8,0,1,0,0,2,1,0,35,2.9,355,15:25,23,24,0,0,,2015
259,Johan Franzen\franzjo01,35,DET,C,33,7,15,22,-12,30,1.9,3,4,0,3,8,7,0,74,9.5,530,16:04,13,45,5,10,33.3,2015
260,Colin Fraser\fraseco01,30,STL,C,1,0,0,0,-1,0,-0.1,0,0,0,0,0,0,0,1,0,5,04:42,1,1,0,0,,2015
261,Mark Fraser\frasema01,28,NJD,D,34,0,4,4,2,55,1.4,0,0,0,0,3,0,1,19,0,553,16:17,51,88,0,0,,2015
262,Matt Fraser\frasema02,24,TOT,RW,60,8,4,12,-16,17,0.5,7,1,0,1,4,0,0,92,8.7,673,11:13,20,111,3,4,42.9,2015
262,Matt Fraser\frasema02,24,EDM,RW,36,5,4,9,-11,10,0.5,4,1,0,0,4,0,0,63,7.9,421,11:41,16,69,3,0,100,2015
262,Matt Fraser\frasema02,24,BOS,RW,24,3,0,3,-5,7,0,3,0,0,1,0,0,0,29,10.3,253,10:31,4,42,0,4,0,2015
263,Matt Frattin\frattma01,27,TOR,RW,9,0,0,0,0,4,-0.1,0,0,0,0,0,0,0,6,0,64,07:03,4,4,1,0,100,2015
264,Max Friberg\fribema01,22,ANA,LW,1,0,0,0,0,0,0,0,0,0,0,0,0,0,0,,9,08:47,0,2,0,0,,2015
265,Michael Frolik\frolimi01,26,WPG,RW,82,19,23,42,4,18,4.7,13,3,3,4,19,4,0,206,9.2,1435,17:30,42,63,14,27,34.1,2015
266,Marian Gaborik\gaborma01,32,LAK,RW,69,27,20,47,7,16,6.7,16,11,0,2,13,7,0,174,15.5,1167,16:55,6,39,1,0,100,2015
267,Simon Gagne\gagnesi01,34,BOS,LW,23,3,1,4,0,4,0.3,3,0,0,1,1,0,0,27,11.1,260,11:18,7,20,1,8,11.1,2015
268,Sam Gagner\gagnesa01,25,ARI,C,81,15,26,41,-28,28,3.1,9,6,0,1,20,6,0,183,8.2,1397,17:15,19,63,361,405,47.1,2015
269,Alex Galchenyuk\galchal01,20,MTL,C,80,20,26,46,8,39,5.6,17,3,0,1,17,9,0,163,12.3,1314,16:26,44,91,82,85,49.1,2015
270,T.J. Galiardi\galiatj01,26,WPG,LW,38,1,0,1,-8,2,-0.8,1,0,0,0,0,0,0,35,2.9,398,10:28,14,39,2,9,18.2,2015
271,Stanislav Galiev\galiest01,23,WSH,RW,2,1,0,1,1,0,0.2,1,0,0,0,0,0,0,2,50,19,09:23,0,3,0,0,,2015
272,Brendan Gallagher\gallabr01,22,MTL,RW,82,24,23,47,18,31,6.6,21,3,0,6,18,5,0,254,9.4,1360,16:35,49,48,43,52,45.3,2015
273,Ryan Garbutt\garbury01,29,DAL,LW,67,8,17,25,-9,55,1.6,7,0,1,2,17,0,0,143,5.6,909,13:34,48,82,16,9,64,2015
274,Jake Gardiner\gardija01,24,TOR,D,79,4,20,24,-23,24,2.8,4,0,0,0,12,8,0,100,4,1657,20:58,83,109,0,0,,2015
275,Jason Garrison\garrija01,30,TBL,D,70,4,26,30,27,19,6.7,3,1,0,3,16,10,0,111,3.6,1401,20:01,94,46,0,0,,2015
276,Tyler Gaudet\gaudety01,21,ARI,C,2,0,0,0,-1,0,-0.1,0,0,0,0,0,0,0,1,0,19,09:35,1,2,9,8,52.9,2015
277,Johnny Gaudreau\gaudrjo01,21,CGY,LW,80,24,40,64,11,14,7.8,16,8,0,4,27,13,0,167,14.4,1417,17:43,27,14,3,5,37.5,2015
278,Paul Gaustad\gaustpa01,32,NSH,C,73,4,10,14,7,60,0.7,4,0,0,1,10,0,0,54,7.4,908,12:26,58,143,619,478,56.4,2015
279,Luke Gazdic\gazdilu01,25,EDM,LW,40,2,1,3,-4,43,-0.1,2,0,0,0,1,0,0,26,7.7,296,07:23,15,76,0,0,,2015
280,Eric Gelinas\geliner01,23,NJD,D,61,6,13,19,-2,42,4,3,3,0,2,7,6,0,112,5.4,1004,16:28,50,82,0,0,,2015
281,Nathan Gerbe\gerbena01,27,CAR,LW,78,10,18,28,-14,34,2,8,2,0,2,12,6,0,235,4.3,1283,16:27,23,73,9,6,60,2015
282,Ryan Getzlaf\getzlry01,29,ANA,C,77,25,45,70,15,62,8.6,22,3,0,6,33,10,2,191,13.1,1548,20:06,95,100,632,612,50.8,2015
283,Brian Gibbons\gibbobr02,26,CBJ,C,25,0,5,5,2,8,0,0,0,0,0,4,1,0,21,0,346,13:49,17,14,4,5,44.4,2015
284,Tom Gilbert\gilbeto01,32,MTL,D,72,4,8,12,10,30,4,4,0,0,0,8,0,0,70,5.7,1392,19:20,164,55,0,0,,2015
285,Brian Gionta\giontbr01,36,BUF,RW,69,13,22,35,-13,18,3,9,3,1,2,16,6,0,153,8.5,1246,18:03,31,61,69,100,40.8,2015
286,Stephen Gionta\giontst01,31,NJD,RW,61,5,8,13,4,12,1,5,0,0,1,6,0,2,84,6,804,13:11,41,94,155,239,39.3,2015
287,Mark Giordano\giordma01,31,CGY,D,61,11,37,48,13,37,9,8,2,1,2,25,12,0,157,7,1536,01:10,128,59,0,0,,2015
288,Dan Girardi\girarda01,30,NYR,D,82,4,16,20,12,22,4.5,3,1,0,1,13,2,1,111,3.6,1861,22:42,184,224,0,0,,2015
289,Zemgus Girgensons\girgeze01,21,BUF,C,61,15,15,30,-16,25,2.6,11,1,3,1,12,3,0,115,13,1164,19:05,62,127,440,556,44.2,2015
290,Claude Giroux\giroucl01,27,PHI,C,81,25,48,73,-3,36,7.9,11,14,0,4,25,23,0,279,9,1666,20:34,28,110,1063,807,56.8,2015
291,Tanner Glass\glassta01,31,NYR,LW,66,1,5,6,-12,98,-1,1,0,0,0,5,0,0,53,1.9,676,10:15,32,211,10,11,47.6,2015
292,Tim Gleason\gleasti01,32,TOT,D,72,1,8,9,-13,55,1.9,1,0,0,0,8,0,0,54,1.9,1176,16:20,108,167,0,0,,2015
292,Tim Gleason\gleasti01,32,CAR,D,55,1,6,7,-18,44,1,1,0,0,0,6,0,0,44,2.3,916,16:39,88,133,0,0,,2015
292,Tim Gleason\gleasti01,32,WSH,D,17,0,2,2,5,11,0.9,0,0,0,0,2,0,0,10,0,260,15:17,20,34,0,0,,2015
293,Curtis Glencross\glenccu01,32,TOT,LW,71,13,22,35,2,45,3.5,9,4,0,1,15,7,0,108,12,1111,15:39,50,124,8,10,44.4,2015
293,Curtis Glencross\glenccu01,32,CGY,LW,53,9,19,28,3,39,2.7,7,2,0,1,13,6,0,87,10.3,884,16:41,41,103,6,9,40,2015
293,Curtis Glencross\glenccu01,32,WSH,LW,18,4,3,7,-1,6,0.8,2,2,0,0,2,1,0,21,19,227,12:36,9,21,2,1,66.7,2015
294,Luke Glendening\glendlu01,25,DET,C,82,12,6,18,5,34,1.6,11,1,0,2,6,0,0,104,11.5,1207,14:43,73,147,499,463,51.9,2015
295,Marcel Goc\gocma01,31,TOT,C,74,3,6,9,-3,8,-0.2,3,0,0,0,5,0,1,77,3.9,864,11:41,35,87,372,309,54.6,2015
295,Marcel Goc\gocma01,31,PIT,C,43,2,4,6,-2,4,-0.1,2,0,0,0,3,0,1,43,4.7,535,12:27,22,56,236,197,54.5,2015
295,Marcel Goc\gocma01,31,STL,C,31,1,2,3,-1,4,-0.2,1,0,0,0,2,0,0,34,2.9,329,10:38,13,31,136,112,54.8,2015
296,Alex Goligoski\goligal01,29,DAL,D,81,4,32,36,0,24,5.2,4,0,0,0,22,8,2,122,3.3,1929,23:49,157,100,0,0,,2015
297,Cody Goloubef\golouco01,25,CBJ,D,36,0,9,9,12,19,2.4,0,0,0,0,8,0,1,23,0,560,15:34,32,44,0,0,,2015
298,Scott Gomez\gomezsc01,35,NJD,C,58,7,27,34,-10,23,2.8,7,0,0,1,13,14,0,70,10,958,16:31,15,24,357,418,46.1,2015
299,Sergei Gonchar\gonchse01,40,TOT,D,48,1,13,14,6,18,3,1,0,0,0,9,4,0,46,2.2,849,17:41,71,45,1,0,100,2015
299,Sergei Gonchar\gonchse01,40,MTL,D,45,1,12,13,7,16,3,1,0,0,0,8,4,0,45,2.2,810,18:00,68,42,1,0,100,2015
299,Sergei Gonchar\gonchse01,40,DAL,D,3,0,1,1,-1,2,0,0,0,0,0,1,0,0,1,0,39,13:02,3,3,0,0,,2015
300,Barclay Goodrow\goodrba01,21,SJS,RW,60,4,8,12,-1,35,0.6,4,0,0,2,7,0,1,68,5.9,664,11:04,24,76,12,11,52.2,2015
301,Boyd Gordon\gordobo01,31,EDM,C,68,6,7,13,-5,17,0.5,4,1,1,1,6,0,1,65,9.2,906,13:20,80,31,681,526,56.4,2015
302,Josh Gorges\gorgejo01,30,BUF,D,46,0,6,6,-28,16,-0.3,0,0,0,0,5,0,1,28,0,1029,22:22,148,75,0,0,,2015
303,Brandon Gormley\gormlbr01,22,ARI,D,27,2,2,4,-7,10,0.7,1,1,0,0,2,0,0,39,5.1,414,15:19,32,26,0,0,,2015
304,Shayne Gostisbehere\gostish01,21,PHI,D,2,0,0,0,-2,0,-0.2,0,0,0,0,0,0,0,2,0,25,12:34,1,0,0,0,,2015
305,Michael Grabner\grabnmi01,27,NYI,RW,34,8,5,13,4,4,1.7,8,0,0,0,5,0,0,63,12.7,440,12:56,21,62,0,2,0,2015
306,Mikhail Grabovski\grabomi01,31,NYI,C,51,9,10,19,3,8,2,9,0,0,2,9,1,0,81,11.1,728,14:16,19,11,38,45,45.8,2015
307,Petter Granberg\granbpe01,22,TOR,D,7,0,0,0,1,6,0.2,0,0,0,0,0,0,0,1,0,80,11:27,7,16,0,0,,2015
308,Markus Granlund\granlma01,21,CGY,C,48,8,10,18,-4,16,1.6,7,1,0,1,9,1,0,65,12.3,642,13:22,25,44,198,331,37.4,2015
309,Mikael Granlund\granlmi01,22,MIN,C,68,8,31,39,17,20,4.1,8,0,0,2,23,8,0,99,8.1,1217,17:54,45,47,476,508,48.4,2015
310,Tyler Graovac\graovty01,21,MIN,C,3,0,0,0,0,0,0,0,0,0,0,0,0,0,4,0,28,09:13,2,0,6,16,27.3,2015
311,Mike Green\greenmi03,29,WSH,D,72,10,35,45,15,34,8.6,9,1,0,2,19,16,0,159,6.3,1376,19:06,93,82,0,0,,2015
312,Andy Greene\greenan01,32,NJD,D,82,3,19,22,1,20,5.5,3,0,0,1,17,1,1,83,3.6,1931,23:33,173,82,0,0,,2015
313,Matt Greene\greenma01,31,LAK,D,82,3,6,9,1,54,2.7,3,0,0,0,6,0,0,69,4.3,1296,15:48,129,209,0,0,,2015
314,Colin Greening\greenco01,28,OTT,LW,26,1,0,1,-5,29,-0.5,1,0,0,0,0,0,0,39,2.6,255,09:49,14,85,6,2,75,2015
315,Seth Griffith\griffse01,22,BOS,C,30,6,4,10,-2,6,1,5,1,0,1,2,2,0,33,18.2,403,13:27,13,14,3,6,33.3,2015
316,Mikhail Grigorenko\grigomi01,20,BUF,C,25,3,3,6,-10,2,0,2,1,0,0,2,1,0,35,8.6,379,15:10,15,28,153,173,46.9,2015
317,Rocco Grimaldi\grimaro01,21,FLA,C,7,1,0,1,1,4,0.1,1,0,0,0,0,0,0,18,5.6,88,12:37,1,7,6,8,42.9,2015
318,Nicklas Grossmann\grossni01,30,PHI,D,68,5,9,14,8,32,3.7,5,0,0,0,9,0,0,43,11.6,1201,17:39,89,132,0,0,,2015
319,Eric Gryba\grybaer01,26,OTT,D,75,0,12,12,11,97,3,0,0,0,0,12,0,0,64,0,1174,15:39,58,171,0,0,,2015
320,Radko Gudas\gudasra01,24,TBL,D,31,2,3,5,-5,34,0.6,2,0,0,1,3,0,0,63,3.2,527,17:00,63,115,0,0,,2015
321,Erik Gudbranson\gudbrer01,23,FLA,D,76,4,9,13,-4,58,2.9,4,0,0,0,5,4,0,110,3.6,1414,18:36,75,212,0,0,,2015
322,Nate Guenin\guenina01,32,COL,D,76,2,13,15,-1,32,3,2,0,0,0,13,0,0,38,5.3,1280,16:51,162,94,0,0,,2015
323,Carl Gunnarsson\gunnaca01,28,STL,D,61,2,10,12,10,2,3.4,2,0,0,0,9,1,0,54,3.7,1102,18:04,114,42,0,0,,2015
324,Carl Hagelin\hagelca01,26,NYR,LW,82,17,18,35,18,46,4.4,16,1,0,4,17,0,1,185,9.2,1249,15:14,36,84,7,10,41.2,2015
325,Ron Hainsey\hainsro01,33,CAR,D,81,2,8,10,-14,16,3.2,2,0,0,0,7,1,0,83,2.4,1709,21:06,120,110,1,0,100,2015
326,Micheal Haley\haleymi01,28,SJS,C,4,0,0,0,-1,11,-0.1,0,0,0,0,0,0,0,1,0,30,07:31,1,6,1,1,50,2015
327,Matt Halischuk\halisma01,26,WPG,RW,47,3,5,8,5,6,0.7,3,0,0,1,5,0,0,59,5.1,458,09:45,25,55,1,0,100,2015
328,Taylor Hall\hallta02,23,EDM,LW,53,14,24,38,-1,40,4.3,11,3,0,0,21,3,0,158,8.9,1019,19:13,37,67,45,52,46.4,2015
329,Dan Hamhuis\hamhuda01,32,VAN,D,59,1,22,23,0,44,3.7,0,1,0,0,20,2,0,82,1.2,1270,21:32,71,82,0,0,,2015
330,Curtis Hamilton\hamilcu01,23,EDM,LW,1,0,0,0,0,5,0,0,0,0,0,0,0,0,0,,8,08:01,1,4,0,0,,2015
331,Dougie Hamilton\hamildo01,21,BOS,D,72,10,32,42,-3,41,7.1,5,5,0,2,22,10,0,188,5.3,1536,21:20,53,106,0,0,,2015
332,Freddie Hamilton\hamilfr01,23,TOT,C,18,1,0,1,-2,0,-0.1,1,0,0,1,0,0,0,11,9.1,136,07:35,3,22,23,37,38.3,2015
332,Freddie Hamilton\hamilfr01,23,COL,C,17,1,0,1,-1,0,0,1,0,0,1,0,0,0,11,9.1,128,07:32,3,22,23,36,39,2015
332,Freddie Hamilton\hamilfr01,23,SJS,C,1,0,0,0,-1,0,-0.1,0,0,0,0,0,0,0,0,,8,08:27,0,0,0,1,0,2015
333,Ryan Hamilton\hamilry01,29,EDM,LW,16,1,1,2,-8,6,-0.3,0,1,0,0,1,0,0,12,8.3,211,13:13,13,27,1,3,25,2015
334,Travis Hamonic\hamontr01,24,NYI,D,71,5,28,33,15,85,6.4,4,1,0,0,21,7,0,132,3.8,1547,21:47,131,213,0,0,,2015
335,Scott Hannan\hannasc01,36,SJS,D,58,2,5,7,0,26,1.8,2,0,0,0,5,0,0,53,3.8,946,16:19,69,32,0,0,,2015
336,Jannik Hansen\hanseja01,28,VAN,RW,81,16,17,33,-6,27,3.3,15,0,1,2,15,0,2,145,11,1132,13:58,30,80,1,4,20,2015
337,Martin Hanzal\hanzama01,27,ARI,C,37,8,16,24,-1,31,2.6,7,1,0,3,12,3,1,85,9.4,656,17:44,18,105,346,266,56.5,2015
338,Scott Harrington\harrisc01,21,PIT,D,10,0,0,0,-10,4,-0.7,0,0,0,0,0,0,0,9,0,158,15:48,10,12,0,0,,2015
339,Jay Harrison\harrija01,32,TOT,D,55,3,6,9,-1,65,2.3,2,1,0,0,5,1,0,50,6,876,15:56,76,77,0,0,,2015
339,Jay Harrison\harrija01,32,WPG,D,35,2,3,5,4,23,1.5,1,1,0,0,2,1,0,27,7.4,546,15:36,41,42,0,0,,2015
339,Jay Harrison\harrija01,32,CAR,D,20,1,3,4,-5,42,0.7,1,0,0,0,3,0,0,23,4.3,330,16:30,35,35,0,0,,2015
340,Peter Harrold\harrope01,31,NJD,D,43,3,2,5,-10,4,0.9,3,0,0,0,2,0,0,31,9.7,655,15:15,39,40,0,0,,2015
341,Ryan Hartman\hartmry01,20,CHI,RW,5,0,0,0,-1,2,-0.1,0,0,0,0,0,0,0,8,0,41,08:17,2,11,0,0,,2015
342,Scott Hartnell\hartnsc01,32,CBJ,LW,77,28,32,60,1,100,7.5,20,8,0,2,24,8,0,204,13.7,1332,17:18,38,160,7,7,50,2015
343,Erik Haula\haulaer01,23,MIN,C,72,7,7,14,-7,32,0.6,6,1,0,1,6,0,1,92,7.6,875,12:09,42,31,260,307,45.9,2015
344,Martin Havlat\havlama01,33,NJD,RW,40,5,9,14,-11,10,0.8,2,3,0,1,6,3,0,49,10.2,592,14:48,11,11,0,0,,2015
345,Eriah Hayes\hayeser01,26,SJS,RW,4,0,0,0,-2,2,-0.2,0,0,0,0,0,0,0,10,0,40,09:58,4,7,1,0,100,2015
346,Jimmy Hayes\hayesji01,25,FLA,RW,72,19,16,35,-4,20,4.1,15,4,0,3,9,7,0,166,11.4,1090,15:09,12,147,4,5,44.4,2015
347,Kevin Hayes\hayeske01,22,NYR,RW,79,17,28,45,15,22,5.8,15,1,1,1,24,4,0,111,15.3,1030,13:02,33,56,248,430,36.6,2015
348,Dany Heatley\heatlda01,34,ANA,LW,6,0,0,0,-3,0,-0.3,0,0,0,0,0,0,0,8,0,73,12:08,3,5,0,0,,2015
349,Victor Hedman\hedmavi01,24,TBL,D,59,10,28,38,12,40,7,7,3,0,2,20,8,0,115,8.7,1338,22:41,111,51,0,0,,2015
350,Jan Hejda\hejdaja01,36,COL,D,81,1,12,13,-12,42,2.1,1,0,0,0,11,0,1,84,1.2,1673,20:39,140,170,0,0,,2015
351,Seth Helgeson\helgese01,24,NJD,D,22,0,2,2,4,18,1,0,0,0,0,2,0,0,11,0,296,13:28,20,42,0,0,,2015
352,Darren Helm\helmda01,28,DET,C,75,15,18,33,7,12,3.7,10,3,2,1,14,4,0,160,9.4,1188,15:50,25,132,223,192,53.7,2015
353,Ales Hemsky\hemskal01,31,DAL,RW,76,11,21,32,-8,16,2.5,10,1,0,1,14,7,0,140,7.9,1037,13:38,35,22,0,0,,2015
354,Matt Hendricks\hendrma01,33,EDM,LW,71,8,8,16,-14,76,0.7,7,0,1,0,7,1,0,103,7.8,934,13:09,72,220,98,100,49.5,2015
355,Adam Henrique\henriad01,24,NJD,C,75,16,27,43,-6,34,4.4,11,5,0,3,15,11,1,127,12.6,1331,17:45,46,58,260,246,51.4,2015
356,Tomas Hertl\hertlto01,21,SJS,C,82,13,18,31,-5,16,2.7,10,3,0,4,15,3,0,145,9,1193,14:33,33,103,35,43,44.9,2015
357,Thomas Hickey\hicketh01,25,NYI,D,81,2,20,22,-12,26,2.4,2,0,0,1,18,0,2,82,2.4,1533,18:56,136,117,1,1,50,2015
358,Chris Higgins\higgich01,31,VAN,LW,77,12,24,36,8,16,3.7,9,3,0,1,22,2,0,171,7,1216,15:47,34,73,3,6,33.3,2015
359,Jack Hillen\hilleja01,29,TOT,D,38,0,5,5,-1,10,0.9,0,0,0,0,5,0,0,24,0,489,12:52,53,38,0,0,,2015
359,Jack Hillen\hilleja01,29,WSH,D,35,0,5,5,1,10,1,0,0,0,0,5,0,0,20,0,433,12:22,48,33,0,0,,2015
359,Jack Hillen\hilleja01,29,CAR,D,3,0,0,0,-2,0,-0.1,0,0,0,0,0,0,0,4,0,56,18:36,5,5,0,0,,2015
360,Joey Hishon\hishojo01,23,COL,C,13,1,1,2,-1,0,0.1,1,0,0,1,1,0,0,19,5.3,131,10:07,7,3,35,43,44.9,2015
361,Niklas Hjalmarsson\hjalmni01,27,CHI,D,82,3,16,19,25,44,6.4,3,0,0,1,16,0,0,97,3.1,1795,21:53,127,39,0,0,,2015
362,Justin Hodgman\hodgmju01,26,ARI,C,5,1,0,1,-2,2,0.1,0,1,0,0,0,0,0,3,33.3,57,11:24,0,8,25,21,54.3,2015
363,Cody Hodgson\hodgsco01,24,BUF,C,78,6,7,13,-28,12,-0.6,6,0,0,0,6,1,0,127,4.7,1002,12:51,21,40,173,204,45.9,2015
364,Mike Hoffman\hoffmmi02,25,OTT,LW,79,27,21,48,16,14,7.2,26,1,0,4,19,2,0,199,13.6,1150,14:33,33,40,7,7,50,2015
365,Nick Holden\holdeni01,27,COL,D,78,5,9,14,-11,28,2.6,3,2,0,2,5,4,0,94,5.3,1545,19:48,96,156,0,0,,2015
366,Peter Holland\hollape01,24,TOR,C,62,11,14,25,0,31,2.7,9,1,1,3,11,2,1,93,11.8,900,14:31,21,99,312,373,45.5,2015
367,Korbinian Holzer\holzeko01,26,TOR,D,34,0,6,6,3,25,1.5,0,0,0,0,6,0,0,32,0,582,17:06,53,117,0,0,,2015
368,Shawn Horcoff\horcosh01,36,DAL,C,76,11,18,29,9,27,3,7,4,0,1,17,1,0,82,13.4,989,13:01,25,80,237,235,50.2,2015
369,Patric Hornqvist\hornqpa01,28,PIT,RW,64,25,26,51,12,38,7.2,19,6,0,4,17,9,0,220,11.4,1130,17:39,33,87,2,5,28.6,2015
370,Bo Horvat\horvabo01,19,VAN,C,68,13,12,25,-8,16,2.5,12,0,1,1,12,0,0,93,14,834,12:16,47,69,436,409,51.6,2015
371,Marian Hossa\hossama01,36,CHI,RW,82,22,39,61,17,32,7.7,15,6,1,2,28,11,0,247,8.9,1521,18:33,26,62,4,3,57.1,2015
372,Raman Hrabarenka\hrabara01,22,NJD,D,1,0,0,0,1,0,0.1,0,0,0,0,0,0,0,0,,12,11:55,6,2,0,0,,2015
373,Jonathan Huberdeau\huberjo01,21,FLA,LW,79,15,39,54,10,38,6,15,0,0,0,27,12,0,169,8.9,1323,16:45,24,68,2,6,25,2015
374,Jiri Hudler\hudleji01,31,CGY,C,78,31,45,76,17,14,10.2,25,6,0,5,35,10,0,158,19.6,1405,18:01,14,27,21,25,45.7,2015
375,Brad Hunt\huntbr01,26,EDM,D,11,1,2,3,-6,0,0.2,0,1,0,0,2,0,0,20,5,214,19:29,10,8,0,0,,2015
376,Matt Hunwick\hunwima01,29,NYR,D,55,2,9,11,17,16,3.3,2,0,0,1,7,2,0,72,2.8,870,15:49,43,55,0,0,,2015
377,Jarome Iginla\iginlja01,37,COL,RW,82,29,30,59,0,42,7.4,21,8,0,2,25,5,0,189,15.3,1487,18:08,47,99,57,71,44.5,2015
378,Matt Irwin\irwinma01,27,SJS,D,53,8,11,19,3,18,4.1,7,1,0,1,9,2,0,93,8.6,902,17:01,65,55,0,0,,2015
379,Barret Jackman\jackmba01,33,STL,D,80,2,13,15,3,47,3.3,2,0,0,1,12,0,1,86,2.3,1345,16:49,126,108,0,0,,2015
380,Tim Jackman\jackmti01,33,ANA,RW,55,5,2,7,-4,86,0.3,5,0,0,1,2,0,0,55,9.1,461,08:23,19,110,10,4,71.4,2015
381,Jaromir Jagr\jagrja01,42,TOT,RW,77,17,30,47,-3,48,5,13,4,0,5,23,7,0,169,10.1,1353,17:34,14,30,1,0,100,2015
381,Jaromir Jagr\jagrja01,42,NJD,RW,57,11,18,29,-10,42,2.6,9,2,0,3,13,5,0,119,9.2,1008,17:41,8,13,0,0,,2015
381,Jaromir Jagr\jagrja01,42,FLA,RW,20,6,12,18,7,6,2.4,4,2,0,2,10,2,0,50,12,345,17:15,6,17,1,0,100,2015
382,Calle Jarnkrok\jarnkca01,23,NSH,C,74,7,11,18,2,18,1.2,7,0,0,1,10,0,1,95,7.4,951,12:51,21,32,295,345,46.1,2015
383,Dmitrij Jaskin\jaskidm01,21,STL,RW,54,13,5,18,7,16,2.5,10,3,0,4,5,0,0,108,12,727,13:28,21,146,3,4,42.9,2015
384,Boone Jenner\jennebo01,21,CBJ,C,31,9,8,17,-5,12,1.7,7,2,0,2,5,3,0,83,10.8,566,18:16,25,102,151,155,49.3,2015
385,Nicklas Jensen\jenseni01,21,VAN,RW,5,0,0,0,-1,0,-0.1,0,0,0,0,0,0,0,7,0,48,09:33,4,7,0,0,,2015
386,Jesse Joensuu\joensje01,27,EDM,LW,20,2,2,4,-8,14,0,1,0,1,0,2,0,0,18,11.1,213,10:38,9,37,0,0,,2015
387,Ryan Johansen\johanry01,22,CBJ,C,82,26,45,71,-6,40,7.8,17,7,2,0,26,19,0,202,12.9,1599,19:30,33,84,850,787,51.9,2015
388,Marcus Johansson\johanma03,24,WSH,C,82,20,27,47,6,10,5.4,17,3,0,1,15,12,0,138,14.5,1351,16:29,18,69,7,9,43.8,2015
389,Erik Johnson\johnser01,26,COL,D,47,12,11,23,2,33,5.2,9,3,0,2,7,3,1,115,10.4,1148,00:25,107,93,0,0,,2015
390,Jack Johnson\johnsja02,28,CBJ,D,79,8,32,40,-13,44,5.4,5,3,0,1,14,18,0,141,5.7,1909,00:10,131,157,0,0,,2015
391,Tyler Johnson\johnsty01,24,TBL,C,77,29,43,72,33,24,10.3,21,8,0,6,34,9,0,203,14.3,1327,17:14,35,63,508,569,47.2,2015
392,Jussi Jokinen\jokinju01,31,FLA,LW,81,8,36,44,-2,34,3.5,6,2,0,0,29,7,0,134,6,1356,16:44,50,52,126,124,50.4,2015
393,Olli Jokinen\jokinol01,36,TOT,C,62,4,6,10,6,28,0.4,4,0,0,1,6,0,0,110,3.6,822,13:16,19,64,133,196,40.4,2015
393,Olli Jokinen\jokinol01,36,NSH,C,48,3,3,6,2,26,0,3,0,0,0,3,0,0,83,3.6,649,13:31,14,52,73,113,39.2,2015
393,Olli Jokinen\jokinol01,36,STL,C,8,1,2,3,3,0,0.4,1,0,0,1,2,0,0,17,5.9,88,11:00,3,5,12,23,34.3,2015
393,Olli Jokinen\jokinol01,36,TOR,C,6,0,1,1,1,2,0,0,0,0,0,1,0,0,10,0,86,14:18,2,7,48,60,44.4,2015
394,Jyrki Jokipakka\jokipjy01,23,DAL,D,51,0,10,10,-2,8,1.3,0,0,0,0,10,0,0,40,0,842,16:31,66,42,0,0,,2015
395,Blair Jones\jonesbl01,28,PHI,C,4,0,0,0,-4,2,-0.2,0,0,0,0,0,0,0,0,,28,06:55,1,7,5,5,50,2015
396,David Jones\jonesda01,30,CGY,RW,67,14,16,30,-3,18,3.1,12,2,0,1,16,0,0,114,12.3,961,14:20,45,125,15,16,48.4,2015
397,Seth Jones\jonesse01,20,NSH,D,82,8,19,27,3,20,5.4,5,2,1,0,10,9,0,123,6.5,1630,19:53,90,72,0,0,,2015
398,Josh Jooris\joorijo01,24,CGY,RW,60,12,12,24,1,16,2.5,8,4,0,4,11,1,0,89,13.5,870,14:30,30,60,279,293,48.8,2015
399,Michal Jordan\jordami01,24,CAR,D,38,2,4,6,-7,4,1.4,0,2,0,0,4,0,0,44,4.5,606,15:57,61,35,0,0,,2015
400,Jacob Josefson\josefja01,23,NJD,C,62,6,5,11,0,24,0.8,3,0,3,1,3,2,0,61,9.8,771,12:26,31,57,289,302,48.9,2015
401,Roman Josi\josiro01,24,NSH,D,81,15,40,55,15,26,10.8,12,3,0,4,25,12,3,201,7.5,2144,02:28,209,53,0,1,0,2015
402,Tomas Jurco\jurcoto01,22,DET,RW,63,3,15,18,6,14,1.4,2,1,0,0,14,1,0,92,3.3,725,11:31,11,97,0,2,0,2015
403,Nazem Kadri\kadrina01,24,TOR,C,73,18,21,39,-7,28,4.1,14,3,1,1,17,4,0,176,10.2,1285,17:36,23,118,528,616,46.2,2015
404,Patrick Kaleta\kaletpa01,28,BUF,RW,42,0,3,3,-11,36,-0.7,0,0,0,0,2,0,1,25,0,372,08:52,25,88,3,5,37.5,2015
405,Steven Kampfer\kampfst01,26,FLA,D,25,2,2,4,-4,12,0.7,2,0,0,1,1,1,0,28,7.1,430,17:12,33,49,0,0,,2015
406,Evander Kane\kaneev01,23,WPG,LW,37,10,12,22,-1,56,2.4,5,4,1,1,8,2,2,126,7.9,715,19:19,14,119,30,37,44.8,2015
407,Patrick Kane\kanepa01,26,CHI,RW,61,27,37,64,10,10,8.8,21,6,0,5,21,16,0,186,14.5,1211,19:51,14,22,3,4,42.9,2015
408,Erik Karlsson\karlser01,24,OTT,D,82,21,45,66,7,42,11.9,15,6,0,3,21,24,0,292,7.2,2235,03:15,89,93,0,0,,2015
409,Melker Karlsson\karlsme01,24,SJS,C,53,13,11,24,-3,20,2.6,12,1,0,2,11,0,0,100,13,818,15:26,26,51,13,20,39.4,2015
410,William Karlsson\karlswi01,22,TOT,C,21,3,2,5,3,0,0.6,3,0,0,1,1,1,0,29,10.3,257,12:14,7,18,93,104,47.2,2015
410,William Karlsson\karlswi01,22,ANA,C,18,2,1,3,1,0,0.2,2,0,0,1,0,1,0,24,8.3,219,12:09,6,14,80,84,48.8,2015
410,William Karlsson\karlswi01,22,CBJ,C,3,1,1,2,2,0,0.4,1,0,0,0,1,0,0,5,20,38,12:46,1,4,13,20,39.4,2015
411,Zack Kassian\kassiza01,24,VAN,RW,42,10,6,16,-5,81,1.8,9,1,0,3,6,0,0,55,18.2,530,12:37,2,88,0,6,0,2015
412,Duncan Keith\keithdu01,31,CHI,D,80,10,35,45,12,20,9.3,7,3,0,2,21,13,1,171,5.8,2045,01:34,113,16,0,0,,2015
413,Chris Kelly\kellych01,34,BOS,C,80,7,21,28,6,48,2.1,6,0,1,2,20,0,1,112,6.3,1211,15:08,61,126,262,274,48.9,2015
414,Ronalds Kenins\keninro01,23,VAN,LW,30,4,8,12,-2,8,1.1,4,0,0,0,8,0,0,38,10.5,368,12:16,7,71,0,0,,2015
415,Tyler Kennedy\kennety01,28,TOT,C,38,6,8,14,-2,10,1.4,6,0,0,2,8,0,0,79,7.6,424,11:10,8,49,13,15,46.4,2015
415,Tyler Kennedy\kennety01,28,SJS,C,25,4,5,9,1,8,1,4,0,0,2,5,0,0,48,8.3,276,11:03,5,37,8,10,44.4,2015
415,Tyler Kennedy\kennety01,28,NYI,C,13,2,3,5,-3,2,0.4,2,0,0,0,3,0,0,31,6.5,148,11:23,3,12,5,5,50,2015
416,Ryan Kesler\keslery01,30,ANA,C,81,20,27,47,-5,75,4.5,14,5,1,4,19,6,2,205,9.8,1581,19:31,69,169,937,718,56.6,2015
417,Phil Kessel\kesseph01,27,TOR,RW,82,25,36,61,-34,30,5.9,17,8,0,4,19,17,0,280,8.9,1541,18:48,13,18,2,3,40,2015
418,Alexander Khokhlachev\khokhal01,21,BOS,C,3,0,0,0,-2,0,-0.1,0,0,0,0,0,0,0,1,0,25,08:12,0,1,9,8,52.9,2015
419,Alex Killorn\killoal01,25,TBL,C,71,15,23,38,8,36,4,13,1,1,5,21,2,0,130,11.5,1202,16:56,21,60,34,46,42.5,2015
420,Jakub Kindl\kindlja01,27,DET,D,35,5,8,13,2,22,2.7,3,2,0,0,3,5,0,54,9.3,557,15:55,25,31,0,0,,2015
421,Dwight King\kingdw01,25,LAK,LW,81,13,13,26,-3,21,2.4,13,0,0,1,11,1,1,127,10.2,1166,14:24,14,124,3,2,60,2015
422,Oscar Klefbom\klefbos01,21,EDM,D,60,2,18,20,-21,4,2.1,2,0,0,0,16,2,0,98,2,1320,22:00,102,45,0,0,,2015
423,Kevin Klein\kleinke01,30,NYR,D,65,9,17,26,24,25,6.5,9,0,0,4,17,0,0,76,11.8,1202,18:29,115,126,0,1,0,2015
424,Carl Klingberg\klingca01,24,WPG,LW,2,0,0,0,-1,0,-0.1,0,0,0,0,0,0,0,0,,7,03:19,0,2,0,0,,2015
425,John Klingberg\klingjo01,22,DAL,D,65,11,29,40,5,32,6.7,9,2,0,3,19,10,0,98,11.2,1420,21:50,77,54,0,0,,2015
426,Rob Klinkhammer\klinkro01,28,TOT,C,69,5,4,9,-4,27,0.2,5,0,0,0,4,0,0,64,7.8,774,11:13,12,236,10,27,27,2015
426,Rob Klinkhammer\klinkro01,28,EDM,C,40,1,2,3,-7,23,-0.5,1,0,0,0,2,0,0,31,3.2,443,11:05,10,156,9,26,25.7,2015
426,Rob Klinkhammer\klinkro01,28,ARI,C,19,3,0,3,3,4,0.5,3,0,0,0,0,0,0,23,13,220,11:33,2,44,0,1,0,2015
426,Rob Klinkhammer\klinkro01,28,PIT,C,10,1,2,3,0,0,0.3,1,0,0,0,2,0,0,10,10,111,11:08,0,36,1,0,100,2015
427,Corban Knight\knighco01,24,CGY,C,2,0,0,0,0,0,0,0,0,0,0,0,0,0,2,0,13,06:24,1,4,9,2,81.8,2015
428,Slater Koekkoek\koekksl01,20,TBL,D,3,0,0,0,0,2,0,0,0,0,0,0,0,0,6,0,50,16:35,3,2,0,0,,2015
429,Mikko Koivu\koivumi01,31,MIN,C,80,14,34,48,2,38,4.6,10,4,0,4,23,11,0,179,7.8,1542,19:16,41,40,989,791,55.6,2015
430,Leo Komarov\komarle01,28,TOR,C,62,8,18,26,0,18,2.4,7,0,1,1,15,1,2,84,9.5,911,14:42,25,250,95,97,49.5,2015
431,Tomas Kopecky\kopecto01,32,FLA,RW,64,2,6,8,-19,28,-1.1,2,0,0,1,6,0,0,106,1.9,826,12:54,22,88,3,1,75,2015
432,Anze Kopitar\kopitan01,27,LAK,C,79,16,48,64,-2,10,6.4,10,6,0,4,30,18,0,134,11.9,1532,19:23,45,104,736,674,52.2,2015
433,Lauri Korpikoski\korpila01,28,ARI,LW,69,6,15,21,-27,12,0.4,1,5,0,1,11,3,1,82,7.3,1052,15:15,48,141,11,22,33.3,2015
434,Mike Kostka\kostkmi01,29,NYR,D,7,0,1,1,1,0,0.2,0,0,0,0,1,0,0,7,0,108,15:23,9,6,0,0,,2015
435,Brandon Kozun\kozunbr01,24,TOR,RW,20,2,2,4,-3,6,0.3,2,0,0,0,2,0,0,8,25,158,07:55,4,21,1,1,50,2015
436,Chris Kreider\kreidch01,23,NYR,LW,80,21,25,46,24,88,6.4,14,7,0,5,24,1,0,180,11.7,1257,15:43,17,162,9,12,42.9,2015
437,David Krejci\krejcda01,28,BOS,C,47,7,24,31,7,22,3.1,5,1,1,1,17,7,0,70,10,854,18:10,29,35,316,266,54.3,2015
438,Niklas Kronwall\kronwni01,34,DET,D,80,9,35,44,-4,40,7.2,6,3,0,1,15,20,0,101,8.9,1907,23:50,106,91,1,0,100,2015
439,Torey Krug\krugto01,23,BOS,D,78,12,27,39,13,20,8.2,10,2,0,0,15,12,0,205,5.9,1529,19:36,68,75,0,0,,2015
440,Marcus Kruger\krugema01,24,CHI,C,81,7,10,17,-5,32,0.8,7,0,0,1,10,0,0,126,5.6,1060,13:05,50,29,357,313,53.3,2015
441,Nikita Kucherov\kucheni01,21,TBL,RW,82,29,36,65,38,37,9.9,27,2,0,2,23,13,0,191,15.2,1226,14:57,28,65,0,2,0,2015
442,Brett Kulak\kulakbr01,21,CGY,D,1,0,0,0,0,2,0,0,0,0,0,0,0,0,0,,20,19:31,0,0,0,0,,2015
443,Nikolai Kulemin\kulemni01,28,NYI,LW,82,15,16,31,7,21,3.3,12,0,3,0,15,0,1,115,13,1219,14:52,58,129,7,17,29.2,2015
444,Dmitry Kulikov\kulikdm01,24,FLA,D,73,3,19,22,0,48,4.3,2,1,0,0,13,5,1,83,3.6,1556,21:19,105,114,0,0,,2015
445,Chris Kunitz\kunitch01,35,PIT,LW,74,17,23,40,2,56,4.3,7,9,1,5,16,7,0,170,10,1324,17:53,29,211,7,6,53.8,2015
446,Evgeny Kuznetsov\kuzneev01,22,WSH,C,80,11,26,37,10,24,4,7,4,0,1,17,9,0,127,8.7,1066,13:20,15,43,304,377,44.6,2015
447,Andrew Ladd\laddan01,29,WPG,LW,81,24,38,62,9,72,7.4,15,9,0,6,27,10,1,224,10.7,1626,20:04,38,212,7,13,35,2015
448,Brooks Laich\laichbr01,31,WSH,C,66,7,13,20,-2,24,1.3,7,0,0,2,11,1,1,106,6.6,972,14:43,53,107,87,111,43.9,2015
449,Anton Lander\landean01,23,EDM,C,38,6,14,20,-12,14,1.6,2,4,0,2,11,3,0,61,9.8,570,15:01,12,59,226,225,50.1,2015
450,Gabriel Landeskog\landega01,22,COL,LW,82,23,36,59,-2,79,6.6,15,8,0,2,27,9,0,214,10.7,1517,18:30,73,169,16,29,35.6,2015
451,Maxim Lapierre\lapiema01,29,TOT,C,80,2,9,11,-15,32,-0.6,2,0,0,0,9,0,0,86,2.3,857,10:43,36,151,307,273,52.9,2015
451,Maxim Lapierre\lapiema01,29,STL,C,45,2,7,9,-2,16,0.3,2,0,0,0,7,0,0,43,4.7,466,10:21,17,46,136,106,56.2,2015
451,Maxim Lapierre\lapiema01,29,PIT,C,35,0,2,2,-13,16,-1,0,0,0,0,2,0,0,43,0,391,11:10,19,105,171,167,50.6,2015
452,Adam Larsson\larssad01,22,NJD,D,64,3,21,24,2,34,5,3,0,0,1,18,0,3,91,3.3,1342,20:58,124,93,0,0,,2015
453,Johan Larsson\larssjo02,22,BUF,LW,39,6,10,16,0,12,1.6,5,1,0,0,7,3,0,50,12,566,14:31,19,59,150,191,44,2015
454,Brian Lashoff\lashobr01,24,DET,D,11,0,2,2,4,6,0.7,0,0,0,0,2,0,0,7,0,146,13:17,14,7,0,0,,2015
455,Michael Latta\lattami01,23,WSH,C,53,0,6,6,4,68,0.1,0,0,0,0,6,0,0,24,0,444,08:23,14,91,160,175,47.8,2015
456,Scott Laughton\laughsc01,20,PHI,C,31,2,4,6,-1,17,0.2,2,0,0,0,3,1,0,51,3.9,394,12:43,11,58,134,141,48.7,2015
457,Oliver Lauridsen\lauriol01,25,PHI,D,1,0,0,0,-1,10,-0.1,0,0,0,0,0,0,0,2,0,10,10:26,0,2,0,0,,2015
458,Curtis Lazar\lazarcu01,19,OTT,C,67,6,9,15,1,14,0.8,6,0,0,0,9,0,0,92,6.5,864,12:54,40,167,129,144,47.3,2015
459,Vincent Lecavalier\lecavvi01,34,PHI,C,57,8,12,20,-7,36,1.6,7,1,0,0,9,3,0,103,7.8,721,12:39,15,40,95,96,49.7,2015
460,Nick Leddy\leddyni01,23,NYI,D,78,10,27,37,18,14,7.7,9,1,0,1,15,11,1,120,8.3,1588,20:22,90,73,0,0,,2015
461,Anders Lee\leean01,24,NYI,C,76,25,16,41,9,33,5.9,20,5,0,6,15,1,0,197,12.7,1094,14:24,29,169,1,0,100,2015
462,David Legwand\legwada01,34,OTT,C,80,9,18,27,1,32,2.1,3,6,0,0,10,6,2,91,9.9,1112,13:54,25,43,451,507,47.1,2015
463,Jori Lehtera\lehtejo01,27,STL,C,75,14,30,44,21,48,5.3,11,2,1,2,24,5,1,103,13.6,1216,16:13,34,42,541,513,51.3,2015
464,Josh Leivo\leivojo01,21,TOR,LW,9,1,0,1,-1,4,0.1,1,0,0,0,0,0,0,10,10,69,07:39,0,5,0,2,0,2015
465,Jordan Leopold\leopojo01,34,TOT,D,43,1,3,4,-6,19,0.5,0,1,0,0,3,0,0,39,2.6,642,14:55,50,33,0,0,,2015
465,Jordan Leopold\leopojo01,34,MIN,D,18,0,1,1,1,8,0.4,0,0,0,0,1,0,0,17,0,240,13:19,19,10,0,0,,2015
465,Jordan Leopold\leopojo01,34,CBJ,D,18,1,2,3,-7,9,0,0,1,0,0,2,0,0,21,4.8,310,17:15,23,20,0,0,,2015
465,Jordan Leopold\leopojo01,34,STL,D,7,0,0,0,0,2,0.1,0,0,0,0,0,0,0,1,0,92,13:04,8,3,0,0,,2015
466,Bryan Lerg\lergbr01,29,SJS,C,2,1,0,1,-1,0,0.1,1,0,0,1,0,0,0,8,12.5,25,12:36,0,3,4,0,100,2015
467,Lucas Lessio\lessilu01,22,ARI,LW,26,2,3,5,-10,8,-0.1,2,0,0,0,3,0,0,44,4.5,332,12:45,6,59,0,2,0,2015
468,Kris Letang\letankr01,27,PIT,D,69,11,43,54,12,79,10.1,8,2,1,1,21,22,0,197,5.6,1759,01:29,117,131,0,1,0,2015
469,Mark Letestu\letesma01,29,CBJ,C,54,7,6,13,-9,0,0.6,6,0,1,1,5,1,0,63,11.1,720,13:20,24,51,319,284,52.9,2015
470,Trevor Lewis\lewistr01,28,LAK,C,73,9,16,25,8,14,2.5,8,0,1,2,16,0,0,143,6.3,1030,14:06,17,189,66,98,40.2,2015
471,John-Michael Liles\lilesjo01,34,CAR,D,57,2,20,22,-9,14,3.9,2,0,0,0,13,7,0,90,2.2,1091,19:09,74,71,0,0,,2015
472,Oscar Lindberg\lindbos02,23,NYR,C,1,0,0,0,0,0,0,0,0,0,0,0,0,0,2,0,8,08:18,0,3,2,3,40,2015
473,Matt Lindblad\lindbma01,24,BOS,C,2,0,0,0,0,0,0,0,0,0,0,0,0,0,3,0,16,07:46,0,2,0,5,0,2015
474,Petteri Lindbohm\lindbpe02,21,STL,D,23,2,1,3,-1,26,0.8,2,0,0,0,1,0,0,32,6.3,358,15:34,22,26,0,0,,2015
475,Elias Lindholm\lindhel01,20,CAR,C,81,17,22,39,-23,14,3.6,13,4,0,4,11,11,0,170,10,1330,16:25,30,106,115,105,52.3,2015
476,Hampus Lindholm\lindhha01,21,ANA,D,78,7,27,34,25,32,7.7,7,0,0,1,21,6,0,107,6.5,1697,21:46,77,59,0,4,0,2015
477,Joakim Lindstrom\lindsjo01,31,TOT,C,53,4,6,10,-15,12,0,2,2,0,0,3,3,0,61,6.6,576,10:53,5,14,7,16,30.4,2015
477,Joakim Lindstrom\lindsjo01,31,STL,C,34,3,3,6,-8,8,0,1,2,0,0,1,2,0,41,7.3,377,11:05,3,9,7,15,31.8,2015
477,Joakim Lindstrom\lindsjo01,31,TOR,C,19,1,3,4,-7,4,-0.1,1,0,0,0,2,1,0,20,5,200,10:30,2,5,0,1,0,2015
478,Bryan Little\littlbr01,27,WPG,C,70,24,28,52,8,24,6.6,14,9,1,3,19,9,0,148,16.2,1394,19:55,32,55,759,780,49.3,2015
479,Ben Lovejoy\lovejbe01,30,TOT,D,60,2,12,14,-4,25,2.2,2,0,0,0,10,0,2,86,2.3,1166,19:26,105,170,0,0,,2015
479,Ben Lovejoy\lovejbe01,30,ANA,D,40,1,10,11,3,17,2,1,0,0,0,9,0,1,50,2,742,18:33,73,99,0,0,,2015
479,Ben Lovejoy\lovejbe01,30,PIT,D,20,1,2,3,-7,8,0.3,1,0,0,0,1,0,1,36,2.8,424,21:13,32,71,0,0,,2015
480,Keegan Lowe\loweke02,21,CAR,D,2,0,0,0,-2,10,-0.1,0,0,0,0,0,0,0,0,,28,13:51,4,3,0,0,,2015
481,Adam Lowry\lowryad01,21,WPG,LW,80,11,12,23,1,46,2,10,0,1,2,9,3,0,104,10.6,1100,13:45,32,255,406,453,47.3,2015
482,Milan Lucic\lucicmi01,26,BOS,LW,81,18,26,44,13,81,5.3,16,2,0,4,20,6,0,141,12.8,1325,16:21,23,259,34,40,45.9,2015
483,Joffrey Lupul\lupuljo01,31,TOR,LW,55,10,11,21,-10,26,1.7,8,2,0,1,10,1,0,97,10.3,852,15:29,20,78,4,2,66.7,2015
484,Olli Maatta\maattol01,20,PIT,D,20,1,8,9,1,10,1.6,1,0,0,0,6,2,0,27,3.7,414,20:43,33,18,0,0,,2015
485,Clarke MacArthur\macarcl01,29,OTT,LW,62,16,20,36,-6,36,3.8,10,6,0,5,16,4,0,140,11.4,1054,17:00,17,70,8,13,38.1,2015
486,Andrew MacDonald\macdoan01,28,PHI,D,58,2,10,12,-5,41,2,1,1,0,0,6,4,0,62,3.2,1161,20:01,86,35,0,0,,2015
487,Derek MacKenzie\mackede01,33,FLA,C,82,5,6,11,-17,45,-0.6,4,1,0,0,6,0,0,72,6.9,1021,12:27,51,273,543,479,53.1,2015
488,Nathan MacKinnon\mackina01,19,COL,C,64,14,24,38,-7,34,3.7,11,3,0,2,20,4,0,192,7.3,1091,17:03,41,43,201,227,47,2015
489,Andrew MacWilliam\macwian01,24,TOR,D,12,0,2,2,-6,12,-0.1,0,0,0,0,2,0,0,5,0,185,15:24,20,35,0,1,0,2015
490,Manny Malhotra\malhoma01,34,MTL,C,58,1,3,4,-6,12,-0.8,1,0,0,1,3,0,0,46,2.2,629,10:51,62,37,537,367,59.4,2015
491,Evgeni Malkin\malkiev01,28,PIT,C,69,28,42,70,-2,60,8.8,19,9,0,4,25,17,0,212,13.2,1309,18:58,18,24,322,427,43,2015
492,Brad Malone\malonbr01,25,CAR,C,65,7,8,15,-8,74,1.3,7,0,0,2,8,0,0,65,10.8,660,10:09,16,162,30,19,61.2,2015
493,Ryan Malone\malonry01,35,NYR,LW,6,0,0,0,-4,4,-0.3,0,0,0,0,0,0,0,6,0,60,10:02,2,14,1,0,100,2015
494,Brandon Manning\mannibr01,24,PHI,D,11,0,3,3,3,7,0.7,0,0,0,0,3,0,0,10,0,189,17:10,13,19,0,0,,2015
495,Josh Manson\mansojo01,23,ANA,D,28,0,3,3,1,31,0.7,0,0,0,0,3,0,0,26,0,516,18:26,24,44,0,0,,2015
496,Brad Marchand\marchbr03,26,BOS,LW,77,24,18,42,5,95,5.5,20,2,2,5,17,0,1,180,13.3,1301,16:54,28,72,13,19,40.6,2015
497,Alexey Marchenko\marchal01,23,DET,D,13,1,1,2,1,2,0.6,1,0,0,0,1,0,0,7,14.3,201,15:26,10,9,0,0,,2015
498,Jonathan Marchessault\audymjo01,24,TBL,C,2,1,0,1,1,0,0.2,1,0,0,0,0,0,0,3,33.3,24,11:57,0,4,1,2,33.3,2015
499,Martin Marincin\marinma01,22,EDM,D,41,1,4,5,-4,16,1.2,1,0,0,0,4,0,0,38,2.6,765,18:39,59,17,1,0,100,2015
500,Andrei Markov\markoan01,36,MTL,D,81,10,40,50,22,38,10.7,6,4,0,1,18,21,1,135,7.4,2018,00:55,173,53,0,0,,2015
501,Patrick Marleau\marlepa01,35,SJS,LW,82,19,38,57,-17,12,5.1,12,7,0,4,21,17,0,233,8.2,1606,19:35,26,83,139,182,43.3,2015
502,Pat Maroon\maroopa01,26,ANA,LW,71,9,25,34,-5,82,2.8,8,1,0,1,19,6,0,120,7.5,1014,14:17,10,120,7,14,33.3,2015
503,Matt Martin\martima02,25,NYI,LW,78,8,6,14,-4,114,0.7,8,0,0,2,6,0,0,90,8.9,879,11:16,36,382,5,5,50,2015
504,Paul Martin\martipa01,33,PIT,D,74,3,17,20,17,20,5.7,3,0,0,0,16,1,0,61,4.9,1687,22:47,139,60,0,0,,2015
505,Alec Martinez\martial01,27,LAK,D,56,6,16,22,9,10,5,5,1,0,1,13,3,0,103,5.8,1116,19:56,117,95,0,0,,2015
506,Jordan Martinook\martijo01,22,ARI,C,8,0,1,1,-3,0,-0.1,0,0,0,0,1,0,0,8,0,94,11:42,2,14,1,0,100,2015
507,Stefan Matteau\mattest02,20,NJD,LW,7,1,0,1,0,4,0.1,1,0,0,0,0,0,0,8,12.5,83,11:52,1,19,0,0,,2015
508,Shawn Matthias\matthsh01,26,VAN,C,78,18,9,27,-3,16,3.2,17,1,0,0,8,0,1,132,13.6,1022,13:06,33,65,85,102,45.5,2015
509,Jamie McBain\mcbaija02,26,LAK,D,26,3,6,9,4,4,2,2,1,0,0,4,2,0,18,16.7,330,12:41,28,21,0,0,,2015
510,Jake McCabe\mccabja01,21,BUF,D,2,0,0,0,0,0,0,0,0,0,0,0,0,0,2,0,22,11:08,1,4,0,0,,2015
511,Jay McClement\mccleja01,31,CAR,C,82,7,14,21,-7,17,1.4,7,0,0,2,14,0,0,68,10.3,1113,13:35,53,79,549,441,55.5,2015
512,Cody McCormick\mccorco01,31,BUF,C,33,1,3,4,-9,40,-0.4,0,0,1,0,3,0,0,31,3.2,387,11:43,29,77,147,144,50.5,2015
513,Ryan McDonagh\mcdonry01,25,NYR,D,71,8,25,33,23,26,7.3,5,3,0,2,13,9,3,148,5.4,1642,23:08,139,77,0,0,,2015
514,Colin McDonald\mcdonco01,30,NYI,RW,18,2,6,8,-3,0,0.7,2,0,0,0,6,0,0,29,6.9,189,10:30,6,72,2,2,50,2015
515,Jamie McGinn\mcginja01,26,COL,LW,19,4,2,6,-9,6,0.3,3,1,0,0,2,0,0,36,11.1,281,14:46,7,29,1,0,100,2015
516,Tye McGinn\mcginty01,24,TOT,LW,51,2,5,7,0,21,0.2,2,0,0,0,5,0,0,60,3.3,515,10:06,17,71,1,1,50,2015
516,Tye McGinn\mcginty01,24,SJS,LW,33,1,4,5,1,11,0.1,1,0,0,0,4,0,0,35,2.9,341,10:20,12,39,1,0,100,2015
516,Tye McGinn\mcginty01,24,ARI,LW,18,1,1,2,-1,10,0,1,0,0,0,1,0,0,25,4,174,09:40,5,32,0,1,0,2015
517,Brian McGrattan\mcgrabr01,33,CGY,RW,8,0,0,0,-2,4,-0.2,0,0,0,0,0,0,0,10,0,53,06:38,1,11,0,0,,2015
518,Dylan McIlrath\mcilrdy01,22,NYR,D,1,0,0,0,0,9,0,0,0,0,0,0,0,0,0,,8,08:02,3,2,0,0,,2015
519,Greg McKegg\mckeggr01,22,TOR,C,3,0,0,0,0,0,0,0,0,0,0,0,0,0,1,0,28,09:11,2,3,17,16,51.5,2015
520,Curtis McKenzie\mckencu01,23,DAL,LW,36,4,1,5,-8,48,-0.1,4,0,0,0,1,0,0,41,9.8,415,11:32,13,85,3,5,37.5,2015
521,Cody McLeod\mcleoco01,30,COL,LW,82,7,5,12,-2,191,0.5,6,0,1,2,5,0,0,94,7.4,917,11:11,43,268,1,8,11.1,2015
522,Brandon McMillan\mcmilbr01,24,TOT,C,58,1,3,4,-19,16,-1.2,1,0,0,0,3,0,0,51,2,607,10:28,23,91,10,13,43.5,2015
522,Brandon McMillan\mcmilbr01,24,ARI,C,50,1,2,3,-18,16,-1.1,1,0,0,0,2,0,0,44,2.3,519,10:23,20,81,9,12,42.9,2015
522,Brandon McMillan\mcmilbr01,24,VAN,C,8,0,1,1,-1,0,-0.1,0,0,0,0,1,0,0,7,0,88,11:02,3,10,1,1,50,2015
523,Brayden McNabb\mcnabbr01,24,LAK,D,71,2,22,24,11,52,5,2,0,0,1,17,5,0,74,2.7,1129,15:54,56,175,1,0,100,2015
524,Adam McQuaid\mcquaad01,28,BOS,D,63,1,6,7,-2,85,1.8,1,0,0,0,6,0,0,60,1.7,1161,18:26,91,141,0,1,0,2015
525,Jayson Megna\megnaja01,24,PIT,C,12,0,1,1,-2,14,-0.2,0,0,0,0,1,0,0,13,0,132,11:02,8,40,0,0,,2015
526,Jonathon Merrill\merrijo01,22,NJD,D,66,2,12,14,-14,24,2.4,0,2,0,0,9,2,1,47,4.3,1357,20:33,89,59,0,0,,2015
527,Andrej Meszaros\meszaan01,29,BUF,D,60,7,7,14,-13,36,2.7,6,1,0,1,7,0,0,67,10.4,1074,17:54,94,67,0,0,,2015
528,Marc Methot\methoma01,29,OTT,D,45,1,10,11,22,18,3.9,1,0,0,0,10,0,0,49,2,1020,22:40,70,94,0,1,0,2015
529,Milan Michalek\michami01,30,OTT,LW,66,13,21,34,3,33,3.5,7,5,1,1,16,5,0,130,10,1080,16:22,40,64,11,12,47.8,2015
530,Zbynek Michalek\michazb01,32,TOT,D,68,4,8,12,-3,18,3.4,4,0,0,0,8,0,0,86,4.7,1412,20:46,160,85,0,0,,2015
530,Zbynek Michalek\michazb01,32,ARI,D,53,2,6,8,-6,12,2.2,2,0,0,0,6,0,0,67,3,1118,21:05,130,73,0,0,,2015
530,Zbynek Michalek\michazb01,32,STL,D,15,2,2,4,3,6,1.2,2,0,0,0,2,0,0,19,10.5,294,19:37,30,12,0,0,,2015
531,Andrew Miller\millean01,26,EDM,C,9,1,5,6,-2,0,0.5,1,0,0,0,5,0,0,14,7.1,124,13:45,6,7,1,1,50,2015
532,Drew Miller\milledr01,30,DET,LW,82,5,8,13,-3,25,0.1,4,0,1,0,7,1,0,98,5.1,1102,13:26,99,119,6,13,31.6,2015
533,J.T. Miller\millejt01,21,NYR,C,58,10,13,23,5,23,2.6,8,2,0,3,12,1,0,92,10.9,737,12:42,28,89,93,112,45.4,2015
534,Kevan Miller\milleke03,27,BOS,D,41,2,5,7,20,15,3.4,2,0,0,1,5,0,0,37,5.4,739,18:02,60,87,0,0,,2015
535,John Mitchell\mitchjo01,30,COL,C,68,11,15,26,-9,32,2,7,3,1,1,14,1,0,105,10.5,1078,15:51,56,143,374,361,50.9,2015
536,Torrey Mitchell\mitchto01,30,TOT,C,65,6,8,14,-8,34,0.5,6,0,0,2,8,0,0,55,10.9,923,14:12,61,58,399,415,49,2015
536,Torrey Mitchell\mitchto01,30,BUF,C,51,6,7,13,-6,26,0.7,6,0,0,2,7,0,0,45,13.3,782,15:20,51,47,312,349,47.2,2015
536,Torrey Mitchell\mitchto01,30,MTL,C,14,0,1,1,-2,8,-0.2,0,0,0,0,1,0,0,10,0,141,10:03,10,11,87,66,56.9,2015
537,Willie Mitchell\mitchwi01,37,FLA,D,66,3,5,8,1,25,2.7,3,0,0,0,4,0,1,78,3.8,1431,21:41,144,99,0,0,,2015
538,Travis Moen\moentr01,32,TOT,LW,44,3,6,9,0,18,0.6,3,0,0,0,6,0,0,34,8.8,413,09:23,24,62,0,4,0,2015
538,Travis Moen\moentr01,32,DAL,LW,34,3,6,9,0,14,0.8,3,0,0,0,6,0,0,25,12,308,09:03,12,46,0,2,0,2015
538,Travis Moen\moentr01,32,MTL,LW,10,0,0,0,0,4,-0.2,0,0,0,0,0,0,0,9,0,105,10:30,12,16,0,2,0,2015
539,Sean Monahan\monahse01,20,CGY,C,81,31,31,62,8,12,7.9,20,10,1,8,21,9,1,191,16.2,1589,19:37,42,39,902,917,49.6,2015
540,Dominic Moore\mooredo01,34,NYR,C,82,10,17,27,5,28,2.3,8,0,2,3,16,1,0,116,8.6,1132,13:49,45,54,581,486,54.5,2015
541,John Moore\moorejo01,24,TOT,D,57,2,9,11,-4,30,1.8,2,0,0,0,5,4,0,77,2.6,929,16:18,52,77,0,0,,2015
541,John Moore\moorejo01,24,NYR,D,38,1,5,6,7,19,1.6,1,0,0,0,5,0,0,56,1.8,574,15:06,34,51,0,0,,2015
541,John Moore\moorejo01,24,ARI,D,19,1,4,5,-11,11,0.2,1,0,0,0,0,4,0,21,4.8,356,18:43,18,26,0,0,,2015
542,Jeremy Morin\morinje01,23,TOT,RW,43,2,4,6,1,28,0.2,2,0,0,0,4,0,0,73,2.7,439,10:12,5,45,2,3,40,2015
542,Jeremy Morin\morinje01,23,CBJ,RW,28,2,4,6,1,13,0.4,2,0,0,0,4,0,0,45,4.4,323,11:31,4,32,1,3,25,2015
542,Jeremy Morin\morinje01,23,CHI,RW,15,0,0,0,0,15,-0.2,0,0,0,0,0,0,0,28,0,116,07:44,1,13,1,0,100,2015
543,Travis Morin\morintr01,31,DAL,C,6,0,0,0,1,0,-0.1,0,0,0,0,0,0,0,10,0,73,12:06,0,3,28,32,46.7,2015
544,Brenden Morrow\morrobr01,36,TBL,LW,70,3,5,8,-1,64,-0.1,3,0,0,0,5,0,0,28,10.7,653,09:20,16,113,0,0,,2015
545,Joseph Morrow\morrojo02,22,BOS,D,15,1,0,1,3,4,0.7,1,0,0,0,0,0,0,20,5,250,16:41,22,18,0,0,,2015
546,Dave Moss\mossda01,33,ARI,RW,60,4,8,12,-18,24,-0.1,3,1,0,0,6,1,1,96,4.2,775,12:55,36,115,6,7,46.2,2015
547,Kael Mouillierat\mouilka01,27,NYI,LW,6,1,1,2,-3,8,0.1,1,0,0,0,1,0,0,1,100,52,08:41,3,8,16,18,47.1,2015
548,Matt Moulson\moulsma01,31,BUF,LW,77,13,28,41,-11,4,3.6,10,3,0,2,20,8,0,156,8.3,1362,17:41,49,34,13,9,59.1,2015
549,Chris Mueller\muellch01,28,NYR,C,7,1,1,2,-1,0,0.2,0,1,0,0,1,0,0,10,10,73,10:27,1,3,38,26,59.4,2015
550,Mirco Mueller\muellmi01,19,SJS,D,39,1,3,4,-8,10,0.4,1,0,0,0,3,0,0,31,3.2,661,16:58,58,49,0,0,,2015
551,Connor Murphy\murphco02,21,ARI,D,73,4,3,7,-27,42,0.6,4,0,0,0,3,0,0,72,5.6,1226,16:48,142,137,0,1,0,2015
552,Ryan Murphy\murphry01,21,CAR,D,37,4,9,13,-11,8,2.2,1,3,0,1,7,2,0,61,6.6,677,18:17,37,20,0,0,,2015
553,Ryan Murray\murrary01,21,CBJ,D,12,1,2,3,1,8,0.7,0,1,0,0,2,0,0,8,12.5,227,18:55,11,5,0,0,,2015
554,David Musil\musilda01,21,EDM,D,4,0,2,2,-2,2,0.1,0,0,0,0,2,0,0,3,0,79,19:48,8,5,0,0,,2015
555,Jake Muzzin\muzzija01,25,LAK,D,76,10,31,41,-4,22,7.1,6,4,0,3,20,10,1,173,5.8,1725,22:42,108,186,0,0,,2015
556,Tyler Myers\myersty01,24,TOT,D,71,7,21,28,-6,77,5.5,5,2,0,0,15,4,2,124,5.6,1749,00:38,132,65,0,0,,2015
556,Tyler Myers\myersty01,24,BUF,D,47,4,9,13,-15,61,2.2,3,1,0,0,6,3,0,72,5.6,1178,01:04,99,46,0,0,,2015
556,Tyler Myers\myersty01,24,WPG,D,24,3,12,15,9,16,3.3,2,1,0,0,9,1,2,52,5.8,572,23:49,33,19,0,0,,2015
557,Vladislav Namestnikov\namesvl01,22,TBL,C,43,9,7,16,1,13,1.9,8,1,0,3,6,1,0,46,19.6,516,12:00,13,41,67,84,44.4,2015
558,Rick Nash\nashri01,30,NYR,LW,79,42,27,69,29,36,11.4,32,6,4,8,20,6,1,304,13.8,1379,17:27,33,45,2,2,50,2015
559,Riley Nash\nashri02,25,CAR,C,68,8,17,25,-10,12,1.9,7,1,0,0,12,5,0,94,8.5,1109,16:19,46,88,488,470,50.9,2015
560,James Neal\nealja01,27,NSH,LW,67,23,14,37,12,57,5.2,20,3,0,6,13,1,0,221,10.4,1212,18:05,30,71,7,10,41.2,2015
561,Chris Neil\neilch01,35,OTT,RW,38,4,3,7,5,78,0.8,3,1,0,0,3,0,0,23,17.4,370,09:44,11,136,3,2,60,2015
562,Brock Nelson\nelsobr01,23,NYI,C,82,20,22,42,6,24,4.9,10,10,0,3,17,5,0,190,10.5,1302,15:53,52,99,354,445,44.3,2015
563,Patrik Nemeth\nemetpa01,22,DAL,D,22,0,3,3,0,6,0.5,0,0,0,0,3,0,0,16,0,357,16:13,21,28,0,0,,2015
564,Nikita Nesterov\nesteni01,21,TBL,D,27,2,5,7,6,16,1.7,1,1,0,0,4,1,0,44,4.5,433,16:03,18,43,0,0,,2015
565,Andrej Nestrasil\nestran01,23,TOT,C,54,7,13,20,-1,8,2,5,2,0,0,10,3,0,82,8.5,721,13:21,17,54,55,39,58.5,2015
565,Andrej Nestrasil\nestran01,23,CAR,C,41,7,11,18,2,4,2.2,5,2,0,0,9,2,0,66,10.6,577,14:05,14,49,53,39,57.6,2015
565,Andrej Nestrasil\nestran01,23,DET,C,13,0,2,2,-3,4,-0.1,0,0,0,0,1,1,0,16,0,144,11:04,3,5,2,0,100,2015
566,Valeri Nichushkin\nichuva01,19,DAL,RW,8,0,1,1,-5,2,-0.3,0,0,0,0,1,0,0,6,0,110,13:46,1,7,0,0,,2015
567,Nino Niederreiter\niedeni01,22,MIN,RW,80,24,13,37,2,28,5.1,17,6,1,5,11,2,0,149,16.1,1164,14:33,32,155,2,5,28.6,2015
568,Frans Nielsen\nielsfr01,30,NYI,C,78,14,29,43,8,12,4.4,9,4,1,4,13,14,2,157,8.9,1293,16:35,80,48,506,543,48.2,2015
569,Matthew Nieto\nietoma01,22,SJS,LW,72,10,17,27,-12,20,1.8,9,1,0,1,13,3,1,135,7.4,1098,15:15,38,24,0,1,0,2015
570,Nikita Nikitin\nikitni01,28,EDM,D,42,4,6,10,-12,12,1.5,2,2,0,1,5,1,0,80,5,825,19:38,49,21,0,0,,2015
571,Matt Niskanen\niskama01,28,WSH,D,82,4,27,31,7,47,6,2,2,0,0,18,8,1,117,3.4,1833,22:21,106,143,0,0,,2015
572,Stefan Noesen\noesest01,21,ANA,RW,1,0,0,0,0,0,0,0,0,0,0,0,0,0,0,,7,06:54,1,0,0,0,,2015
573,Jordan Nolan\nolanjo01,25,LAK,C,60,6,3,9,-6,54,0.4,6,0,0,1,3,0,0,44,13.6,598,09:58,11,102,1,5,16.7,2015
574,Joakim Nordstrom\nordsjo02,22,CHI,C,38,0,3,3,-5,4,-0.6,0,0,0,0,3,0,0,42,0,417,10:58,17,73,2,8,20,2015
575,Ryan Nugent-Hopkins\nugenry01,21,EDM,C,76,24,32,56,-12,25,6.2,22,2,0,2,19,12,1,189,12.7,1569,20:38,37,92,620,727,46,2015
576,Darnell Nurse\nurseda01,19,EDM,D,2,0,0,0,-2,0,-0.1,0,0,0,0,0,0,0,2,0,34,17:00,0,5,0,0,,2015
577,Gustav Nyquist\nyquigu01,25,DET,C,82,27,27,54,-11,26,6.4,13,14,0,4,17,10,0,195,13.8,1366,16:39,31,43,1,8,11.1,2015
578,Eric Nystrom\nystrer01,31,NSH,LW,60,7,5,12,0,15,0.8,6,0,1,1,5,0,0,60,11.7,792,13:12,29,104,4,8,33.3,2015
579,Liam O'Brien\obrieli01,20,WSH,C,13,1,1,2,4,23,0.3,1,0,0,0,1,0,0,16,6.3,98,07:33,0,35,1,1,50,2015
580,Shane O'Brien\obriesh01,31,FLA,D,9,0,1,1,-4,5,-0.1,0,0,0,0,1,0,0,4,0,121,13:29,12,36,0,0,,2015
581,Eric O'Dell\odeller01,24,WPG,C,11,0,1,1,0,19,0,0,0,0,0,1,0,0,6,0,82,07:26,0,14,18,23,43.9,2015
582,Ryan O'Reilly\oreilry01,23,COL,C,82,17,38,55,-5,12,5.2,14,2,1,1,27,10,1,171,9.9,1617,19:43,48,38,713,621,53.4,2015
583,Johnny Oduya\oduyajo01,33,CHI,D,76,2,8,10,5,26,3.3,2,0,0,0,8,0,0,76,2.6,1542,20:17,123,69,0,0,,2015
584,Jordan Oesterle\oestejo01,22,EDM,D,6,0,1,1,-4,0,-0.1,0,0,0,0,1,0,0,7,0,88,14:42,3,2,0,0,,2015
585,Kyle Okposo\okposky01,26,NYI,RW,60,18,33,51,-8,12,5.3,12,6,0,2,21,12,0,195,9.2,1173,19:33,23,53,80,81,49.7,2015
586,Jamie Oleksiak\oleksja01,22,DAL,D,36,1,7,8,0,8,1.2,1,0,0,0,7,0,0,36,2.8,482,13:24,46,82,0,0,,2015
587,Steven Oleksy\oleksst01,28,WSH,D,1,0,0,0,-1,0,-0.1,0,0,0,0,0,0,0,1,0,12,12:11,0,2,0,0,,2015
588,Dylan Olsen\olsendy01,24,FLA,D,44,2,6,8,-7,20,1.2,2,0,0,0,5,1,0,44,4.5,700,15:54,52,77,0,0,,2015
589,Brooks Orpik\orpikbr01,34,WSH,D,78,0,19,19,5,66,3.9,0,0,0,0,19,0,0,66,0,1700,21:48,192,306,0,0,,2015
590,Colton Orr\orrco01,32,TOR,RW,1,0,0,0,0,0,0,0,0,0,0,0,0,0,0,,6,06:06,,0,,,,2015
591,T.J. Oshie\oshietj01,28,STL,RW,72,19,36,55,17,51,6.7,16,3,0,4,26,10,0,162,11.7,1356,18:50,39,99,3,10,23.1,2015
592,Steve Ott\ottst01,32,STL,C,78,3,9,12,-8,86,-0.2,3,0,0,0,9,0,0,49,6.1,907,11:38,14,182,159,121,56.8,2015
593,Xavier Ouellet\ouellxa01,21,DET,D,21,2,1,3,4,2,1.2,2,0,0,0,1,0,0,27,7.4,344,16:23,13,11,0,0,,2015
594,Alex Ovechkin\ovechal01,29,WSH,LW,81,53,28,81,10,58,12.6,28,25,0,11,19,9,0,395,13.4,1646,20:20,32,259,2,3,40,2015
595,Magnus Paajarvi\paajama01,23,STL,LW,10,0,1,1,-2,6,-0.1,0,0,0,0,0,1,0,9,0,98,09:48,0,8,1,0,100,2015
596,Max Pacioretty\pacioma01,26,MTL,LW,80,37,30,67,38,32,10.9,27,7,3,10,24,4,2,302,12.3,1552,19:24,38,106,2,7,22.2,2015
597,Jean-Gabriel Pageau\pageaje01,22,OTT,C,50,10,9,19,4,9,2.2,8,0,2,2,9,0,0,97,10.3,709,14:11,20,158,335,344,49.3,2015
598,Daniel Paille\paillda01,30,BOS,LW,71,6,7,13,-9,12,0.3,5,0,1,1,6,0,1,66,9.1,817,11:31,34,77,2,5,28.6,2015
599,Iiro Pakarinen\pakarii01,23,EDM,RW,17,1,2,3,-4,2,0,1,0,0,0,0,2,0,34,2.9,172,10:08,3,51,1,0,100,2015
600,Ondrej Palat\palaton01,23,TBL,LW,75,16,47,63,31,24,7.8,12,3,1,5,38,8,1,139,11.5,1307,17:26,50,125,10,25,28.6,2015
601,Michael Paliotta\paliomi01,21,CHI,D,1,0,1,1,0,0,0.1,0,0,0,0,1,0,0,2,0,13,12:45,2,0,0,0,,2015
602,Kyle Palmieri\palmiky01,23,ANA,RW,57,14,15,29,-2,37,3.3,9,5,0,4,9,6,0,112,12.5,804,14:06,24,97,6,6,50,2015
603,Richard Panik\panikri01,23,TOR,RW,76,11,6,17,-8,49,1.4,9,2,0,1,6,0,0,87,12.6,885,11:39,57,101,2,5,28.6,2015
604,Cedric Paquette\paquece01,21,TBL,C,64,12,7,19,4,51,2,10,0,2,3,7,0,0,91,13.2,871,13:37,55,117,106,120,46.9,2015
605,Adam Pardy\pardyad01,30,WPG,D,55,0,9,9,9,40,2.4,0,0,0,0,8,0,1,29,0,826,15:01,61,75,0,0,,2015
606,P.A. Parenteau\parenpi01,31,MTL,RW,56,8,14,22,0,30,2,5,3,0,1,13,1,0,97,8.2,839,14:59,19,32,10,16,38.5,2015
607,Zach Parise\parisza01,30,MIN,LW,74,33,29,62,21,41,9.4,22,11,0,3,24,5,0,259,12.7,1420,19:11,56,86,2,10,16.7,2015
608,David Pastrnak\pastrda01,18,BOS,RW,46,10,17,27,12,8,3.6,8,2,0,3,16,1,0,93,10.8,643,13:58,11,20,5,12,29.4,2015
609,Greg Pateryn\patergr01,24,MTL,D,17,0,0,0,0,6,0.2,0,0,0,0,0,0,0,10,0,215,12:39,18,48,0,0,,2015
610,Joe Pavelski\paveljo01,30,SJS,C,82,37,33,70,12,29,9.7,18,19,0,5,21,12,0,261,14.2,1650,20:08,82,92,604,508,54.3,2015
611,Tanner Pearson\pearsta01,22,LAK,LW,42,12,4,16,14,14,2.8,11,1,0,3,4,0,0,68,17.6,558,13:18,9,46,5,2,71.4,2015
612,Anthony Peluso\pelusan01,25,WPG,RW,49,1,1,2,-3,86,-0.3,1,0,0,0,1,0,0,23,4.3,288,05:53,6,104,0,1,0,2015
613,Stuart Percy\percyst01,21,TOR,D,9,0,3,3,-4,2,0.2,0,0,0,0,1,2,0,13,0,163,18:05,13,14,0,0,,2015
614,Mathieu Perreault\perrema01,27,WPG,C,62,18,23,41,7,38,5.3,13,5,0,2,16,7,0,129,14,1008,16:15,13,75,224,210,51.6,2015
615,David Perron\perroda01,26,TOT,LW,81,17,24,41,-25,62,3.2,14,3,0,2,18,6,0,196,8.7,1404,17:20,21,171,3,9,25,2015
615,David Perron\perroda01,26,PIT,LW,43,12,10,22,-8,42,2.2,9,3,0,1,8,2,0,122,9.8,758,17:37,9,97,0,3,0,2015
615,David Perron\perroda01,26,EDM,LW,38,5,14,19,-17,20,1,5,0,0,1,10,4,0,74,6.8,646,17:00,12,74,3,6,33.3,2015
616,Corey Perry\perryco01,29,ANA,RW,67,33,22,55,13,67,8.4,29,4,0,3,19,3,0,193,17.1,1213,18:06,27,64,3,9,25,2015
617,Alexander Petrovic\petroal01,22,FLA,D,33,0,3,3,-4,34,0.5,0,0,0,0,3,0,0,29,0,537,16:16,34,76,0,0,,2015
618,Jeff Petry\petryje01,27,TOT,D,78,7,15,22,-28,42,2.6,6,1,0,1,11,3,1,126,5.6,1658,21:15,109,145,0,0,,2015
618,Jeff Petry\petryje01,27,EDM,D,59,4,11,15,-25,32,1.3,3,1,0,1,7,3,1,103,3.9,1236,20:57,77,101,0,0,,2015
618,Jeff Petry\petryje01,27,MTL,D,19,3,4,7,-3,10,1.3,3,0,0,0,4,0,0,23,13,422,22:11,32,44,0,0,,2015
619,Dion Phaneuf\phanedi01,29,TOR,D,70,3,26,29,-11,108,4.3,1,2,0,1,12,13,1,138,2.2,1660,23:43,126,166,0,0,,2015
620,Chris Phillips\phillch02,36,OTT,D,36,0,3,3,0,12,0.8,0,0,0,0,2,1,0,29,0,752,20:54,54,70,0,0,,2015
621,Alex Pietrangelo\pietral01,25,STL,D,81,7,39,46,-2,28,7.5,6,1,0,2,28,11,0,195,3.6,2058,01:25,161,70,0,0,,2015
622,Steve Pinizzotto\pinizst01,30,EDM,RW,18,2,2,4,1,30,0.5,2,0,0,0,2,0,0,15,13.3,143,07:56,2,32,0,0,,2015
623,Brandon Pirri\pirribr01,23,FLA,C,49,22,2,24,6,14,4.2,15,7,0,4,2,0,0,143,15.4,724,14:46,13,39,86,89,49.1,2015
624,Joe Piskula\piskujo01,30,NSH,D,1,0,0,0,-1,2,-0.1,0,0,0,0,0,0,0,0,,16,16:27,2,0,0,0,,2015
625,Tyler Pitlick\pitlity01,23,EDM,RW,17,2,0,2,-3,4,0,2,0,0,1,0,0,0,18,11.1,212,12:27,17,55,5,4,55.6,2015
626,Tomas Plekanec\plekato01,32,MTL,C,82,26,34,60,8,46,7.5,16,7,3,5,24,9,1,248,10.5,1571,19:09,55,47,777,771,50.2,2015
627,Emile Poirier\poiriem01,20,CGY,RW,6,0,1,1,1,0,0.1,0,0,0,0,1,0,0,2,0,48,07:59,1,8,0,1,0,2015
628,Roman Polak\polakro01,28,TOR,D,56,5,4,9,-22,48,0.8,5,0,0,1,4,0,0,61,8.2,1181,21:05,128,225,1,0,100,2015
629,Jason Pominville\pominja01,32,MIN,RW,82,18,36,54,9,8,6.1,15,3,0,4,25,11,0,252,7.1,1499,18:17,32,44,39,47,45.3,2015
630,Chris Porter\portech01,30,STL,LW,24,1,1,2,-3,6,-0.2,1,0,0,1,1,0,0,24,4.2,229,09:33,1,63,4,5,44.4,2015
631,Paul Postma\postmpa01,25,WPG,D,42,2,4,6,1,16,1.4,0,2,0,0,4,0,0,40,5,593,14:08,28,17,0,0,,2015
632,Corey Potter\potteco01,31,CGY,D,6,0,0,0,-1,0,0,0,0,0,0,0,0,0,2,0,58,09:40,6,7,0,0,,2015
633,Benoit Pouliot\poulibe01,28,EDM,LW,58,19,15,34,-1,28,4.5,14,4,1,3,12,3,0,105,18.1,964,16:37,31,71,13,21,38.2,2015
634,Derrick Pouliot\poulide01,21,PIT,D,34,2,5,7,-11,4,0.6,1,1,0,2,2,3,0,56,3.6,597,17:33,20,15,0,0,,2015
635,Shane Prince\princsh01,22,OTT,LW,2,0,1,1,1,0,0.1,0,0,0,0,1,0,0,2,0,21,10:29,0,2,0,0,,2015
636,Nate Prosser\prossna01,28,MIN,D,63,2,5,7,-1,32,1.7,2,0,0,1,5,0,0,38,5.3,806,12:48,102,34,0,0,,2015
637,Dalton Prout\proutda01,24,CBJ,D,63,0,8,8,-14,85,0.4,0,0,0,0,8,0,0,64,0,1160,18:25,84,166,0,0,,2015
638,Brandon Prust\prustbr01,30,MTL,LW,82,4,14,18,6,134,1,4,0,0,0,13,0,1,78,5.1,1063,12:58,34,122,16,15,51.6,2015
639,Matt Puempel\puempma01,22,OTT,LW,13,2,1,3,6,8,0.6,2,0,0,0,1,0,0,14,14.3,104,08:02,1,9,0,1,0,2015
640,Teemu Pulkkinen\pulkkte01,23,DET,LW,31,5,3,8,5,10,1.1,4,1,0,2,2,1,0,67,7.5,356,11:29,4,3,0,0,,2015
641,Teddy Purcell\purcete01,29,EDM,RW,82,12,22,34,-33,24,1.6,7,5,0,0,15,7,0,146,8.2,1407,17:10,19,24,4,3,57.1,2015
642,Mark Pysyk\pysykma01,23,BUF,D,7,2,1,3,4,2,1.1,2,0,0,1,1,0,0,4,50,127,18:11,11,1,0,0,,2015
643,Kyle Quincey\quincky01,29,DET,D,73,3,15,18,10,77,4.4,3,0,0,0,14,0,1,90,3.3,1422,19:29,82,104,0,0,,2015
644,Michael Raffl\rafflmi01,26,PHI,LW,67,21,7,28,6,34,4,18,2,1,2,7,0,0,134,15.7,951,14:12,46,172,44,53,45.4,2015
645,Rickard Rakell\rakelri01,21,ANA,C,71,9,22,31,6,10,3.2,7,2,0,1,15,7,0,105,8.6,893,12:34,22,79,310,352,46.8,2015
646,John Ramage\ramagjo01,23,CGY,D,1,0,0,0,-1,0,-0.1,0,0,0,0,0,0,0,4,0,18,18:10,2,4,0,0,,2015
647,Brendan Ranford\ranfobr01,22,DAL,LW,1,0,0,0,0,0,0,0,0,0,0,0,0,0,0,,9,09:19,0,2,0,0,,2015
648,Victor Rask\raskvi01,21,CAR,C,80,11,22,33,-14,16,2.7,9,2,0,2,13,9,0,172,6.4,1307,16:20,36,42,468,450,51,2015
649,Ty Rattie\rattity01,21,STL,RW,11,0,2,2,0,2,0.1,0,0,0,0,2,0,0,8,0,100,09:06,4,15,0,0,,2015
650,Mason Raymond\raymoma01,29,CGY,LW,57,12,11,23,-8,8,2.1,12,0,0,1,10,1,0,123,9.8,844,14:49,13,7,0,3,0,2015
651,Matt Read\readma01,28,PHI,RW,80,8,22,30,-4,14,1.6,6,2,0,2,18,3,1,142,5.6,1405,17:34,55,108,11,10,52.4,2015
652,Ryan Reaves\reavery01,28,STL,RW,81,6,6,12,-3,116,0.7,6,0,0,1,6,0,0,55,10.9,690,08:31,14,276,0,0,,2015
653,Zach Redmond\redmoza01,26,COL,D,59,5,15,20,-1,24,3.7,4,1,0,1,10,5,0,93,5.4,1012,17:09,76,59,0,0,,2015
654,Dylan Reese\reesedy01,30,ARI,D,1,0,0,0,-1,0,-0.1,0,0,0,0,0,0,0,3,0,20,19:58,2,2,0,0,,2015
655,Robyn Regehr\regehro01,34,LAK,D,67,3,10,13,10,45,4,3,0,0,0,9,0,1,63,4.8,1362,20:20,83,203,0,0,,2015
656,Peter Regin\reginpe01,28,CHI,C,4,0,1,1,1,0,0.1,0,0,0,0,1,0,0,3,0,33,08:20,0,3,1,1,50,2015
657,Griffin Reinhart\reinhgr01,21,NYI,D,8,0,1,1,1,6,0.3,0,0,0,0,1,0,0,4,0,113,14:10,8,14,0,0,,2015
658,Max Reinhart\reinhma01,22,CGY,C,4,0,0,0,-3,0,-0.2,0,0,0,0,0,0,0,3,0,32,08:05,3,1,6,23,20.7,2015
659,Sam Reinhart\reinhsa01,19,BUF,C,9,0,1,1,-1,2,-0.1,0,0,0,0,1,0,0,3,0,93,10:22,5,3,21,65,24.4,2015
660,Borna Rendulic\rendubo01,22,COL,RW,11,1,1,2,1,6,0.2,1,0,0,0,1,0,0,6,16.7,103,09:24,3,22,0,0,,2015
661,Mike Ribeiro\ribeimi01,34,NSH,C,82,15,47,62,11,52,6.5,14,1,0,3,36,11,0,96,15.6,1537,18:45,19,42,582,766,43.2,2015
662,Brad Richards\richabr01,34,CHI,C,76,12,25,37,3,12,3.8,10,2,0,3,20,5,0,199,6,1131,14:53,27,32,399,426,48.4,2015
663,Mike Richards\richami02,29,LAK,C,53,5,11,16,-10,39,0.8,4,1,0,1,9,2,0,63,7.9,708,13:22,10,60,275,299,47.9,2015
664,Brad Richardson\richabr02,29,VAN,RW,45,8,13,21,0,34,2.1,7,0,1,1,12,1,0,66,12.1,651,14:28,20,57,272,298,47.7,2015
665,Tobias Rieder\riedeto01,22,ARI,RW,72,13,8,21,-19,14,1.3,10,0,3,1,6,2,0,189,6.9,1217,16:54,37,123,1,4,20,2015
666,Morgan Rielly\riellmo01,20,TOR,D,81,8,21,29,-16,14,4.5,7,1,0,0,13,8,0,148,5.4,1647,20:20,103,98,0,0,,2015
667,Zac Rinaldo\rinalza01,24,PHI,C,58,1,5,6,-9,102,-0.5,1,0,0,0,5,0,0,45,2.2,517,08:55,20,216,1,2,33.3,2015
668,Rasmus Rissanen\rissara01,23,CAR,D,6,0,0,0,-5,4,-0.3,0,0,0,0,0,0,0,3,0,90,14:59,7,25,0,0,,2015
669,Rasmus Ristolainen\ristora01,20,BUF,D,78,8,12,20,-32,26,2.6,4,4,0,0,7,5,0,121,6.6,1608,20:37,136,118,1,0,100,2015
670,Brett Ritchie\ritchbr01,21,DAL,RW,31,6,3,9,-1,12,0.8,6,0,0,1,2,1,0,78,7.7,434,13:59,5,89,1,3,25,2015
671,Colby Robak\robakco01,24,TOT,D,12,0,1,1,2,2,0.4,0,0,0,0,1,0,0,8,0,167,13:55,10,16,0,0,,2015
671,Colby Robak\robakco01,24,FLA,D,7,0,0,0,-1,2,0,0,0,0,0,0,0,0,6,0,91,12:58,5,9,0,0,,2015
671,Colby Robak\robakco01,24,ANA,D,5,0,1,1,3,0,0.4,0,0,0,0,1,0,0,2,0,76,15:15,5,7,0,0,,2015
672,Stephane Robidas\robidst01,37,TOR,D,52,1,6,7,8,34,2.5,1,0,0,0,5,0,1,34,2.9,888,17:04,75,141,0,0,,2015
673,Bobby Robins\robinbo01,33,BOS,C,3,0,0,0,0,14,0,0,0,0,0,0,0,0,0,,23,07:35,0,6,0,0,,2015
674,Antoine Roussel\roussan01,25,DAL,LW,80,13,12,25,-20,148,1.2,13,0,0,1,9,3,0,113,11.5,1162,14:31,71,115,3,14,17.6,2015
675,Derek Roy\royde01,31,TOT,C,72,12,20,32,-13,24,2.6,8,4,0,2,17,3,0,113,10.6,1128,15:40,43,32,407,494,45.2,2015
675,Derek Roy\royde01,31,EDM,C,46,11,11,22,-13,22,2,7,4,0,2,10,1,0,78,14.1,777,16:54,33,29,290,367,44.1,2015
675,Derek Roy\royde01,31,NSH,C,26,1,9,10,0,2,0.6,1,0,0,0,7,2,0,35,2.9,351,13:31,10,3,117,127,48,2015
676,Michal Rozsival\rozsimi01,36,CHI,D,65,1,12,13,0,22,2.7,1,0,0,0,12,0,0,56,1.8,1106,17:01,87,103,0,0,,2015
677,Chad Ruhwedel\ruhwech01,24,BUF,D,4,0,1,1,3,0,0.4,0,0,0,0,1,0,0,4,0,50,12:28,2,6,0,0,,2015
678,David Rundblad\rundbda01,24,CHI,D,49,3,11,14,17,12,4,3,0,0,1,10,1,0,58,5.2,627,12:48,38,23,0,0,,2015
679,Kris Russell\russekr01,27,CGY,D,79,4,30,34,18,17,7.4,3,1,0,0,17,13,0,111,3.6,1892,23:57,283,61,0,0,,2015
680,Bryan Rust\rustbr01,22,PIT,RW,14,1,1,2,-3,4,-0.1,1,0,0,0,1,0,0,34,2.9,168,12:02,3,21,0,0,,2015
681,Tuomo Ruutu\ruututu01,31,NJD,RW,77,7,6,13,-3,28,0.9,7,0,0,0,6,0,0,74,9.5,837,10:52,23,174,4,5,44.4,2015
682,Bobby Ryan\ryanbo01,27,OTT,RW,78,18,36,54,5,24,6,14,4,0,5,26,10,0,221,8.1,1363,17:28,33,110,4,7,36.4,2015
683,Kerby Rychel\rycheke01,20,CBJ,LW,5,0,3,3,3,2,0.4,0,0,0,0,3,0,0,4,0,53,10:42,3,11,0,0,,2015
684,Michael Ryder\rydermi01,34,NJD,RW,47,6,13,19,-1,30,1.8,6,0,0,0,11,2,0,89,6.7,681,14:29,14,53,2,4,33.3,2015
685,Brandon Saad\saadbr01,22,CHI,LW,82,23,29,52,7,12,6.5,21,2,0,6,21,8,0,203,11.3,1415,17:15,29,53,38,50,43.2,2015
686,Miikka Salomaki\salommi01,21,NSH,RW,1,1,0,1,1,0,0.3,1,0,0,0,0,0,0,4,25,11,10:49,1,7,0,0,,2015
687,Bryce Salvador\salvabr01,38,NJD,D,15,0,2,2,-5,20,0.2,0,0,0,0,2,0,0,13,0,278,18:30,19,22,0,0,,2015
688,Henrik Samuelsson\samuehe01,20,ARI,C,3,0,0,0,-2,2,-0.1,0,0,0,0,0,0,0,4,0,40,13:16,0,5,2,0,100,2015
689,Philip Samuelsson\samueph01,23,ARI,D,4,0,0,0,-3,0,-0.2,0,0,0,0,0,0,0,4,0,68,16:53,4,2,0,0,,2015
690,Mike Santorelli\santomi01,29,TOT,C,79,12,21,33,0,14,3.3,11,0,1,2,18,2,1,145,8.3,1137,14:23,34,55,86,100,46.2,2015
690,Mike Santorelli\santomi01,29,TOR,C,57,11,18,29,7,8,3.5,10,0,1,1,15,2,1,102,10.8,853,14:57,26,47,77,89,46.4,2015
690,Mike Santorelli\santomi01,29,NSH,C,22,1,3,4,-7,6,-0.2,1,0,0,1,3,0,0,43,2.3,284,12:55,8,8,9,11,45,2015
691,David Savard\savarda01,24,CBJ,D,82,11,25,36,0,71,6.4,8,3,0,3,18,7,0,112,9.8,1881,22:57,105,195,1,0,100,2015
692,Luca Sbisa\sbisalu01,25,VAN,D,76,3,8,11,-8,46,2,3,0,0,2,8,0,0,79,3.8,1427,18:47,128,151,0,0,,2015
693,Marco Scandella\scandma01,24,MIN,D,64,11,12,23,8,56,5.9,10,1,0,4,7,4,1,112,9.8,1390,21:43,100,90,0,0,,2015
694,Colton Sceviour\scevico01,25,DAL,C,71,9,17,26,1,13,2.3,9,0,0,2,13,4,0,113,8,903,12:43,41,77,30,41,42.3,2015
695,Tim Schaller\schalti01,24,BUF,C,18,1,1,2,-5,2,-0.2,1,0,0,0,1,0,0,19,5.3,204,11:21,14,44,74,112,39.8,2015
696,Mark Scheifele\scheima01,21,WPG,C,82,15,34,49,11,24,5.2,12,3,0,2,24,10,0,170,8.8,1524,18:35,61,98,506,659,43.4,2015
697,Brayden Schenn\schenbr01,23,PHI,C,82,18,29,47,-5,34,4.6,11,7,0,6,17,12,0,156,11.5,1401,17:05,38,199,86,98,46.7,2015
698,Luke Schenn\schenlu01,25,PHI,D,58,3,11,14,-2,18,2.5,3,0,0,0,11,0,0,67,4.5,1048,18:04,89,194,0,0,,2015
699,Cameron Schilling\schilca01,26,WSH,D,4,0,0,0,1,4,0.1,0,0,0,0,0,0,0,2,0,46,11:23,2,4,0,0,,2015
700,David Schlemko\schleda01,27,TOT,D,44,1,3,4,1,12,1.4,1,0,0,0,1,2,0,45,2.2,675,15:20,85,45,0,0,,2015
700,David Schlemko\schleda01,27,ARI,D,20,1,3,4,-5,4,0.6,1,0,0,0,1,2,0,24,4.2,362,18:07,38,29,0,0,,2015
700,David Schlemko\schleda01,27,CGY,D,19,0,0,0,6,8,0.7,0,0,0,0,0,0,0,15,0,240,12:39,33,9,0,0,,2015
700,David Schlemko\schleda01,27,DAL,D,5,0,0,0,0,0,0,0,0,0,0,0,0,0,6,0,72,14:25,14,7,0,0,,2015
701,Nate Schmidt\schmina01,23,WSH,D,39,1,3,4,-2,10,0.8,1,0,0,0,3,0,0,40,2.5,542,13:53,33,34,0,0,,2015
702,Jordan Schroeder\schrojo01,24,MIN,C,25,3,5,8,9,2,1.2,3,0,0,0,5,0,0,48,6.3,271,10:51,6,24,0,0,,2015
703,Jeff Schultz\schulje02,28,LAK,D,9,0,1,1,1,4,0.3,0,0,0,0,1,0,0,7,0,151,16:45,9,10,0,0,,2015
704,Justin Schultz\schulju01,24,EDM,D,81,6,25,31,-17,12,4.7,6,0,0,1,13,12,0,122,4.9,1832,22:37,114,41,1,0,100,2015
705,Nick Schultz\schulni01,32,PHI,D,80,2,13,15,2,47,3.3,2,0,0,1,12,1,0,69,2.9,1524,19:03,166,113,0,0,,2015
706,Jaden Schwartz\schwaja01,22,STL,LW,75,28,35,63,13,16,8.4,20,8,0,4,25,8,2,184,15.2,1368,18:15,46,53,69,77,47.3,2015
707,John Scott\scottjo01,32,SJS,LW,38,3,1,4,0,87,0.3,3,0,0,0,1,0,0,19,15.8,283,07:27,14,94,0,0,,2015
708,Rob Scuderi\scudero01,36,PIT,D,82,1,9,10,9,17,3.6,1,0,0,0,8,0,1,52,1.9,1570,19:09,110,41,0,0,,2015
709,Brent Seabrook\seabrbr01,29,CHI,D,82,8,23,31,-3,27,6,4,4,0,2,11,11,1,181,4.4,1819,22:11,141,135,0,0,,2015
710,Daniel Sedin\sedinda01,34,VAN,LW,82,20,56,76,5,18,8.5,16,4,0,5,35,21,0,226,8.8,1505,18:21,16,21,2,3,40,2015
711,Henrik Sedin\sedinhe01,34,VAN,C,82,18,55,73,11,22,8.1,13,5,0,0,35,20,0,101,17.8,1526,18:37,24,23,708,848,45.5,2015
712,Tyler Seguin\seguity01,23,DAL,C,71,37,40,77,-1,20,10.2,24,13,0,5,24,16,0,280,13.2,1388,19:33,26,63,275,236,53.8,2015
713,Dennis Seidenberg\seidede01,33,BOS,D,82,3,11,14,-1,34,3.5,3,0,0,0,11,0,0,103,2.9,1812,22:06,146,212,0,0,,2015
714,Jiri Sekac\sekacji01,22,TOT,LW,69,9,14,23,0,22,2,7,2,0,0,13,1,0,85,10.6,936,13:34,29,75,0,2,0,2015
714,Jiri Sekac\sekacji01,22,MTL,LW,50,7,9,16,-2,18,1.4,5,2,0,0,8,1,0,56,12.5,690,13:49,26,49,0,1,0,2015
714,Jiri Sekac\sekacji01,22,ANA,LW,19,2,5,7,2,4,0.7,2,0,0,0,5,0,0,29,6.9,246,12:57,3,26,0,1,0,2015
715,Andrej Sekera\sekeran01,28,TOT,D,73,3,20,23,-3,14,5.3,2,1,0,0,14,5,1,100,3,1605,21:59,118,59,0,0,,2015
715,Andrej Sekera\sekeran01,28,CAR,D,57,2,17,19,-7,8,4.1,1,1,0,0,12,4,1,77,2.6,1298,22:46,100,46,0,0,,2015
715,Andrej Sekera\sekeran01,28,LAK,D,16,1,3,4,4,6,1.2,1,0,0,0,2,1,0,23,4.3,307,19:13,18,13,0,0,,2015
716,Alexander Semin\seminal01,30,CAR,RW,57,6,13,19,-10,32,1.2,6,0,0,0,9,4,0,93,6.5,908,15:55,17,30,3,6,33.3,2015
717,Tim Sestito\sestiti01,30,NJD,LW,15,0,2,2,-1,33,0,0,0,0,0,2,0,0,10,0,148,09:53,3,20,43,59,42.2,2015
718,Tom Sestito\sestito01,27,VAN,LW,3,0,1,1,1,7,0.1,0,0,0,0,1,0,0,1,0,19,06:14,0,10,0,0,,2015
719,Devin Setoguchi\setogde01,28,CGY,RW,12,0,0,0,-7,4,-0.6,0,0,0,0,0,0,0,12,0,146,12:09,5,12,1,1,50,2015
720,Damon Severson\severda01,20,NJD,D,51,5,12,17,-13,22,2.9,5,0,0,0,5,7,0,93,5.4,1120,21:58,37,20,0,1,0,2015
721,Michael Sgarbossa\sgarbmi01,22,COL,C,3,0,1,1,0,10,0.1,0,0,0,0,1,0,0,2,0,21,07:06,1,0,9,11,45,2015
722,Patrick Sharp\sharppa01,33,CHI,LW,68,16,27,43,-8,33,4.5,8,8,0,2,21,6,0,230,7,1143,16:49,15,74,53,55,49.1,2015
723,Kevin Shattenkirk\shattke01,26,STL,D,56,8,36,44,19,52,8.5,4,4,0,1,15,21,0,135,5.9,1263,22:34,86,42,0,0,,2015
724,Andrew Shaw\shawan01,23,CHI,C,79,15,11,26,-8,67,2.4,10,5,0,2,10,1,0,146,10.3,1181,14:57,33,127,357,355,50.1,2015
725,Riley Sheahan\sheahri01,23,DET,C,79,13,23,36,-3,16,3.3,8,5,0,0,17,6,0,123,10.6,1236,15:39,20,21,484,479,50.3,2015
726,James Sheppard\sheppja01,26,TOT,C,71,7,11,18,-4,37,1,7,0,0,1,10,1,0,79,8.9,941,13:15,40,112,246,271,47.6,2015
726,James Sheppard\sheppja01,26,SJS,C,57,5,11,16,-3,28,0.9,5,0,0,0,10,1,0,68,7.4,782,13:43,33,84,235,261,47.4,2015
726,James Sheppard\sheppja01,26,NYR,C,14,2,0,2,-1,9,0.1,2,0,0,1,0,0,0,11,18.2,159,11:22,7,28,11,10,52.4,2015
727,Brendan Shinnimin\shinnbr01,24,ARI,C,12,0,1,1,-1,8,-0.1,0,0,0,0,1,0,0,10,0,132,11:02,4,12,42,59,41.6,2015
728,Drew Shore\shoredr01,24,CGY,C,11,1,2,3,-5,0,0,1,0,0,0,2,0,0,13,7.7,117,10:40,4,12,33,32,50.8,2015
729,Nick Shore\shoreni01,22,LAK,C,34,1,6,7,0,10,0.3,1,0,0,0,5,1,0,33,3,377,11:05,14,51,127,109,53.8,2015
730,Justin Shugg\shuggju01,23,CAR,RW,3,0,0,0,0,2,0,0,0,0,0,0,0,0,3,0,17,05:42,0,3,0,0,,2015
731,Duncan Siemens\siemedu01,21,COL,D,1,0,0,0,0,0,0,0,0,0,0,0,0,0,0,,14,14:00,0,2,0,0,,2015
732,Jakob Silfverberg\silfvja01,24,ANA,RW,81,13,26,39,15,24,4.2,10,2,1,2,22,2,2,189,6.9,1269,15:40,37,42,23,27,46,2015
733,Zach Sill\sillza01,26,TOT,C,63,1,3,4,-5,84,-0.5,1,0,0,0,3,0,0,43,2.3,528,08:23,27,173,46,47,49.5,2015
733,Zach Sill\sillza01,26,PIT,C,42,1,2,3,-3,60,-0.2,1,0,0,0,2,0,0,26,3.8,348,08:18,14,114,0,1,0,2015
733,Zach Sill\sillza01,26,TOR,C,21,0,1,1,-2,24,-0.3,0,0,0,0,1,0,0,17,0,180,08:34,13,59,46,46,50,2015
734,Wayne Simmonds\simmowa01,26,PHI,RW,75,28,22,50,-5,66,6.3,14,14,0,6,12,10,0,188,14.9,1261,16:48,36,168,4,1,80,2015
735,Mike Sislo\sislomi01,27,NJD,RW,10,0,1,1,-2,2,-0.2,0,0,0,0,1,0,0,13,0,122,12:13,2,12,0,0,,2015
736,Jack Skille\skillja01,27,CBJ,RW,45,6,2,8,-18,16,-0.2,6,0,0,0,2,0,0,95,6.3,564,12:31,15,96,3,5,37.5,2015
737,Jeff Skinner\skinnje01,22,CAR,LW,77,18,13,31,-24,18,2.9,14,4,0,2,10,3,0,235,7.7,1236,16:03,12,47,21,25,45.7,2015
738,Jim Slater\slateji01,32,WPG,C,82,5,8,13,-4,58,0.6,5,0,0,1,7,0,1,51,9.8,755,09:13,52,136,451,305,59.7,2015
739,Ladislav Smid\smidla01,28,CGY,D,31,0,1,1,-12,13,-0.6,0,0,0,0,1,0,0,21,0,433,13:58,54,51,0,0,,2015
740,Ben Smith\smithbe01,26,TOT,RW,80,7,7,14,2,2,0.7,7,0,0,1,7,0,0,92,7.6,1044,13:03,75,72,310,284,52.2,2015
740,Ben Smith\smithbe01,26,CHI,RW,61,5,4,9,-1,2,0.2,5,0,0,0,4,0,0,77,6.5,829,13:35,57,49,231,221,51.1,2015
740,Ben Smith\smithbe01,26,SJS,RW,19,2,3,5,3,0,0.6,2,0,0,1,3,0,0,15,13.3,215,11:20,18,23,79,63,55.6,2015
741,Brendan Smith\smithbr05,25,DET,D,76,4,9,13,-2,68,2.9,4,0,0,1,7,2,0,88,4.5,1360,17:53,68,60,0,0,,2015
742,Colin Smith\smithco01,21,COL,C,1,0,0,0,0,0,0,0,0,0,0,0,0,0,1,0,6,06:06,0,1,4,6,40,2015
743,Craig Smith\smithcr01,25,NSH,C,82,23,21,44,11,44,5.8,17,6,0,4,18,3,0,252,9.1,1291,15:44,17,77,13,18,41.9,2015
744,Reilly Smith\smithre01,23,BOS,RW,81,13,27,40,7,20,4.1,12,1,0,0,17,10,0,143,9.1,1247,15:24,39,74,2,5,28.6,2015
745,Trevor Smith\smithtr01,29,TOR,C,54,2,3,5,-9,12,-0.6,2,0,0,0,3,0,0,46,4.3,597,11:04,25,75,293,268,52.2,2015
746,Zack Smith\smithza01,26,OTT,C,37,2,1,3,-8,18,-0.6,2,0,0,0,1,0,0,38,5.3,445,12:02,13,64,103,128,44.6,2015
747,Devante Smith-Pelly\smithde06,22,TOT,RW,74,6,14,20,-1,24,1,5,0,1,1,12,1,1,104,5.8,1057,14:17,49,205,23,60,27.7,2015
747,Devante Smith-Pelly\smithde06,22,ANA,RW,54,5,12,17,1,12,1.1,4,0,1,1,10,1,1,76,6.6,791,14:39,35,147,23,59,28,2015
747,Devante Smith-Pelly\smithde06,22,MTL,RW,20,1,2,3,-2,12,-0.1,1,0,0,0,2,0,0,28,3.6,266,13:18,14,58,0,1,0,2015
748,Carl Soderberg\soderca01,29,BOS,C,82,13,31,44,10,26,4.5,8,5,0,3,28,3,0,163,8,1378,16:49,36,76,369,389,48.7,2015
749,Nick Spaling\spalini01,26,PIT,C,82,9,18,27,-2,26,1.9,8,1,0,0,18,0,0,90,10,1250,15:14,45,134,84,90,48.3,2015
750,Jason Spezza\spezzja01,31,DAL,C,82,17,45,62,-7,28,5.9,13,4,0,1,23,22,0,204,8.3,1412,17:13,26,16,682,580,54,2015
751,Ryan Spooner\spoonry01,23,BOS,C,29,8,10,18,2,2,2.3,5,3,0,1,8,2,0,73,11,422,14:32,5,17,100,120,45.5,2015
752,Jared Spurgeon\spurgja01,25,MIN,D,66,9,16,25,3,6,5.6,6,3,0,2,13,3,0,128,7,1493,22:37,124,48,0,0,,2015
753,Frédéric St. Denis\stdenfr01,29,CBJ,D,4,0,1,1,-1,0,0.1,0,0,0,0,1,0,0,2,0,53,13:18,2,2,0,0,,2015
754,Martin St. Louis*\stlouma01,39,NYR,RW,74,21,31,52,12,20,6.5,16,5,0,1,23,8,0,144,14.6,1300,17:34,37,13,51,59,46.4,2015
755,Eric Staal\staaler01,30,CAR,C,77,23,31,54,-13,41,6.2,16,7,0,4,21,10,0,244,9.4,1451,18:51,27,65,343,326,51.3,2015
756,Jordan Staal\staaljo01,26,CAR,C,46,6,18,24,-6,14,2,5,1,0,1,12,6,0,92,6.5,853,18:33,15,85,499,386,56.4,2015
757,Marc Staal\staalma01,28,NYR,D,80,5,15,20,18,42,5,5,0,0,0,13,0,2,97,5.2,1691,21:08,123,99,1,1,50,2015
758,Drew Stafford\staffdr01,29,TOT,RW,76,18,25,43,-12,47,4.4,14,4,0,1,19,5,1,147,12.2,1254,16:30,15,81,87,86,50.3,2015
758,Drew Stafford\staffdr01,29,BUF,RW,50,9,15,24,-18,39,1.7,7,2,0,1,11,3,1,91,9.9,799,15:59,11,58,80,78,50.6,2015
758,Drew Stafford\staffdr01,29,WPG,RW,26,9,10,19,6,8,2.7,7,2,0,0,8,2,0,56,16.1,455,17:30,4,23,7,8,46.7,2015
759,Matt Stajan\stajama01,31,CGY,C,59,7,10,17,7,28,1.7,7,0,0,0,9,0,1,46,15.2,708,12:00,21,72,306,307,49.9,2015
760,Viktor Stalberg\stalbvi01,29,NSH,LW,25,2,8,10,0,18,0.8,2,0,0,1,8,0,0,27,7.4,297,11:53,10,54,1,0,100,2015
761,Steven Stamkos\stamkst01,24,TBL,C,82,43,29,72,2,49,10.1,30,13,0,6,17,12,0,268,16,1588,19:22,33,87,438,466,48.5,2015
762,Ryan Stanton\stantry01,25,VAN,D,54,3,8,11,9,35,3,3,0,0,0,8,0,0,59,5.1,864,16:00,113,93,0,0,,2015
763,Paul Stastny\stastpa01,29,STL,C,74,16,30,46,5,40,4.9,9,7,0,7,22,8,0,143,11.2,1304,17:38,30,22,671,479,58.3,2015
764,Alex Steen\steenal01,30,STL,LW,74,24,40,64,8,33,7.7,16,8,0,5,24,16,0,223,10.8,1479,19:59,37,32,222,210,51.4,2015
765,Lee Stempniak\stemple01,31,TOT,RW,71,15,13,28,8,20,3.6,15,0,0,3,12,1,0,115,13,903,12:43,23,77,13,19,40.6,2015
765,Lee Stempniak\stemple01,31,NYR,RW,53,9,9,18,7,18,2.2,9,0,0,1,9,0,0,86,10.5,659,12:26,19,57,12,13,48,2015
765,Lee Stempniak\stemple01,31,WPG,RW,18,6,4,10,1,2,1.5,6,0,0,2,3,1,0,29,20.7,244,13:33,4,20,1,6,14.3,2015
766,Derek Stepan\stepade01,24,NYR,C,68,16,39,55,26,22,7,11,3,2,3,29,7,3,155,10.3,1236,18:11,27,36,545,680,44.5,2015
767,Chris Stewart\stewach02,27,TOT,RW,81,14,22,36,-26,88,2.6,9,5,0,0,17,5,0,155,9,1286,15:53,16,110,10,31,24.4,2015
767,Chris Stewart\stewach02,27,BUF,RW,61,11,14,25,-30,63,1.3,6,5,0,0,9,5,0,116,9.5,976,16:00,13,82,10,27,27,2015
767,Chris Stewart\stewach02,27,MIN,RW,20,3,8,11,4,25,1.3,3,0,0,0,8,0,0,39,7.7,310,15:31,3,28,0,4,0,2015
768,Jarret Stoll\stollja01,32,LAK,C,73,6,11,17,3,58,0.9,3,3,0,2,8,1,2,83,7.2,1131,15:29,53,162,563,562,50,2015
769,Karl Stollery\stollka01,27,TOT,D,10,0,0,0,-1,6,0,0,0,0,0,0,0,0,9,0,147,14:44,21,23,0,0,,2015
769,Karl Stollery\stollka01,27,SJS,D,5,0,0,0,-4,4,-0.3,0,0,0,0,0,0,0,6,0,90,18:02,14,18,0,0,,2015
769,Karl Stollery\stollka01,27,COL,D,5,0,0,0,3,2,0.3,0,0,0,0,0,0,0,3,0,57,11:25,7,5,0,0,,2015
770,Mark Stone\stonema01,22,OTT,RW,80,26,38,64,21,14,8.7,20,5,1,6,30,8,0,157,16.6,1362,17:01,53,49,7,11,38.9,2015
771,Michael Stone\stonemi01,24,ARI,D,81,3,15,18,-24,60,2.7,3,0,0,0,10,5,0,144,2.1,1690,20:52,189,202,1,0,100,2015
772,Clayton Stoner\stonecl01,29,ANA,D,69,1,7,8,-2,68,1.4,1,0,0,1,7,0,0,68,1.5,1217,17:39,84,128,0,0,,2015
773,Tyson Strachan\stracty01,30,BUF,D,46,0,5,5,-30,44,-0.8,0,0,0,0,4,0,1,38,0,873,18:59,105,67,0,0,,2015
774,Brian Strait\straibr01,27,NYI,D,52,2,5,7,-1,32,1.4,2,0,0,0,4,0,1,59,3.4,955,18:22,85,124,0,1,0,2015
775,Petr Straka\strakpe01,22,PHI,RW,3,0,2,2,1,0,0.2,0,0,0,0,2,0,0,2,0,28,09:27,1,4,0,0,,2015
776,Anton Stralman\stralan01,28,TBL,D,82,9,30,39,22,26,8,7,2,0,0,18,12,0,138,6.5,1800,21:57,79,106,0,0,,2015
777,Ben Street\streebe01,27,COL,C,3,0,0,0,0,0,-0.1,0,0,0,0,0,0,0,4,0,35,11:36,0,3,17,15,53.1,2015
778,Mark Streit\streima01,37,PHI,D,81,9,43,52,-8,36,7.5,5,4,0,0,17,26,0,144,6.3,1812,22:22,103,63,0,0,,2015
779,Ryan Strome\stromry01,21,NYI,C,81,17,33,50,23,47,6.3,15,1,1,2,26,7,0,179,9.5,1247,15:24,21,92,149,170,46.7,2015
780,Brad Stuart\stuarbr02,35,COL,D,65,3,10,13,-4,16,2.7,3,0,0,0,9,1,0,64,4.7,1323,20:21,134,177,1,0,100,2015
781,Mark Stuart\stuarma01,30,WPG,D,70,2,12,14,5,69,3.2,2,0,0,1,10,0,2,51,3.9,1345,19:13,142,166,0,1,0,2015
782,P.K. Subban\subbapk01,25,MTL,D,82,15,45,60,21,74,12.4,7,8,0,5,32,13,0,170,8.8,2149,02:12,142,97,0,0,,2015
783,Chris Summers\summech01,26,TOT,D,20,0,3,3,-12,8,-0.4,0,0,0,0,3,0,0,15,0,285,14:15,26,49,0,0,,2015
783,Chris Summers\summech01,26,ARI,D,17,0,3,3,-12,8,-0.4,0,0,0,0,3,0,0,13,0,233,13:43,21,40,0,0,,2015
783,Chris Summers\summech01,26,NYR,D,3,0,0,0,0,0,0,0,0,0,0,0,0,0,2,0,52,17:15,5,9,0,0,,2015
784,Andrej Sustr\sustran01,24,TBL,D,72,0,13,13,10,34,2.8,0,0,0,0,12,1,0,55,0,1275,17:42,84,39,0,0,,2015
785,Ryan Suter\suterry01,30,MIN,D,77,2,36,38,7,48,7.4,1,1,0,1,25,10,1,150,1.3,2238,05:04,127,69,0,0,,2015
786,Brandon Sutter\suttebr03,25,PIT,C,80,21,12,33,6,14,4.1,14,3,4,4,10,2,0,180,11.7,1386,17:19,48,86,688,659,51.1,2015
787,Brett Sutter\suttebr04,27,MIN,C,6,0,3,3,1,4,0.3,0,0,0,0,3,0,0,6,0,56,09:19,1,16,0,0,,2015
788,Brody Sutter\suttebr05,23,CAR,C,4,0,0,0,-2,0,-0.1,0,0,0,0,0,0,0,0,,30,07:26,2,3,7,7,50,2015
789,Jordan Szwarz\szwarjo01,23,ARI,RW,9,1,0,1,-2,2,0,1,0,0,0,0,0,0,8,12.5,121,13:28,9,5,0,0,,2015
790,Maxime Talbot\talboma01,30,TOT,C,81,5,13,18,-1,29,0.7,5,0,0,1,13,0,0,97,5.2,1102,13:37,51,132,76,82,48.1,2015
790,Maxime Talbot\talboma01,30,COL,C,63,5,10,15,2,27,0.9,5,0,0,1,10,0,0,73,6.8,883,14:00,41,86,72,75,49,2015
790,Maxime Talbot\talboma01,30,BOS,C,18,0,3,3,-3,2,-0.2,0,0,0,0,3,0,0,24,0,220,12:13,10,46,4,7,36.4,2015
791,Chris Tanev\tanevch01,25,VAN,D,70,2,18,20,8,12,4.3,2,0,0,1,16,2,0,53,3.8,1476,21:05,170,23,0,0,,2015
792,Eric Tangradi\tangrer01,25,MTL,LW,7,0,0,0,-3,17,-0.2,0,0,0,0,0,0,0,5,0,54,07:44,4,12,1,0,100,2015
793,Alex Tanguay\tangual01,35,COL,LW,80,22,33,55,-1,40,6.2,19,2,1,4,21,12,0,104,21.2,1453,18:10,39,45,12,16,42.9,2015
794,Vladimir Tarasenko\tarasvl01,23,STL,RW,77,37,36,73,27,31,11.2,29,8,0,6,26,10,0,264,14,1357,17:37,18,32,0,3,0,2015
795,Daniil Tarasov\tarasda01,23,SJS,RW,5,0,1,1,2,0,0.1,0,0,0,0,1,0,0,5,0,38,07:34,1,2,1,0,100,2015
796,Tomas Tatar\tatarto01,24,DET,C,82,29,27,56,6,28,7.7,20,9,0,7,17,10,0,211,13.7,1330,16:13,18,90,6,4,60,2015
797,John Tavares\tavarjo01,24,NYI,C,82,38,48,86,5,46,11.2,25,13,0,8,29,18,1,278,13.7,1695,20:40,37,48,753,689,52.2,2015
798,Matt Tennyson\tennyma01,24,SJS,D,27,2,6,8,0,16,1.5,1,1,0,0,4,1,1,37,5.4,474,17:34,34,48,0,0,,2015
799,Teuvo Teravainen\teravte01,20,CHI,LW,34,4,5,9,4,2,0.9,4,0,0,1,4,1,0,66,6.1,435,12:47,14,11,29,33,46.8,2015
800,Chris Terry\terrych01,25,CAR,LW,57,11,9,20,-4,14,2.4,8,3,0,0,8,1,0,71,15.5,725,12:43,17,44,6,5,54.5,2015
801,Christian Thomas\thomach01,22,MTL,LW,18,1,0,1,-2,7,-0.1,1,0,0,0,0,0,0,26,3.8,164,09:06,3,8,0,1,0,2015
802,Nate Thompson\thompna01,30,ANA,C,80,5,13,18,0,39,0.6,4,0,1,3,13,0,0,87,5.7,1066,13:19,52,204,557,496,52.9,2015
803,Chris Thorburn\thorbch01,31,WPG,RW,81,7,7,14,-5,76,1,7,0,0,2,7,0,0,67,10.4,655,08:05,29,127,37,20,64.9,2015
804,Joe Thornton\thornjo01,35,SJS,C,78,16,49,65,-4,30,6.5,12,4,0,0,31,18,0,131,12.2,1437,18:25,24,39,535,405,56.9,2015
805,Shawn Thornton\thornsh01,37,FLA,LW,46,1,4,5,-13,50,-0.6,1,0,0,0,4,0,0,53,1.9,441,09:35,5,93,3,9,25,2015
806,Chris Tierney\tiernch01,20,SJS,C,43,6,15,21,3,6,2.3,5,1,0,1,12,3,0,48,12.5,527,12:15,17,11,150,192,43.9,2015
807,Kimmo Timonen\timonki01,39,CHI,D,16,0,0,0,-3,2,-0.1,0,0,0,0,0,0,0,10,0,192,11:59,15,15,0,0,,2015
808,Jarred Tinordi\tinorja01,22,MTL,D,13,0,2,2,-5,19,-0.1,0,0,0,0,2,0,0,5,0,157,12:04,18,20,0,0,,2015
809,Jiri Tlusty\tlustji01,26,TOT,LW,72,14,17,31,-18,20,2.7,8,6,0,0,13,4,0,123,11.4,1154,16:01,39,82,5,10,33.3,2015
809,Jiri Tlusty\tlustji01,26,CAR,LW,52,13,10,23,-17,16,2.2,7,6,0,0,7,3,0,97,13.4,895,17:12,27,64,5,10,33.3,2015
809,Jiri Tlusty\tlustji01,26,WPG,LW,20,1,7,8,-1,4,0.5,1,0,0,0,6,1,0,26,3.8,259,12:57,12,18,0,0,,2015
810,Jonathan Toews\toewsjo01,26,CHI,C,81,28,38,66,30,36,9.4,20,6,2,7,26,11,1,192,14.6,1585,19:34,16,56,947,728,56.5,2015
811,Tyler Toffoli\toffoty01,22,LAK,C,76,23,26,49,25,37,7.4,15,3,5,3,23,2,1,200,11.5,1109,14:35,11,86,4,5,44.4,2015
812,Jordin Tootoo\tootojo01,31,NJD,RW,68,10,5,15,1,72,1.8,9,1,0,1,5,0,0,75,13.3,711,10:27,8,132,1,0,100,2015
813,Vincent Trocheck\trochvi01,21,FLA,C,50,7,15,22,9,24,2.5,6,1,0,0,15,0,0,89,7.9,700,14:00,19,93,234,247,48.6,2015
814,Corey Tropp\troppco01,25,CBJ,RW,61,1,7,8,-14,76,-0.6,1,0,0,0,7,0,0,22,4.5,534,08:45,28,80,1,1,50,2015
815,Zach Trotman\trotmza01,24,BOS,D,27,1,4,5,-2,0,0.9,1,0,0,1,4,0,0,46,2.2,443,16:24,33,44,0,0,,2015
816,Jacob Trouba\troubja01,20,WPG,D,65,7,15,22,2,46,4.6,6,1,0,0,10,5,0,133,5.3,1516,23:19,120,97,0,1,0,2015
817,Kyle Turris\turriky01,25,OTT,C,82,24,40,64,5,36,7.4,19,4,1,6,28,12,0,215,11.2,1576,19:13,40,48,737,730,50.2,2015
818,Dana Tyrell\tyrelda01,25,CBJ,C,3,0,0,0,-1,0,-0.1,0,0,0,0,0,0,0,1,0,21,06:56,3,5,0,0,,2015
819,Fedor Tyutin\tyutife01,31,CBJ,D,67,3,12,15,8,40,3.5,3,0,0,0,9,1,2,56,5.4,1335,19:55,117,106,0,0,,2015
820,Dominik Uher\uherdo01,22,PIT,C,2,0,0,0,-1,0,-0.1,0,0,0,0,0,0,0,0,,13,06:28,1,2,0,0,,2015
821,R.J. Umberger\umberrj01,32,PHI,LW,67,9,6,15,-9,19,0.7,7,2,0,0,6,0,0,96,9.4,926,13:49,40,114,9,13,40.9,2015
822,Scottie Upshall\upshasc01,31,FLA,LW,63,8,7,15,-8,28,0.9,8,0,0,2,6,1,0,93,8.6,799,12:41,27,128,34,31,52.3,2015
823,David Van Der Gulik\vandeda01,31,LAK,LW,1,0,0,0,0,0,0,0,0,0,0,0,0,0,1,0,5,05:15,0,1,0,0,,2015
824,James van Riemsdyk\vanrija01,25,TOR,LW,82,27,29,56,-33,43,5.6,17,9,1,4,19,10,0,248,10.9,1565,19:05,29,83,21,33,38.9,2015
825,Trevor van Riemsdyk\vanritr01,23,CHI,D,18,0,1,1,0,2,0.4,0,0,0,0,1,0,0,21,0,244,13:32,15,4,0,0,,2015
826,Chris VandeVelde\vandech01,27,PHI,C,72,9,6,15,-6,28,0.9,9,0,0,0,6,0,0,70,12.9,845,11:44,46,121,21,35,37.5,2015
827,Thomas Vanek\vanekth01,31,MIN,LW,80,21,31,52,-6,37,5.9,16,5,0,2,19,12,0,171,12.3,1297,16:13,13,32,10,10,50,2015
828,Phil Varone\varonph01,24,BUF,C,28,3,2,5,-14,10,-0.3,3,0,0,0,2,0,0,28,10.7,376,13:27,22,30,147,179,45.1,2015
829,Sami Vatanen\vatansa01,23,ANA,D,67,12,25,37,5,36,6.7,4,7,1,1,15,10,0,122,9.8,1438,21:28,123,75,1,1,50,2015
830,Stephane Veilleux\veillst01,33,MIN,LW,12,1,1,2,0,10,0.2,1,0,0,1,1,0,0,9,11.1,92,07:42,8,9,0,1,0,2015
831,Antoine Vermette\vermean01,32,TOT,C,82,13,25,38,-25,40,2.5,7,6,0,1,17,8,0,109,11.9,1463,17:51,50,80,872,692,55.8,2015
831,Antoine Vermette\vermean01,32,ARI,C,63,13,22,35,-23,34,2.7,7,6,0,1,15,7,0,85,15.3,1196,18:59,41,71,774,594,56.6,2015
831,Antoine Vermette\vermean01,32,CHI,C,19,0,3,3,-2,6,-0.2,0,0,0,0,2,1,0,24,0,267,14:04,9,9,98,98,50,2015
832,Kris Versteeg\verstkr01,28,CHI,LW,61,14,20,34,11,35,4.3,12,2,0,1,17,3,0,134,10.4,967,15:51,22,31,15,33,31.3,2015
833,Linden Vey\veyli01,23,VAN,RW,75,10,14,24,-3,18,2,6,4,0,2,12,2,0,61,16.4,988,13:10,9,14,215,287,42.8,2015
834,Tomas Vincour\vincoto01,24,COL,C,7,0,1,1,-1,2,0,0,0,0,0,1,0,0,2,0,50,07:10,4,5,0,0,,2015
835,Lubomir Visnovsky\visnolu01,38,NYI,D,53,5,15,20,-3,8,3.1,3,2,0,1,12,3,0,85,5.9,1035,19:32,61,38,0,1,0,2015
836,Joe Vitale\vitaljo01,29,ARI,C,70,3,6,9,-11,36,-0.2,3,0,0,0,6,0,0,55,5.5,786,11:14,65,104,354,373,48.7,2015
837,Marc-Edouard Vlasic\vlasima01,27,SJS,D,70,9,14,23,12,23,5.9,9,0,0,3,11,3,0,98,9.2,1548,22:07,112,51,0,0,,2015
838,Anton Volchenkov\volchan01,32,NSH,D,46,0,7,7,4,14,1.6,0,0,0,0,7,0,0,35,0,606,13:11,48,93,0,0,,2015
839,Aaron Volpatti\volpaaa01,29,WSH,LW,2,0,0,0,0,0,0,0,0,0,0,0,0,0,1,0,19,09:37,1,3,0,0,,2015
840,Jakub Voracek\voracja01,25,PHI,RW,82,22,59,81,1,78,8.8,11,11,0,3,37,22,0,221,10,1525,18:36,28,55,6,3,66.7,2015
841,Slava Voynov\voynovi01,25,LAK,D,6,0,2,2,0,2,0.4,0,0,0,0,0,1,1,5,0,139,23:11,8,11,0,0,,2015
842,Radim Vrbata\vrbatra01,33,VAN,RW,79,31,32,63,6,20,8.6,19,12,0,7,21,11,0,267,11.6,1312,16:37,25,44,5,4,55.6,2015
843,Chris Wagner\wagnech01,23,ANA,RW,9,0,0,0,-2,2,-0.2,0,0,0,0,0,0,0,7,0,79,08:47,3,22,33,22,60,2015
844,Joel Ward\wardjo02,34,WSH,RW,82,19,15,34,-4,30,3.4,13,6,0,4,10,5,0,138,13.8,1383,16:52,38,53,60,67,47.2,2015
845,David Warsofsky\warsoda01,24,BOS,D,4,0,1,1,1,0,0.3,0,0,0,0,1,0,0,7,0,71,17:46,2,2,0,0,,2015
846,Mike Weaver\weavemi01,36,MTL,D,31,0,4,4,0,6,0.9,0,0,0,0,4,0,0,8,0,439,14:10,61,35,0,0,,2015
847,Mike Weber\webermi01,27,BUF,D,64,1,6,7,-22,68,0.7,1,0,0,0,5,0,1,41,2.4,1200,18:45,168,172,0,0,,2015
848,Shea Weber\webersh01,29,NSH,D,78,15,30,45,15,72,9.6,9,5,1,2,20,10,0,237,6.3,2057,02:22,147,166,0,0,,2015
849,Yannick Weber\weberya01,26,VAN,D,65,11,10,21,4,30,4.8,6,5,0,1,7,3,0,117,9.4,1117,17:11,62,66,0,0,,2015
850,Dale Weise\weiseda01,26,MTL,RW,79,10,19,29,21,34,3.7,10,0,0,1,19,0,0,91,11,962,12:11,34,145,5,7,41.7,2015
851,Stephen Weiss\weissst01,31,DET,C,52,9,16,25,-2,16,2.8,6,3,0,1,10,6,0,52,17.3,590,11:21,12,19,10,11,47.6,2015
852,Alexander Wennberg\wennbal01,20,CBJ,C,68,4,16,20,-19,22,-0.1,3,1,0,0,13,3,0,85,4.7,1062,15:37,45,58,288,386,42.7,2015
853,Blake Wheeler\wheelbl01,28,WPG,RW,79,26,35,61,26,73,8.4,20,2,4,6,24,10,1,244,10.7,1553,19:40,54,128,22,26,45.8,2015
854,Ryan White\whitery01,26,PHI,C,34,6,6,12,4,30,1.5,6,0,0,1,5,0,1,45,13.3,399,11:43,14,108,65,58,52.8,2015
855,Joe Whitney\whitnjo01,26,NJD,RW,4,1,0,1,-1,0,0.1,1,0,0,0,0,0,0,1,100,28,06:53,0,5,0,0,,2015
856,Dennis Wideman\widemde01,31,CGY,D,80,15,41,56,6,34,10.1,9,6,0,2,26,15,0,173,8.7,1971,00:39,184,94,0,0,,2015
857,Patrick Wiercioch\wiercpa01,24,OTT,D,56,3,10,13,3,28,2.7,2,1,0,2,6,4,0,79,3.8,1011,18:03,44,50,0,0,,2015
858,Justin Williams\williju01,33,LAK,RW,81,18,23,41,8,29,4.9,14,4,0,2,14,9,0,174,10.3,1281,15:49,24,29,3,3,50,2015
859,Colin Wilson\wilsoco01,25,NSH,C,77,20,22,42,19,22,5.7,17,3,0,5,18,4,0,172,11.6,1248,16:13,33,52,71,107,39.9,2015
860,Garrett Wilson\wilsoga01,23,FLA,LW,2,0,0,0,-2,0,-0.1,0,0,0,0,0,0,0,5,0,18,08:51,1,5,0,0,,2015
861,Ryan Wilson\wilsory01,27,COL,D,3,0,0,0,-3,0,-0.2,0,0,0,0,0,0,0,3,0,34,11:12,3,6,0,0,,2015
862,Scott Wilson\wilsosc01,22,PIT,C,1,0,0,0,0,0,0,0,0,0,0,0,0,0,0,,4,04:21,,0,,,,2015
863,Tom Wilson\wilsoto01,20,WSH,RW,67,4,13,17,-1,172,1,4,0,0,0,13,0,0,79,5.1,733,10:56,24,205,2,9,18.2,2015
864,Tommy Wingels\wingeto01,26,SJS,C,75,15,21,36,-7,40,3.3,10,4,1,1,15,6,0,158,9.5,1235,16:28,55,263,68,84,44.7,2015
865,Daniel Winnik\winnida01,29,TOT,C,79,9,25,34,23,27,3.7,9,0,0,1,24,0,1,97,9.3,1315,16:39,69,124,107,121,46.9,2015
865,Daniel Winnik\winnida01,29,TOR,C,58,7,18,25,15,19,2.7,7,0,0,0,18,0,0,70,10,976,16:50,50,99,90,96,48.4,2015
865,Daniel Winnik\winnida01,29,PIT,C,21,2,7,9,8,8,1,2,0,0,1,6,0,1,27,7.4,338,16:07,19,25,17,25,40.5,2015
866,James Wisniewski\wisnija01,30,TOT,D,69,8,26,34,-13,44,4.5,1,7,0,2,18,8,0,147,5.4,1462,21:11,81,115,0,0,,2015
866,James Wisniewski\wisnija01,30,CBJ,D,56,8,21,29,-10,34,4,1,7,0,2,14,7,0,127,6.3,1199,21:25,69,99,0,0,,2015
866,James Wisniewski\wisnija01,30,ANA,D,13,0,5,5,-3,10,0.4,0,0,0,0,4,1,0,20,0,263,20:13,12,16,0,0,,2015
867,Luke Witkowski\witkolu01,24,TBL,D,16,0,0,0,0,15,0.1,0,0,0,0,0,0,0,10,0,243,15:11,22,40,0,0,,2015
868,David Wolf\wolfda01,25,CGY,LW,3,0,0,0,0,2,0,0,0,0,0,0,0,0,1,0,28,09:23,0,7,1,1,50,2015
869,Brendan Woods\woodsbr01,22,CAR,LW,2,0,0,0,-1,0,-0.1,0,0,0,0,0,0,0,3,0,12,06:02,0,2,0,0,,2015
870,Tyler Wotherspoon\wothety01,21,CGY,D,1,0,0,0,-3,0,-0.2,0,0,0,0,0,0,0,1,0,20,20:19,4,0,0,0,,2015
871,Bogdan Yakimov\yakimbo01,20,EDM,C,1,0,0,0,-1,0,-0.1,0,0,0,0,0,0,0,1,0,11,11:19,0,2,3,4,42.9,2015
872,Nail Yakupov\yakupna01,21,EDM,RW,81,14,19,33,-35,18,1.9,9,5,0,1,14,5,0,191,7.3,1251,15:27,28,97,0,1,0,2015
873,Keith Yandle\yandlke01,28,TOT,D,84,6,46,52,-26,40,6.6,4,2,0,2,19,27,0,232,2.6,1925,22:55,101,53,0,0,,2015
873,Keith Yandle\yandlke01,28,ARI,D,63,4,37,41,-32,32,4.4,2,2,0,0,13,24,0,185,2.2,1506,23:55,81,39,0,0,,2015
873,Keith Yandle\yandlke01,28,NYR,D,21,2,9,11,6,8,2.2,2,0,0,2,6,3,0,47,4.3,418,19:56,20,14,0,0,,2015
874,Nikita Zadorov\zadorni01,19,BUF,D,60,3,12,15,-10,51,2.6,1,2,0,1,9,3,0,52,5.8,1062,17:42,73,134,1,0,100,2015
875,Travis Zajac\zajactr01,29,NJD,C,74,11,14,25,-3,29,1.9,5,4,2,0,11,3,0,112,9.8,1411,19:04,35,70,629,564,52.7,2015
876,Henrik Zetterberg\zettehe01,34,DET,LW,77,17,49,66,-6,32,6.7,13,4,0,3,25,24,0,227,7.5,1472,19:07,26,55,541,522,50.9,2015
877,Mika Zibanejad\zibanmi01,21,OTT,C,80,20,26,46,0,20,5.1,16,4,0,0,16,10,0,150,13.3,1315,16:26,26,149,615,638,49.1,2015
878,Marek Zidlicky\zidlima01,37,TOT,D,84,7,27,34,-9,56,6,1,6,0,1,13,14,0,130,5.4,1760,20:57,92,95,0,1,0,2015
878,Marek Zidlicky\zidlima01,37,NJD,D,63,4,19,23,-7,42,4.3,1,3,0,0,10,9,0,103,3.9,1382,21:56,75,76,0,1,0,2015
878,Marek Zidlicky\zidlima01,37,DET,D,21,3,8,11,-2,14,1.7,0,3,0,1,3,5,0,27,11.1,379,18:02,17,19,0,0,,2015
879,Harry Zolnierczyk\zolniha01,27,NYI,LW,2,0,0,0,-1,0,-0.1,0,0,0,0,0,0,0,1,0,22,11:08,1,6,0,2,0,2015
880,Dainius Zubrus\zubruda01,36,NJD,C,74,4,6,10,-9,42,-0.4,4,0,0,1,4,1,1,72,5.6,1085,14:40,40,97,34,47,42,2015
881,Mats Zuccarello\zuccama01,27,NYR,LW,78,15,34,49,17,45,5.6,15,0,0,3,28,6,0,154,9.7,1346,17:16,42,117,17,20,45.9,2015
882,Jason Zucker\zuckeja01,23,MIN,LW,51,21,5,26,-9,18,3.7,19,1,1,3,5,0,0,124,16.9,768,15:04,13,67,2,4,33.3,2015
1,Justin Abdelkader\abdelju01,28,DET,LW,82,19,23,42,-16,120,3.8,13,6,0,4,16,7,0,155,12.3,1512,18:26,44,207,5,9,35.7,2016
2,Noel Acciari\acciano01,24,BOS,C,19,0,1,1,-4,8,-0.4,0,0,0,0,1,0,0,18,0,188,09:54,4,52,60,76,44.1,2016
3,Kenny Agostino\agostke01,23,CGY,LW,2,0,0,0,-2,0,-0.1,0,0,0,0,0,0,0,3,0,27,13:33,0,3,0,0,,2016
4,Andrew Agozzino\agozzan01,25,COL,LW,9,0,2,2,-1,0,0.1,0,0,0,0,1,1,0,3,0,77,08:34,4,8,24,21,53.3,2016
5,Karl Alzner\alzneka01,27,WSH,D,82,4,17,21,14,26,5.4,4,0,0,1,17,0,0,75,5.3,1753,21:23,207,135,0,0,,2016
6,Josh Anderson\anderjo05,21,CBJ,RW,12,1,3,4,0,2,0.3,1,0,0,0,3,0,0,11,9.1,128,10:42,4,40,0,0,,2016
7,Joakim Andersson\anderjo03,26,DET,C,29,1,2,3,1,6,0.1,1,0,0,0,2,0,0,17,5.9,262,09:01,5,14,32,38,45.7,2016
8,Andy Andreoff\andrean01,24,LAK,LW,60,8,2,10,1,76,1.2,8,0,0,1,2,0,0,46,17.4,528,08:48,11,82,134,134,50,2016
9,Sven Andrighetto\andrisv01,22,MTL,RW,44,7,10,17,1,6,1.7,6,1,0,0,9,1,0,74,9.5,621,14:07,17,71,3,4,42.9,2016
10,Mike Angelidis\angelmi01,30,TBL,LW,4,1,0,1,2,5,0.3,1,0,0,1,0,0,0,1,100,36,09:00,1,6,10,21,32.3,2016
11,Artem Anisimov\anisiar01,27,CHI,C,77,20,22,42,8,12,4.9,12,5,3,1,16,5,1,121,16.5,1393,18:05,40,53,507,641,44.2,2016
12,Josh Archibald\archijo01,23,PIT,RW,1,0,0,0,0,0,0,0,0,0,0,0,0,0,0,,5,05:02,1,1,0,0,,2016
13,Mark Arcobello\arcobma01,27,TOR,C,20,3,1,4,0,0,0.4,3,0,0,0,1,0,0,43,7,254,12:41,3,22,132,110,54.5,2016
14,Joel Armia\armiajo01,22,WPG,RW,43,4,6,10,2,12,0.8,4,0,0,1,4,0,2,52,7.7,523,12:10,20,59,0,2,0,2016
15,Viktor Arvidsson\arvidvi01,22,NSH,LW,56,8,8,16,-8,35,1.2,7,1,0,3,8,0,0,139,5.8,694,12:24,35,27,0,0,,2016
16,Andreas Athanasiou\athanan01,21,DET,C,37,9,5,14,1,5,2.1,8,0,1,1,5,0,0,53,17,334,09:01,8,17,53,76,41.1,2016
17,Cam Atkinson\atkinca01,26,CBJ,RW,81,27,26,53,-8,22,6.2,21,4,2,3,20,6,0,226,11.9,1442,17:48,40,47,2,2,50,2016
18,David Backes\backeda01,31,STL,C,79,21,24,45,4,83,5.2,13,8,0,3,19,5,0,168,12.5,1519,19:14,63,239,620,572,52,2016
19,Mikael Backlund\backlmi01,26,CGY,C,82,21,26,47,10,28,5.5,15,3,3,4,19,6,1,155,13.5,1347,16:26,51,68,539,604,47.2,2016
20,Nicklas Backstrom\backsni02,28,WSH,C,75,20,50,70,17,36,8.3,17,3,0,4,23,27,0,129,15.5,1439,19:11,50,51,659,698,48.6,2016
21,Sven Baertschi\baertsv01,23,VAN,LW,69,15,13,28,-14,14,2.8,13,2,0,1,8,5,0,108,13.9,929,13:27,36,30,0,1,0,2016
22,Josh Bailey\bailejo01,26,NYI,RW,81,12,20,32,-7,22,2.5,8,4,0,2,19,1,0,105,11.4,1284,15:51,25,45,14,20,41.2,2016
23,Justin Bailey\baileju01,20,BUF,RW,8,0,0,0,-2,2,-0.2,0,0,0,0,0,0,0,22,0,93,11:36,6,8,0,0,,2016
24,Mark Barberio\barbema01,25,MTL,D,30,2,8,10,0,6,1.7,2,0,0,0,8,0,0,32,6.3,450,15:00,18,12,0,0,,2016
25,Aleksander Barkov\barkoal01,20,FLA,C,66,28,31,59,18,8,8.4,18,9,1,8,23,7,1,171,16.4,1282,19:26,39,43,569,587,49.2,2016
26,Tyson Barrie\barrity01,24,COL,D,78,13,36,49,-16,31,7.2,9,3,1,5,17,18,1,172,7.6,1810,23:12,84,37,0,0,,2016
27,Matt Bartkowski\bartkma01,27,VAN,D,80,6,12,18,-19,50,2.9,6,0,0,0,12,0,0,85,7.1,1490,18:37,42,141,0,0,,2016
28,Victor Bartley\bartlvi01,27,TOT,D,10,0,0,0,2,6,0.3,0,0,0,0,0,0,0,8,0,133,13:19,17,21,0,0,,2016
28,Victor Bartley\bartlvi01,27,MTL,D,9,0,0,0,3,6,0.4,0,0,0,0,0,0,0,8,0,120,13:20,12,19,0,0,,2016
28,Victor Bartley\bartlvi01,27,NSH,D,1,0,0,0,-1,0,-0.1,0,0,0,0,0,0,0,0,,13,13:15,5,2,0,0,,2016
29,Cody Bass\bassco01,29,NSH,C,17,0,0,0,-1,17,-0.3,0,0,0,0,0,0,0,11,0,130,07:40,8,26,12,9,57.1,2016
30,Kyle Baun\baunky01,23,CHI,RW,2,0,0,0,-2,0,-0.1,0,0,0,0,0,0,0,1,0,18,09:03,0,3,0,0,,2016
31,Jay Beagle\beaglja01,30,WSH,RW,57,8,9,17,0,24,1.4,8,0,0,1,9,0,0,74,10.8,799,14:01,24,55,370,267,58.1,2016
32,Francois Beauchemin\beaucfr01,35,COL,D,82,8,26,34,-7,38,6,6,2,0,2,15,9,2,127,6.3,2057,01:05,256,78,0,0,,2016
33,Nathan Beaulieu\beaulna01,23,MTL,D,64,2,17,19,-6,55,2.8,1,1,0,0,15,2,0,74,2.7,1117,17:27,89,59,0,0,,2016
34,Taylor Beck\beckta01,24,NYI,LW,2,0,0,0,0,2,0,0,0,0,0,0,0,0,0,,17,08:29,0,6,0,0,,2016
35,Matt Beleskey\belesma01,27,BOS,LW,80,15,22,37,6,65,3.9,12,3,0,1,18,4,0,168,8.9,1269,15:51,44,260,6,19,24,2016
36,Pierre-Edouard Bellemare\bellepi01,30,PHI,LW,74,7,7,14,-8,27,0.4,6,0,1,1,6,0,1,102,6.9,1004,13:34,61,65,272,307,47,2016
37,Jamie Benn\bennja01,26,DAL,LW,82,41,48,89,7,64,12.1,22,17,2,5,32,13,3,247,16.6,1642,20:01,55,156,226,252,47.3,2016
38,Jordie Benn\bennjo01,28,DAL,D,64,3,9,12,2,21,2.2,2,1,0,2,8,0,1,58,5.2,1001,15:39,94,90,0,0,,2016
39,Beau Bennett\bennebe01,24,PIT,RW,33,6,6,12,-1,10,1.3,5,1,0,0,4,2,0,52,11.5,393,11:54,6,65,2,4,33.3,2016
40,Sam Bennett\bennesa01,19,CGY,C,77,18,18,36,-11,37,3.4,15,3,0,2,13,5,0,136,13.2,1166,15:09,32,110,160,187,46.1,2016
41,Andre Benoit\benoian01,32,STL,D,2,0,0,0,1,0,0.1,0,0,0,0,0,0,0,0,,27,13:35,5,1,0,0,,2016
42,Patrice Bergeron\bergepa01,30,BOS,C,80,32,36,68,12,49,9,19,12,1,6,21,13,2,282,11.3,1587,19:50,56,77,1130,848,57.1,2016
43,Patrik Berglund\berglpa01,27,STL,C,42,10,5,15,1,16,1.8,6,4,0,5,5,0,0,80,12.5,651,15:29,17,48,139,138,50.2,2016
44,Steve Bernier\bernist01,30,NYI,RW,24,1,5,6,3,9,0.5,1,0,0,0,5,0,0,27,3.7,269,11:14,13,42,0,0,,2016
45,Christoph Bertschy\bertsch02,21,MIN,C,3,0,0,0,0,0,0,0,0,0,0,0,0,0,3,0,21,06:57,2,7,0,0,,2016
46,Bryan Bickell\bickebr01,29,CHI,LW,25,0,2,2,-5,2,-0.4,0,0,0,0,2,0,0,21,0,245,09:47,10,58,2,0,100,2016
47,Alex Biega\biegaal01,27,VAN,D,51,0,7,7,-11,22,0.9,0,0,0,0,7,0,0,61,0,855,16:46,41,124,0,0,,2016
48,Kevin Bieksa\biekske01,34,ANA,D,71,4,11,15,-7,99,3.6,2,2,0,1,7,4,0,109,3.7,1492,21:01,108,152,0,0,,2016
49,Chris Bigras\bigrach01,20,COL,D,31,1,2,3,-2,16,0.7,1,0,0,0,2,0,0,21,4.8,414,13:21,17,17,0,0,,2016
50,Anthony Bitetto\bitetan01,25,NSH,D,28,1,5,6,0,19,1.1,1,0,0,0,5,0,0,19,5.3,340,12:08,41,62,0,0,,2016
51,Oliver Bjorkstrand\bjorkol01,20,CBJ,RW,12,4,4,8,6,0,1.3,4,0,0,1,4,0,0,25,16,192,15:59,5,9,0,0,,2016
52,Nick Bjugstad\bjugsni01,23,FLA,C,67,15,19,34,-8,41,3.4,9,6,0,3,10,9,0,171,8.8,1039,15:31,28,87,449,419,51.7,2016
53,Joseph Blandisi\blandjo01,21,NJD,LW,41,5,12,17,-14,34,1.1,1,4,0,1,10,2,0,43,11.6,640,15:36,13,39,11,22,33.3,2016
54,Mike Blunden\blundmi01,29,TBL,RW,20,3,2,5,3,34,0.8,3,0,0,1,2,0,0,14,21.4,173,08:39,3,41,0,0,,2016
55,Andrew Bodnarchuk\bodnaan01,27,TOT,D,37,0,4,4,-7,14,0.2,0,0,0,0,4,0,0,9,0,457,12:20,27,44,0,0,,2016
55,Andrew Bodnarchuk\bodnaan01,27,COL,D,21,0,2,2,-1,6,0.3,0,0,0,0,2,0,0,4,0,224,10:40,18,23,0,0,,2016
55,Andrew Bodnarchuk\bodnaan01,27,CBJ,D,16,0,2,2,-6,8,-0.1,0,0,0,0,2,0,0,5,0,233,14:32,9,21,0,0,,2016
56,Mikkel Boedker\boedkmi01,26,TOT,LW,80,17,34,51,-33,12,3.8,14,3,0,5,18,16,0,166,10.2,1481,18:30,31,50,1,2,33.3,2016
56,Mikkel Boedker\boedkmi01,26,ARI,LW,62,13,26,39,-28,10,2.8,10,3,0,4,11,15,0,144,9,1155,18:37,21,43,0,1,0,2016
56,Mikkel Boedker\boedkmi01,26,COL,LW,18,4,8,12,-5,2,1,4,0,0,1,7,1,0,22,18.2,326,18:07,10,7,1,1,50,2016
57,Zach Bogosian\bogosza01,25,BUF,D,64,7,17,24,-11,68,4.5,4,3,0,1,13,3,1,121,5.8,1430,22:21,98,86,0,0,,2016
58,Jared Boll\bollja01,29,CBJ,RW,30,1,2,3,-3,61,0,1,0,0,0,2,0,0,11,9.1,200,06:39,15,53,2,0,100,2016
59,Dave Bolland\bollada01,29,FLA,C,25,1,4,5,-2,16,0,1,0,0,0,1,3,0,26,3.8,352,14:06,9,36,156,185,45.7,2016
60,Brandon Bollig\bollibr01,29,CGY,LW,54,2,2,4,-10,103,-0.7,2,0,0,0,2,0,0,56,3.6,502,09:17,25,117,2,1,66.7,2016
61,Nick Bonino\boninni01,27,PIT,C,63,9,20,29,13,31,3,6,2,1,0,20,0,0,97,9.3,998,15:50,67,22,463,455,50.4,2016
62,Mark Borowiecki\borowma01,26,OTT,D,63,1,1,2,-4,107,0.2,1,0,0,0,1,0,0,27,3.7,922,14:38,99,271,0,1,0,2016
63,Robert Bortuzzo\borturo01,26,STL,D,40,2,1,3,2,52,1.3,2,0,0,0,1,0,0,47,4.3,531,13:16,42,93,0,0,,2016
64,Reid Boucher\bouchre01,22,NJD,LW,39,8,11,19,-13,6,1.8,6,2,0,4,7,4,0,74,10.8,557,14:16,14,32,1,2,33.3,2016
65,Eric Boulton\boulter01,39,NYI,LW,6,0,0,0,-3,2,-0.2,0,0,0,0,0,0,0,3,0,57,09:29,0,15,0,0,,2016
66,Lance Bouma\boumala01,25,CGY,C,44,2,5,7,-6,31,-0.2,2,0,0,0,3,0,2,49,4.1,530,12:02,42,110,5,8,38.5,2016
67,Gabriel Bourque\bourqga01,25,NSH,RW,22,1,3,4,0,18,0.1,1,0,0,0,3,0,0,25,4,272,12:22,22,55,0,1,0,2016
68,Rene Bourque\bourqre01,34,CBJ,RW,49,3,5,8,-9,38,0,3,0,0,0,5,0,0,77,3.9,512,10:27,19,82,3,6,33.3,2016
69,Jay Bouwmeester\bouwmja01,32,STL,D,72,3,16,19,-4,18,3.9,2,1,0,0,15,1,0,105,2.9,1664,23:07,110,71,0,0,,2016
70,Johnny Boychuk\boychjo01,32,NYI,D,70,9,16,25,17,31,6.6,8,1,0,1,12,4,0,165,5.5,1496,21:22,140,149,0,0,,2016
71,Brad Boyes\boyesbr01,33,TOR,RW,60,8,16,24,-6,12,2.1,6,2,0,1,13,3,0,85,9.4,718,11:58,17,20,9,5,64.3,2016
72,Brian Boyle\boylebr01,31,TBL,C,76,13,7,20,-7,57,1.9,9,2,2,4,6,1,0,117,11.1,981,12:55,48,115,346,336,50.7,2016
73,Dan Boyle\boyleda01,39,NYR,D,74,10,14,24,0,30,4.5,7,3,0,0,7,7,0,95,10.5,1392,18:49,105,66,0,0,,2016
74,Tyler Bozak\bozakty01,29,TOR,C,57,12,23,35,-9,18,3.2,9,3,0,1,16,7,0,99,12.1,988,17:20,24,46,597,462,56.4,2016
75,Derick Brassard\brassde01,28,NYR,C,80,27,31,58,12,30,7.5,19,8,0,5,17,14,0,182,14.8,1431,17:53,23,103,676,670,50.2,2016
76,Justin Braun\braunju01,28,SJS,D,80,4,19,23,11,36,5.4,4,0,0,0,18,1,0,114,3.5,1645,20:34,140,95,0,0,,2016
77,T.J. Brennan\brenntj01,26,TOR,D,7,1,0,1,-6,6,-0.2,1,0,0,0,0,0,0,11,9.1,106,15:06,5,7,0,0,,2016
78,Connor Brickley\brickco01,23,FLA,C,23,1,4,5,1,14,0.4,1,0,0,1,4,0,0,13,7.7,201,08:44,6,46,0,0,,2016
79,T.J. Brodie\broditj01,25,CGY,D,70,6,39,45,4,18,6.9,4,2,0,1,30,7,2,79,7.6,1768,01:15,104,15,0,0,,2016
80,Jonas Brodin\brodijo01,22,MIN,D,68,2,5,7,-5,18,2.1,2,0,0,0,5,0,0,58,3.4,1389,20:25,110,34,0,0,,2016
81,Kyle Brodziak\brodzky01,31,STL,C,76,7,4,11,-1,37,0.7,4,0,3,4,4,0,0,49,14.3,821,10:48,37,50,275,281,49.5,2016
82,Troy Brouwer\brouwtr01,30,STL,RW,82,18,21,39,2,62,4.3,11,7,0,4,18,3,0,142,12.7,1394,17:00,52,200,65,49,57,2016
83,Chris Brown\brownch01,24,WSH,C,1,0,0,0,0,0,0,0,0,0,0,0,0,0,1,0,8,07:41,0,2,0,0,,2016
84,Connor Brown\brownco02,22,TOR,RW,7,1,5,6,-2,0,0.5,0,1,0,0,1,3,1,11,9.1,105,14:58,2,1,0,0,,2016
85,Dustin Brown\browndu01,31,LAK,RW,82,11,17,28,-5,30,1.9,9,2,0,0,15,1,1,218,5,1326,16:10,20,234,8,9,47.1,2016
86,J.T. Brown\brownjt01,25,TBL,RW,78,8,14,22,16,59,2.4,8,0,0,0,12,0,2,140,5.7,1042,13:22,40,103,23,27,46,2016
87,Mike Brown\brownmi02,30,TOT,RW,58,2,3,5,-5,90,-0.2,2,0,0,0,3,0,0,51,3.9,453,07:48,25,176,3,1,75,2016
87,Mike Brown\brownmi02,30,SJS,RW,44,1,2,3,-3,63,-0.2,1,0,0,0,2,0,0,37,2.7,318,07:13,17,120,2,1,66.7,2016
87,Mike Brown\brownmi02,30,MTL,RW,14,1,1,2,-2,27,0,1,0,0,0,1,0,0,14,7.1,135,09:39,8,56,1,0,100,2016
88,Patrick Brown\brownpa02,23,CAR,C,7,1,1,2,4,4,0.4,1,0,0,0,1,0,0,8,12.5,88,12:36,6,11,0,0,,2016
89,Brett Bulmer\bulmebr01,23,MIN,RW,3,0,0,0,-1,7,-0.1,0,0,0,0,0,0,0,2,0,20,06:43,0,2,0,0,,2016
90,Andre Burakovsky\burakan01,20,WSH,LW,79,17,21,38,4,12,4.6,17,0,0,1,17,4,0,126,13.5,1029,13:01,24,37,17,20,45.9,2016
91,Alexander Burmistrov\burmial01,24,WPG,C,81,7,14,21,-11,32,0.4,7,0,0,2,12,1,1,102,6.9,1310,16:10,35,125,205,307,40,2016
92,Brent Burns\burnsbr01,30,SJS,D,82,27,48,75,-5,53,12.9,19,7,1,4,24,23,1,353,7.6,2121,01:52,145,101,1,0,100,2016
93,Alexandre Burrows\burroal01,34,VAN,RW,79,9,13,22,-13,49,1.1,7,2,0,0,9,4,0,135,6.7,1198,15:10,33,81,10,12,45.5,2016
94,Chris Butler\butlech01,29,STL,D,5,0,0,0,-1,4,0,0,0,0,0,0,0,0,4,0,58,11:30,8,3,0,0,,2016
95,Dustin Byfuglien\byfugdu01,30,WPG,D,81,19,34,53,4,119,9.7,15,3,1,6,19,14,1,247,7.7,2041,01:12,105,222,0,0,,2016
96,Paul Byron\byronpa01,26,MTL,C,62,11,7,18,-9,11,1.4,8,0,3,2,5,0,2,50,22,853,13:46,25,112,3,2,60,2016
97,Ryan Callahan\callary01,30,TBL,RW,73,10,18,28,-5,45,2.1,8,2,0,1,16,2,0,156,6.4,1258,17:14,71,164,21,15,58.3,2016
98,Matt Calvert\calvema01,26,CBJ,LW,73,11,13,24,1,51,2.1,10,1,0,1,13,0,0,114,9.6,1104,15:08,46,91,7,7,50,2016
99,Mike Cammalleri\cammami01,33,NJD,LW,42,14,24,38,15,18,5.6,11,3,0,1,17,7,0,101,13.9,810,19:17,13,15,7,7,50,2016
100,Andrew Campbell\campban01,27,TOR,D,6,0,1,1,0,2,0.2,0,0,0,0,1,0,0,1,0,70,11:35,10,5,0,0,,2016
101,Brian Campbell\campbbr02,36,FLA,D,82,6,25,31,31,26,7.8,5,0,1,1,17,8,0,99,6.1,1827,22:17,80,27,0,0,,2016
102,Gregory Campbell\campbgr01,32,CBJ,C,82,3,8,11,-6,78,-0.2,3,0,0,2,8,0,0,58,5.2,866,10:34,56,100,229,253,47.5,2016
103,Paul Carey\careypa01,27,WSH,C,4,1,0,1,0,0,0.2,1,0,0,0,0,0,0,5,20,40,09:58,1,6,0,0,,2016
104,Matt Carle\carlema01,31,TBL,D,64,2,7,9,4,26,2.6,2,0,0,1,7,0,0,54,3.7,1074,16:47,91,30,0,0,,2016
105,John Carlson\carlsjo01,26,WSH,D,56,8,31,39,16,14,7.7,6,2,0,4,18,12,1,124,6.5,1327,23:42,114,46,0,0,,2016
106,Jordan Caron\caronjo01,25,STL,RW,4,0,0,0,-3,0,-0.2,0,0,0,0,0,0,0,1,0,33,08:08,0,6,0,0,,2016
107,Ryan Carpenter\carpery01,25,SJS,C,1,0,0,0,0,0,0,0,0,0,0,0,0,0,0,,7,07:27,0,1,0,2,0,2016
108,Daniel Carr\carrda01,24,MTL,LW,23,6,3,9,0,8,1.2,5,1,0,1,3,0,0,39,15.4,278,12:04,5,25,0,0,,2016
109,Connor Carrick\carrico01,21,TOT,D,19,2,2,4,-5,15,0.5,2,0,0,1,1,1,0,21,9.5,295,15:32,19,38,0,0,,2016
109,Connor Carrick\carrico01,21,TOR,D,16,2,2,4,-3,15,0.7,2,0,0,1,1,1,0,19,10.5,265,16:33,16,33,0,0,,2016
109,Connor Carrick\carrico01,21,WSH,D,3,0,0,0,-2,0,-0.1,0,0,0,0,0,0,0,2,0,30,10:07,3,5,0,0,,2016
110,Sam Carrick\carrisa01,23,TOR,C,3,0,0,0,-2,4,-0.1,0,0,0,0,0,0,0,4,0,34,11:28,0,4,1,0,100,2016
111,Trevor Carrick\carritr01,21,CAR,D,2,0,0,0,-1,0,0,0,0,0,0,0,0,0,3,0,33,16:40,2,1,0,0,,2016
112,Jeff Carter\carteje01,31,LAK,C,77,24,38,62,18,20,8,19,4,1,6,29,8,1,242,9.9,1416,18:23,39,89,598,630,48.7,2016
113,Ryan Carter\cartery01,32,MIN,LW,60,7,5,12,-3,48,1,6,0,1,0,5,0,0,62,11.3,668,11:08,37,87,21,17,55.3,2016
114,Daniel Catenacci\catenda01,22,BUF,C,11,0,0,0,-2,0,-0.2,0,0,0,0,0,0,0,7,0,96,08:44,2,22,2,0,100,2016
115,Cody Ceci\cecico01,22,OTT,D,75,10,16,26,9,18,5.2,10,0,0,2,14,2,0,116,8.6,1448,19:18,130,70,0,0,,2016
116,Michael Chaput\chapumi01,23,CBJ,C,8,1,1,2,3,5,0.3,1,0,0,0,1,0,0,10,10,72,09:00,3,13,49,26,65.3,2016
117,Zdeno Chara\charazd01,38,BOS,D,80,9,28,37,12,71,7.3,8,1,0,3,17,9,2,158,5.7,1928,00:06,123,134,0,1,0,2016
118,Ben Chiarot\chiarbe01,24,WPG,D,70,1,9,10,-9,43,1.1,1,0,0,0,9,0,0,74,1.4,1012,14:27,105,130,0,0,,2016
119,Alex Chiasson\chiasal01,25,OTT,RW,77,8,6,14,2,45,0.6,5,2,1,1,6,0,0,88,9.1,1050,13:38,28,103,3,2,60,2016
120,Jason Chimera\chimeja01,36,WSH,LW,82,20,20,40,0,22,4.7,14,4,2,3,15,5,0,165,12.1,1152,14:03,13,103,8,20,28.6,2016
121,Kyle Chipchura\chipcky01,29,ARI,C,70,4,8,12,-10,38,0.2,4,0,0,1,7,1,0,47,8.5,716,10:13,13,73,88,80,52.4,2016
122,Taylor Chorney\chornta01,28,WSH,D,55,1,5,6,8,21,2,1,0,0,0,5,0,0,28,3.6,726,13:11,58,56,0,0,,2016
123,Casey Cizikas\cizikca01,24,NYI,C,80,8,21,29,4,31,2.6,7,0,1,4,20,0,2,84,9.5,1015,12:41,62,158,469,490,48.9,2016
124,Fredrik Claesson\claesfr01,23,OTT,D,16,0,2,2,-6,2,-0.2,0,0,0,0,2,0,0,15,0,309,19:17,30,33,0,0,,2016
125,David Clarkson\clarkda03,31,CBJ,RW,23,2,2,4,-8,23,0,2,0,0,1,2,0,0,24,8.3,212,09:13,6,45,2,10,16.7,2016
126,Adam Clendening\clendad01,23,TOT,D,29,1,6,7,6,20,1.8,1,0,0,0,6,0,0,43,2.3,429,14:48,34,19,0,0,,2016
126,Adam Clendening\clendad01,23,EDM,D,20,1,5,6,3,10,1.4,1,0,0,0,5,0,0,32,3.1,311,15:33,30,15,0,0,,2016
126,Adam Clendening\clendad01,23,PIT,D,9,0,1,1,3,10,0.4,0,0,0,0,1,0,0,11,0,118,13:08,4,4,0,0,,2016
127,Kyle Clifford\cliffky01,25,LAK,LW,56,3,6,9,-1,55,0.4,3,0,0,0,6,0,0,68,4.4,524,09:21,11,111,3,4,42.9,2016
128,Rich Clune\cluneri01,28,TOR,LW,19,0,4,4,1,22,0.2,0,0,0,0,4,0,0,10,0,154,08:06,5,58,0,0,,2016
129,Cal Clutterbuck\cluttca01,28,NYI,RW,77,15,8,23,7,22,3.1,13,0,2,5,7,0,1,80,18.8,918,11:55,34,288,1,2,33.3,2016
130,Braydon Coburn\coburbr01,30,TBL,D,80,1,9,10,12,53,3.6,1,0,0,0,8,0,1,92,1.1,1340,16:45,88,111,0,0,,2016
131,Andrew Cogliano\coglian01,28,ANA,LW,82,9,23,32,2,28,3,7,0,2,3,22,0,1,131,6.9,1183,14:26,27,124,6,11,35.3,2016
132,Carlo Colaiacovo\colaica01,33,BUF,D,36,1,4,5,-11,10,0.4,1,0,0,0,3,1,0,29,3.4,521,14:28,41,36,0,0,,2016
133,Joe Colborne\colbojo01,26,CGY,C,73,19,25,44,-9,27,4.6,16,3,0,2,23,2,0,100,19,1107,15:10,28,122,85,70,54.8,2016
134,Ian Cole\coleia01,26,PIT,D,70,0,12,12,-3,59,1.8,0,0,0,0,11,1,0,72,0,1207,17:14,122,122,0,0,,2016
135,Sean Collins\collise02,27,WSH,C,2,0,0,0,-1,2,-0.1,0,0,0,0,0,0,0,0,,17,08:32,2,0,0,0,,2016
136,Blake Comeau\comeabl01,29,COL,LW,81,12,24,36,-9,58,2.6,8,2,2,3,18,6,0,142,8.5,1428,17:38,35,173,276,290,48.8,2016
137,Erik Condra\condrer01,29,TBL,RW,54,6,5,11,-4,34,0.8,6,0,0,0,5,0,0,58,10.3,578,10:42,16,20,1,2,33.3,2016
138,Kevin Connauton\connake01,25,TOT,D,65,5,12,17,7,60,3.9,5,0,0,0,9,3,0,109,4.6,1088,16:44,58,100,0,0,,2016
138,Kevin Connauton\connake01,25,ARI,D,38,4,5,9,-3,39,1.7,4,0,0,0,4,1,0,65,6.2,667,17:33,43,76,0,0,,2016
138,Kevin Connauton\connake01,25,CBJ,D,27,1,7,8,10,21,2.2,1,0,0,0,5,2,0,44,2.3,421,15:35,15,24,0,0,,2016
139,Brett Connolly\connobr01,23,BOS,RW,71,9,16,25,-1,20,2.2,7,2,0,2,13,3,0,95,9.5,920,12:58,36,137,14,17,45.2,2016
140,Andrew Copp\coppan01,21,WPG,C,77,7,6,13,8,6,1.5,7,0,0,0,6,0,0,54,13,616,08:00,18,87,224,262,46.1,2016
141,Patrice Cormier\cormipa01,25,WPG,C,2,0,0,0,0,0,0,0,0,0,0,0,0,0,1,0,9,04:30,0,1,3,6,33.3,2016
142,Frank Corrado\corrafr01,22,TOR,D,39,1,5,6,-12,26,0.4,1,0,0,0,4,1,0,46,2.2,564,14:27,37,46,0,0,,2016
143,Nick Cousins\cousini01,22,PHI,C,36,6,5,11,5,4,1.5,6,0,0,1,3,2,0,41,14.6,386,10:44,17,38,109,128,46,2016
144,Logan Couture\coutulo01,26,SJS,C,52,15,21,36,2,20,4.3,10,5,0,4,11,10,0,137,10.9,904,17:23,38,29,271,305,47,2016
145,Sean Couturier\coutuse01,23,PHI,C,63,11,28,39,8,30,4,9,2,0,1,22,5,1,119,9.2,1172,18:36,30,31,537,568,48.6,2016
146,Jared Cowen\cowenja01,25,OTT,D,37,0,4,4,7,16,1.2,0,0,0,0,4,0,0,23,0,628,16:59,58,116,0,0,,2016
147,Charlie Coyle\coylech01,23,MIN,C,82,21,21,42,1,16,4.9,19,2,0,4,16,4,1,140,15,1419,17:18,60,130,228,274,45.4,2016
148,Adam Cracknell\crackad01,30,TOT,RW,52,5,5,10,-1,20,0.7,5,0,0,1,5,0,0,68,7.4,636,12:14,25,124,156,239,39.5,2016
148,Adam Cracknell\crackad01,30,VAN,RW,44,5,5,10,1,14,0.9,5,0,0,1,5,0,0,55,9.1,546,12:24,22,94,152,230,39.8,2016
148,Adam Cracknell\crackad01,30,EDM,RW,8,0,0,0,-2,6,-0.2,0,0,0,0,0,0,0,13,0,90,11:18,3,30,4,9,30.8,2016
149,Sidney Crosby\crosbsi01,28,PIT,C,80,36,49,85,19,42,11.5,26,10,0,9,35,14,0,248,14.5,1638,20:28,35,90,986,921,51.7,2016
150,Tommy Cross\crossto01,26,BOS,D,3,0,1,1,-1,0,0,0,0,0,0,0,0,1,0,,39,13:05,1,3,0,0,,2016
151,Matt Cullen\cullema01,39,PIT,C,82,16,16,32,5,20,3.6,13,0,3,4,13,0,3,118,13.6,1138,13:53,41,40,582,462,55.7,2016
152,Craig Cunningham\cunnicr01,25,ARI,RW,10,0,1,1,-1,2,-0.1,0,0,0,0,1,0,0,13,0,101,10:05,4,15,2,1,66.7,2016
153,Klas Dahlbeck\dahlbkl01,24,ARI,D,71,2,6,8,-5,28,1.5,2,0,0,0,5,0,1,64,3.1,1117,15:44,76,178,0,0,,2016
154,Trevor Daley\daleytr01,32,TOT,D,82,6,22,28,9,34,5.6,5,1,0,0,14,8,0,130,4.6,1512,18:26,79,42,0,1,0,2016
154,Trevor Daley\daleytr01,32,PIT,D,53,6,16,22,8,26,4.5,5,1,0,0,10,6,0,87,6.9,1084,20:27,60,23,0,0,,2016
154,Trevor Daley\daleytr01,32,CHI,D,29,0,6,6,1,8,1.1,0,0,0,0,4,2,0,43,0,428,14:46,19,19,0,1,0,2016
155,Zac Dalpe\dalpeza01,26,MIN,C,2,1,0,1,0,0,0.2,1,0,0,0,0,0,0,3,33.3,21,10:15,0,3,11,6,64.7,2016
156,Phillip Danault\danauph01,22,TOT,C,51,4,6,10,-5,14,0.3,4,0,0,1,6,0,0,72,5.6,651,12:45,28,45,247,272,47.6,2016
156,Phillip Danault\danauph01,22,CHI,C,30,1,4,5,-3,6,-0.1,1,0,0,1,4,0,0,48,2.1,385,12:51,17,33,163,206,44.2,2016
156,Phillip Danault\danauph01,22,MTL,C,21,3,2,5,-2,8,0.4,3,0,0,0,2,0,0,24,12.5,265,12:38,11,12,84,66,56,2016
157,Marko Daňo\danoma01,21,TOT,C,34,5,5,10,-7,10,0.7,5,0,0,0,4,1,0,54,9.3,417,12:15,15,62,2,4,33.3,2016
157,Marko Daňo\danoma01,21,WPG,C,21,4,4,8,-7,8,0.6,4,0,0,0,3,1,0,39,10.3,291,13:50,8,47,1,1,50,2016
157,Marko Daňo\danoma01,21,CHI,C,13,1,1,2,0,2,0.1,1,0,0,0,1,0,0,15,6.7,126,09:41,7,15,1,3,25,2016
158,Pavel Datsyuk\datsypa01,37,DET,C,66,16,33,49,7,14,5.6,8,8,0,1,21,12,0,181,8.8,1297,19:39,33,70,599,517,53.7,2016
159,Laurent Dauphin\dauphla01,20,ARI,C,8,1,0,1,0,4,0.1,1,0,0,0,0,0,0,7,14.3,91,11:19,7,6,32,41,43.8,2016
160,Brandon Davidson\davidbr01,24,EDM,D,51,4,7,11,7,20,3.4,2,2,0,0,6,0,1,63,6.3,979,19:12,92,74,0,0,,2016
161,Calvin de Haan\dehaaca01,24,NYI,D,72,2,14,16,3,20,3.6,2,0,0,0,13,1,0,102,2,1486,20:38,198,128,0,1,0,2016
162,Jacob de La Rose\delarja01,20,MTL,LW,22,0,1,1,-6,6,-0.6,0,0,0,0,1,0,0,20,0,274,12:26,19,39,67,63,51.5,2016
163,Chase De Leo\deleoch01,20,WPG,C,2,0,0,0,1,0,0,0,0,0,0,0,0,0,2,0,19,09:25,0,0,1,0,100,2016
164,Danny DeKeyser\dekeyda01,25,DET,D,78,8,12,20,2,44,5.2,8,0,0,3,12,0,0,72,11.1,1701,21:48,107,88,0,0,,2016
165,Michael Del Zotto\delzomi01,25,PHI,D,52,4,9,13,-8,16,2.3,4,0,0,1,8,1,0,98,4.1,1217,23:25,104,140,0,0,,2016
166,Dylan DeMelo\demeldy01,22,SJS,D,45,2,2,4,0,14,1.2,0,2,0,0,0,2,0,42,4.8,613,13:37,35,39,0,0,,2016
167,Jason Demers\demerja01,27,DAL,D,62,7,16,23,16,72,5.2,3,3,1,1,14,2,0,94,7.4,1294,20:52,73,86,0,0,,2016
168,David Desharnais\deshada01,29,MTL,C,65,11,18,29,-6,20,2.5,8,3,0,4,16,2,0,90,12.2,1040,16:00,25,31,391,412,48.7,2016
169,Andrew Desjardins\desjaan01,29,CHI,LW,77,8,5,13,-8,30,0.3,8,0,0,1,5,0,0,96,8.3,1030,13:23,49,102,43,44,49.4,2016
170,Nicolas Deslauriers\deslani01,24,BUF,LW,70,6,6,12,-14,59,0.4,6,0,0,1,6,0,0,72,8.3,723,10:20,30,206,0,1,0,2016
171,Simon Despres\desprsi01,24,ANA,D,32,0,4,4,2,8,1.5,0,0,0,0,3,1,0,32,0,628,19:38,71,67,0,0,,2016
172,Phillip Di Giuseppe\digiuph01,22,CAR,LW,41,7,10,17,0,18,1.9,7,0,0,1,10,0,0,68,10.3,585,14:16,21,113,7,13,35,2016
173,Jason Dickinson\dickija01,20,DAL,C,1,1,0,1,1,0,0.2,1,0,0,0,0,0,0,2,50,12,11:55,1,0,1,6,14.3,2016
174,Darren Dietz\dietzda01,22,MTL,D,13,1,4,5,-1,13,0.8,1,0,0,0,4,0,0,13,7.7,189,14:32,14,38,0,0,,2016
175,Brenden Dillon\dillobr01,25,SJS,D,76,2,9,11,8,61,3.3,2,0,0,1,9,0,0,93,2.2,1268,16:41,89,154,0,0,,2016
176,Shane Doan\doansh01,39,ARI,RW,72,28,19,47,4,98,6.5,16,12,0,4,14,5,0,170,16.5,1267,17:36,15,115,74,69,51.7,2016
177,Max Domi\domima01,20,ARI,LW,81,18,34,52,3,72,5.8,15,3,0,0,21,12,1,156,11.5,1326,16:22,25,34,20,35,36.4,2016
178,Joonas Donskoi\donskjo01,23,SJS,RW,76,11,25,36,4,20,3.7,8,3,0,1,20,5,0,107,10.3,1076,14:09,46,31,2,1,66.7,2016
179,Derek Dorsett\dorsede01,29,VAN,RW,71,5,11,16,-13,177,0.5,5,0,0,0,10,0,1,91,5.5,894,12:35,44,127,3,7,30,2016
180,Drew Doughty\doughdr01,26,LAK,D,82,14,37,51,24,52,11.6,4,9,1,3,21,15,1,197,7.1,2297,04:01,105,125,0,0,,2016
181,Nic Dowd\dowdni01,25,LAK,C,5,0,0,0,1,2,0,0,0,0,0,0,0,0,3,0,53,10:35,0,6,18,16,52.9,2016
182,Steve Downie\downist01,28,ARI,RW,26,3,3,6,1,53,0.7,3,0,0,0,3,0,0,22,13.6,234,09:00,7,29,2,2,50,2016
183,Leon Draisaitl\draisle01,20,EDM,C,72,19,32,51,-2,20,5.8,14,5,0,2,28,4,0,133,14.3,1300,18:03,18,38,502,536,48.4,2016
184,Jonathan Drouin\drouijo01,20,TBL,LW,21,4,6,10,1,4,1.2,4,0,0,1,4,2,0,25,16,303,14:27,2,18,9,10,47.4,2016
185,Brandon Dubinsky\dubinbr01,29,CBJ,C,75,17,31,48,-16,71,4.3,12,5,0,3,26,5,0,158,10.8,1407,18:46,40,235,780,704,52.6,2016
186,Matt Duchene\duchema01,25,COL,C,76,30,29,59,-8,24,7.2,22,8,0,6,22,7,0,200,15,1413,18:35,37,41,428,311,57.9,2016
187,Anthony Duclair\duclaan01,20,ARI,LW,81,20,24,44,12,49,5.8,12,8,0,2,20,4,0,105,19,1164,14:22,27,27,0,1,0,2016
188,Mathew Dumba\dumbama01,21,MIN,D,81,10,16,26,1,38,5.6,4,6,0,3,10,6,0,152,6.6,1364,16:50,56,83,0,0,,2016
189,Brian Dumoulin\dumoubr01,24,PIT,D,79,0,16,16,11,14,3.7,0,0,0,0,16,0,0,101,0,1492,18:53,68,77,1,0,100,2016
190,Pascal Dupuis\dupuipa01,36,PIT,RW,18,2,2,4,-1,12,0.1,2,0,0,0,2,0,0,28,7.1,272,15:06,12,35,2,1,66.7,2016
191,Ryan Dzingel\dzingry01,23,OTT,LW,30,3,6,9,4,11,0.9,3,0,0,0,6,0,0,23,13,324,10:48,4,54,2,2,50,2016
192,David Dziurzynski\dziurda01,26,OTT,LW,14,1,3,4,-4,9,0.1,1,0,0,0,3,0,0,14,7.1,141,10:05,7,55,3,4,42.9,2016
193,Cody Eakin\eakinco01,24,DAL,C,82,16,19,35,3,42,3.4,11,2,3,1,16,2,1,132,12.1,1342,16:22,47,98,567,621,47.7,2016
194,Patrick Eaves\eavespa01,31,DAL,RW,54,11,6,17,-5,27,1.7,6,5,0,2,4,2,0,86,12.8,700,12:58,20,70,3,8,27.3,2016
195,Jordan Eberle\eberljo01,25,EDM,RW,69,25,22,47,-12,14,5.7,18,7,0,4,18,4,0,173,14.5,1232,17:51,23,28,5,3,62.5,2016
196,Alexander Edler\edleral01,29,VAN,D,52,6,14,20,-8,46,3.8,3,3,0,0,8,6,0,111,5.4,1272,00:27,106,84,0,0,,2016
197,Joel Edmundson\edmunjo01,22,STL,D,67,1,8,9,0,63,2.2,1,0,0,0,8,0,0,90,1.1,1000,14:56,62,165,0,0,,2016
198,Nikolaj Ehlers\ehlerni01,19,WPG,RW,72,15,23,38,3,21,4.1,11,4,0,0,16,7,0,167,9,1159,16:06,25,29,0,2,0,2016
199,Christian Ehrhoff\ehrhoch01,33,TOT,D,48,2,10,12,-11,34,1.3,2,0,0,0,2,8,0,80,2.5,743,15:29,35,39,0,0,,2016
199,Christian Ehrhoff\ehrhoch01,33,LAK,D,40,2,8,10,-10,32,1.1,2,0,0,0,1,7,0,61,3.3,607,15:10,28,34,0,0,,2016
199,Christian Ehrhoff\ehrhoch01,33,CHI,D,8,0,2,2,-1,2,0.3,0,0,0,0,1,1,0,19,0,136,17:03,7,5,0,0,,2016
200,Jack Eichel\eicheja01,19,BUF,C,81,24,32,56,-16,22,6.3,16,8,0,5,19,13,0,238,10.1,1549,19:07,25,43,402,578,41,2016
201,Aaron Ekblad\ekblaaa01,19,FLA,D,78,15,21,36,18,41,8.2,12,3,0,4,15,6,0,182,8.2,1691,21:41,59,87,0,0,,2016
202,Mattias Ekholm\ekholma01,25,NSH,D,82,8,27,35,14,44,7.8,6,1,1,3,22,4,1,114,7,1660,20:15,106,67,0,0,,2016
203,Oliver Ekman-Larsson\ekmanol01,24,ARI,D,75,21,34,55,-6,96,9.5,9,12,0,8,19,15,0,228,9.2,1858,00:46,67,154,0,0,,2016
204,Patrik Elias\eliaspa01,39,NJD,C,16,2,6,8,5,10,1,2,0,0,0,4,2,0,21,9.5,247,15:26,1,10,9,19,32.1,2016
205,Lars Eller\ellerla01,26,MTL,C,79,13,13,26,-13,28,1.8,11,1,1,2,13,0,0,149,8.7,1205,15:15,36,111,207,202,50.6,2016
206,Stefan Elliott\elliost01,25,TOT,D,21,2,4,6,-3,4,0.9,2,0,0,0,4,0,0,37,5.4,298,14:10,18,12,0,0,,2016
206,Stefan Elliott\elliost01,25,ARI,D,19,2,4,6,-2,4,0.9,2,0,0,0,4,0,0,35,5.7,270,14:14,16,10,0,0,,2016
206,Stefan Elliott\elliost01,25,NSH,D,2,0,0,0,-1,0,-0.1,0,0,0,0,0,0,0,2,0,27,13:31,2,2,0,0,,2016
207,Morgan Ellis\ellismo01,23,MTL,D,3,0,0,0,0,2,0,0,0,0,0,0,0,0,3,0,27,08:57,2,1,0,0,,2016
208,Ryan Ellis\ellisry01,25,NSH,D,79,10,22,32,13,35,7.6,6,3,1,2,18,4,0,152,6.6,1651,20:54,100,61,0,0,,2016
209,Turner Elson\elsontu01,23,CGY,LW,1,0,1,1,1,0,0.1,0,0,0,0,1,0,0,0,,15,14:54,0,2,0,0,,2016
210,Alexei Emelin\emelial01,29,MTL,D,72,0,12,12,-7,71,2.1,0,0,0,0,12,0,0,71,0,1476,20:30,113,256,0,0,,2016
211,Deryk Engelland\engelde01,33,CGY,D,69,3,9,12,7,54,2.8,3,0,0,0,8,0,1,71,4.2,1051,15:14,107,105,0,0,,2016
212,Tyler Ennis\ennisty01,26,BUF,C,23,3,8,11,-9,11,0.6,1,2,0,0,6,2,0,57,5.3,416,18:04,8,30,2,0,100,2016
213,Toby Enstrom\enstrto01,31,WPG,D,72,2,14,16,8,44,3.6,2,0,0,0,13,1,0,50,4,1502,20:51,96,25,0,0,,2016
214,Jonathan Ericsson\ericsjo01,31,DET,D,71,3,12,15,2,56,3.7,3,0,0,0,12,0,0,68,4.4,1316,18:32,48,121,0,0,,2016
215,Loui Eriksson\erikslo01,30,BOS,RW,82,30,33,63,13,12,8.2,18,10,2,5,25,7,1,184,16.3,1598,19:29,34,22,12,9,57.1,2016
216,Emerson Etem\etemem01,23,TOT,RW,58,7,8,15,-12,11,0.7,7,0,0,1,8,0,0,100,7,763,13:09,43,87,2,2,50,2016
216,Emerson Etem\etemem01,23,VAN,RW,39,7,5,12,-8,9,1,7,0,0,1,5,0,0,77,9.1,552,14:10,36,61,1,1,50,2016
216,Emerson Etem\etemem01,23,NYR,RW,19,0,3,3,-4,2,-0.2,0,0,0,0,3,0,0,23,0,210,11:05,7,26,1,1,50,2016
217,Dennis Everberg\everbde01,24,COL,RW,15,0,0,0,-5,0,-0.4,0,0,0,0,0,0,0,9,0,134,08:57,12,11,0,0,,2016
218,Robby Fabbri\fabbrro01,20,STL,C,72,18,19,37,-2,25,4.6,16,2,0,3,13,6,0,114,15.8,959,13:19,9,51,6,9,40,2016
219,Radek Faksa\faksara01,22,DAL,C,45,5,7,12,9,16,1.3,5,0,0,1,6,1,0,67,7.5,556,12:21,33,48,197,204,49.1,2016
220,Justin Falk\falkju01,27,CBJ,D,24,0,4,4,2,17,0.9,0,0,0,0,4,0,0,16,0,341,14:14,38,37,0,0,,2016
221,Bobby Farnham\farnhbo01,27,TOT,RW,53,8,2,10,-2,97,1.3,8,0,0,0,2,0,0,50,16,494,09:19,19,93,2,2,50,2016
221,Bobby Farnham\farnhbo01,27,NJD,RW,50,8,2,10,-2,92,1.4,8,0,0,0,2,0,0,48,16.7,474,09:28,19,83,2,2,50,2016
221,Bobby Farnham\farnhbo01,27,PIT,RW,3,0,0,0,0,5,0,0,0,0,0,0,0,0,2,0,20,06:41,0,10,0,0,,2016
222,Hudson Fasching\faschhu01,20,BUF,RW,7,1,1,2,2,4,0.3,1,0,0,0,1,0,0,9,11.1,81,11:31,1,8,0,0,,2016
223,Jesper Fast\fastje01,24,NYR,RW,79,10,20,30,9,18,2.7,10,0,0,3,20,0,0,75,13.3,1180,14:56,55,109,1,5,16.7,2016
224,Justin Faulk\faulkju01,23,CAR,D,64,16,21,37,-22,27,6.4,4,12,0,4,16,5,0,184,8.7,1539,00:03,65,109,0,1,0,2016
225,Mark Fayne\faynema01,28,EDM,D,69,2,5,7,-6,18,1.8,2,0,0,0,4,0,1,61,3.3,1153,16:43,100,53,0,0,,2016
226,Taylor Fedun\fedunta01,27,VAN,D,1,0,1,1,1,0,0.2,0,0,0,0,1,0,0,0,,19,18:48,3,3,0,0,,2016
227,Eric Fehr\fehrer01,30,PIT,C,55,8,6,14,0,19,1.2,4,0,4,2,5,1,0,74,10.8,718,13:03,45,60,107,135,44.2,2016
228,Andrew Ference\ferenan01,36,EDM,D,6,0,0,0,-4,6,-0.3,0,0,0,0,0,0,0,4,0,78,13:04,5,10,0,0,,2016
229,Micheal Ferland\ferlami01,23,CGY,LW,71,4,14,18,-15,45,0.2,3,1,0,0,13,1,0,122,3.3,896,12:37,22,207,7,5,58.3,2016
230,Landon Ferraro\ferrala01,24,TOT,C,68,5,5,10,-11,27,0,5,0,0,1,5,0,0,77,6.5,722,10:37,29,101,29,57,33.7,2016
230,Landon Ferraro\ferrala01,24,BOS,C,58,5,5,10,-8,20,0.2,5,0,0,1,5,0,0,65,7.7,626,10:48,24,79,28,54,34.1,2016
230,Landon Ferraro\ferrala01,24,DET,C,10,0,0,0,-3,7,-0.3,0,0,0,0,0,0,0,12,0,96,09:33,5,22,1,3,25,2016
231,Kevin Fiala\fialake01,19,NSH,LW,5,1,0,1,0,0,0.1,1,0,0,0,0,0,0,11,9.1,66,13:09,2,2,0,0,,2016
232,Vernon Fiddler\fiddlve01,35,DAL,C,82,12,10,22,5,31,2.3,9,1,2,0,7,1,2,98,12.2,954,11:38,39,42,455,442,50.7,2016
233,Valtteri Filppula\filppva01,31,TBL,C,76,8,23,31,-6,46,2,6,1,1,2,16,7,0,101,7.9,1388,18:15,25,30,632,584,52,2016
234,Mike Fisher\fishemi01,35,NSH,C,70,13,10,23,-14,29,1.5,10,3,0,2,7,2,1,98,13.3,1201,17:10,74,142,668,582,53.4,2016
235,Tomas Fleischmann\fleisto01,31,TOT,LW,76,14,11,25,-8,32,2.1,13,0,1,3,10,1,0,123,11.4,1156,15:13,19,40,24,19,55.8,2016
235,Tomas Fleischmann\fleisto01,31,MTL,LW,57,10,10,20,-1,28,1.8,9,0,1,3,9,1,0,100,10,887,15:33,16,30,12,14,46.2,2016
235,Tomas Fleischmann\fleisto01,31,CHI,LW,19,4,1,5,-7,4,0.3,4,0,0,0,1,0,0,23,17.4,270,14:11,3,10,12,5,70.6,2016
236,Brian Flynn\flynnbr01,27,MTL,C,56,4,6,10,-3,6,0.3,3,0,1,0,5,0,1,73,5.5,657,11:44,33,23,200,146,57.8,2016
237,Marcus Foligno\foligma01,24,BUF,LW,75,10,13,23,4,79,2.5,8,0,2,2,11,2,0,81,12.3,989,13:11,44,193,1,3,25,2016
238,Nick Foligno\foligni01,28,CBJ,LW,72,12,25,37,-14,53,2.9,12,0,0,2,12,13,0,149,8.1,1216,16:54,46,152,83,93,47.2,2016
239,Christian Folin\folinch01,24,MIN,D,26,0,4,4,-1,11,0.8,0,0,0,0,4,0,0,14,0,379,14:35,30,38,0,0,,2016
240,Justin Fontaine\fontaju01,28,MIN,RW,60,5,11,16,3,20,1.4,5,0,0,1,10,0,1,54,9.3,711,11:51,24,9,1,3,25,2016
241,Derek Forbort\forbode01,23,LAK,D,14,1,1,2,-1,17,0.4,1,0,0,0,1,0,0,14,7.1,155,11:03,7,9,0,0,,2016
242,Filip Forsberg\forsbfi01,21,NSH,LW,82,33,31,64,1,47,8.5,24,8,1,3,16,15,0,247,13.4,1562,19:03,41,114,2,7,22.2,2016
243,Cam Fowler\fowleca01,24,ANA,D,69,5,23,28,-8,27,5.2,2,3,0,0,9,14,0,113,4.4,1572,22:47,112,43,0,0,,2016
244,Cody Franson\fransco01,28,BUF,D,59,4,13,17,-5,26,3.3,3,1,0,1,7,6,0,92,4.3,993,16:50,56,61,0,0,,2016
245,Johan Franzen\franzjo01,36,DET,RW,2,0,1,1,0,2,0.1,0,0,0,0,0,1,0,3,0,26,12:57,0,3,0,1,0,2016
246,Max Friberg\fribema01,23,ANA,LW,5,0,0,0,-1,2,-0.1,0,0,0,0,0,0,0,1,0,44,08:50,2,7,0,0,,2016
247,Alex Friesen\friesal01,25,VAN,C,1,0,0,0,-2,0,-0.1,0,0,0,0,0,0,0,1,0,12,11:43,0,1,0,1,0,2016
248,Byron Froese\froesby01,24,TOR,C,56,2,3,5,-11,16,-0.8,2,0,0,0,3,0,0,64,3.1,707,12:38,23,51,310,332,48.3,2016
249,Michael Frolik\frolimi01,27,CGY,RW,64,15,17,32,1,24,3.4,13,0,2,4,14,1,2,155,9.7,1012,15:49,44,49,5,5,50,2016
250,Marian Gaborik\gaborma01,33,LAK,RW,54,12,10,22,-6,20,2.2,11,1,0,3,7,3,0,142,8.5,807,14:57,17,29,1,2,33.3,2016
251,Kurtis Gabriel\gabriku01,22,MIN,RW,3,0,0,0,1,10,0,0,0,0,0,0,0,0,1,0,13,04:30,0,4,0,0,,2016
252,Sam Gagner\gagnesa01,26,PHI,C,53,8,8,16,4,25,1.6,6,2,0,2,7,1,0,86,9.3,735,13:52,15,17,34,63,35.1,2016
253,Alex Galchenyuk\galchal01,21,MTL,C,82,30,26,56,-8,20,7,21,9,0,4,19,7,0,201,14.9,1333,16:16,36,62,359,390,47.9,2016
254,Stanislav Galiev\galiest01,24,WSH,RW,24,0,3,3,2,4,0,0,0,0,0,3,0,0,30,0,219,09:07,4,14,0,0,,2016
255,Brendan Gallagher\gallabr01,23,MTL,RW,53,19,21,40,13,24,5.6,12,7,0,0,18,3,0,173,11,879,16:35,25,43,12,17,41.4,2016
256,Ryan Garbutt\garbury01,30,TOT,C,80,7,7,14,-11,48,0.5,6,0,1,3,7,0,0,135,5.2,867,10:50,28,165,1,7,12.5,2016
256,Ryan Garbutt\garbury01,30,CHI,C,43,2,4,6,-7,27,-0.2,2,0,0,1,4,0,0,83,2.4,444,10:20,10,94,0,2,0,2016
256,Ryan Garbutt\garbury01,30,ANA,C,37,5,3,8,-4,21,0.7,4,0,1,2,3,0,0,52,9.6,423,11:26,18,71,1,5,16.7,2016
257,Jake Gardiner\gardija01,25,TOR,D,79,7,24,31,-15,32,4.7,6,1,0,2,12,11,1,122,5.7,1629,20:37,67,87,2,0,100,2016
258,Jason Garrison\garrija01,31,TBL,D,72,5,6,11,-4,18,2.8,5,0,0,1,6,0,0,99,5.1,1329,18:28,105,88,0,0,,2016
259,Tyler Gaudet\gaudety01,22,ARI,C,14,1,2,3,-2,0,0.1,1,0,0,0,2,0,0,6,16.7,148,10:36,4,23,43,49,46.7,2016
260,Johnny Gaudreau\gaudrjo01,22,CGY,LW,79,30,48,78,4,20,9.2,24,6,0,6,33,15,0,217,13.8,1575,19:56,10,26,2,3,40,2016
261,Brendan Gaunce\gauncbr01,21,VAN,C,20,1,0,1,-9,2,-0.5,1,0,0,0,0,0,0,34,2.9,255,12:46,3,34,49,58,45.8,2016
262,Paul Gaustad\gaustpa01,33,NSH,C,63,2,4,6,-4,46,-0.4,1,0,1,0,3,0,1,46,4.3,708,11:15,33,114,427,345,55.3,2016
263,Frederik Gauthier\gauthfr01,20,TOR,C,7,0,1,1,-5,0,-0.3,0,0,0,0,0,0,1,3,0,97,13:51,7,10,52,58,47.3,2016
264,Luke Gazdic\gazdilu01,26,EDM,LW,29,1,0,1,-6,24,-0.3,1,0,0,0,0,0,0,18,5.6,180,06:12,9,35,0,1,0,2016
265,Eric Gelinas\geliner01,24,TOT,D,40,1,5,6,-6,16,1.2,0,1,0,0,2,3,0,55,1.8,553,13:50,23,61,0,0,,2016
265,Eric Gelinas\geliner01,24,NJD,D,34,1,5,6,-8,16,0.9,0,1,0,0,2,3,0,45,2.2,477,14:02,20,51,0,0,,2016
265,Eric Gelinas\geliner01,24,COL,D,6,0,0,0,2,0,0.2,0,0,0,0,0,0,0,10,0,76,12:42,3,10,0,0,,2016
266,Nathan Gerbe\gerbena01,28,CAR,LW,47,3,4,7,-15,14,-0.4,3,0,0,0,3,1,0,73,4.1,633,13:28,10,54,2,3,40,2016
267,Ryan Getzlaf\getzlry01,30,ANA,C,77,13,50,63,14,55,7,7,6,0,5,33,16,1,178,7.3,1502,19:30,61,108,602,617,49.4,2016
268,Tom Gilbert\gilbeto01,33,MTL,D,45,1,1,2,3,12,1.3,1,0,0,0,0,0,1,36,2.8,759,16:52,88,29,0,0,,2016
269,Brian Gionta\giontbr01,37,BUF,RW,79,12,21,33,-5,12,2.9,11,1,0,2,16,5,0,169,7.1,1401,17:44,36,46,54,66,45,2016
270,Stephen Gionta\giontst01,32,NJD,C,82,1,10,11,-13,43,-0.5,1,0,0,0,10,0,0,62,1.6,1001,12:13,36,113,291,400,42.1,2016
271,Mark Giordano\giordma01,32,CGY,D,82,21,35,56,-5,54,9.2,11,9,1,2,23,10,2,212,9.9,2032,00:47,193,65,0,0,,2016
272,Dan Girardi\girarda01,31,NYR,D,74,2,15,17,18,20,4.3,2,0,0,1,14,0,1,77,2.6,1504,20:19,195,168,0,0,,2016
273,Zemgus Girgensons\girgeze01,22,BUF,C,71,7,11,18,0,20,1.3,6,1,0,1,9,1,1,110,6.4,1068,15:02,41,125,153,182,45.7,2016
274,Claude Giroux\giroucl01,28,PHI,C,78,22,45,67,-8,53,6.9,15,6,1,5,23,21,1,241,9.1,1603,20:33,36,83,1083,798,57.6,2016
275,Tanner Glass\glassta01,32,NYR,LW,57,4,3,7,-3,66,0,4,0,0,0,3,0,0,49,8.2,586,10:17,18,224,6,14,30,2016
276,Luke Glendening\glendlu01,26,DET,C,81,8,13,21,4,46,1.5,8,0,0,3,13,0,0,88,9.1,1181,14:35,71,143,614,511,54.6,2016
277,Nikolay Goldobin\goldoni01,20,SJS,LW,9,1,1,2,1,0,0.2,1,0,0,0,1,0,0,7,14.3,101,11:11,1,0,0,0,,2016
278,Alex Goligoski\goligal01,30,DAL,D,82,5,32,37,21,34,7.2,4,1,0,1,27,4,1,127,3.9,1954,23:50,159,100,0,0,,2016
279,Cody Goloubef\golouco01,26,CBJ,D,43,1,7,8,-3,20,1.3,1,0,0,0,7,0,0,40,2.5,650,15:08,48,31,0,0,,2016
280,Scott Gomez\gomezsc01,36,TOT,C,34,1,8,9,-7,6,0.2,1,0,0,1,4,4,0,20,5,385,11:20,10,3,125,152,45.1,2016
280,Scott Gomez\gomezsc01,36,STL,C,21,1,7,8,-4,4,0.5,1,0,0,1,3,4,0,10,10,236,11:15,6,1,70,89,44,2016
280,Scott Gomez\gomezsc01,36,OTT,C,13,0,1,1,-3,2,-0.3,0,0,0,0,1,0,0,10,0,149,11:28,4,2,55,63,46.6,2016
281,Barclay Goodrow\goodrba01,22,SJS,RW,14,0,3,3,1,16,0.2,0,0,0,0,2,0,1,7,0,144,10:16,4,8,4,2,66.7,2016
282,Boyd Gordon\gordobo01,32,ARI,C,65,2,2,4,-7,10,-1,1,0,1,0,2,0,0,53,3.8,793,12:12,51,21,525,383,57.8,2016
283,Josh Gorges\gorgejo01,31,BUF,D,77,2,10,12,-7,72,3.1,2,0,0,0,10,0,0,57,3.5,1576,20:28,167,143,0,0,,2016
284,Brandon Gormley\gormlbr01,23,COL,D,26,0,1,1,-3,8,0.2,0,0,0,0,1,0,0,11,0,317,12:11,19,18,0,0,,2016
285,Shayne Gostisbehere\gostish01,22,PHI,D,64,17,29,46,8,24,8.9,9,8,0,5,15,14,0,152,11.2,1286,20:05,59,27,1,0,100,2016
286,Yanni Gourde\gourdya01,24,TBL,C,2,0,1,1,1,2,0.1,0,0,0,0,1,0,0,0,,15,07:19,1,2,0,0,,2016
287,Michael Grabner\grabnmi01,28,TOR,RW,80,9,9,18,-4,12,1,8,0,1,2,9,0,0,116,7.8,1158,14:28,55,41,3,10,23.1,2016
288,Mikhail Grabovski\grabomi01,32,NYI,C,58,9,16,25,3,33,2.6,8,1,0,2,14,2,0,83,10.8,818,14:06,26,28,221,242,47.7,2016
289,Marc-Andre Gragnani\gragnma01,28,NJD,D,4,0,0,0,-2,2,-0.1,0,0,0,0,0,0,0,0,,57,14:22,1,1,0,0,,2016
290,Petter Granberg\granbpe01,23,NSH,D,27,0,2,2,1,13,0.7,0,0,0,0,2,0,0,12,0,370,13:43,26,48,0,0,,2016
291,Markus Granlund\granlma01,22,TOT,C,47,6,4,10,-4,14,0.5,5,0,1,1,3,0,1,56,10.7,648,13:47,23,31,202,270,42.8,2016
291,Markus Granlund\granlma01,22,CGY,C,31,4,3,7,-1,8,0.4,3,0,1,0,2,0,1,37,10.8,402,12:58,15,21,126,156,44.7,2016
291,Markus Granlund\granlma01,22,VAN,C,16,2,1,3,-3,6,0.1,2,0,0,1,1,0,0,19,10.5,246,15:23,8,10,76,114,40,2016
292,Mikael Granlund\granlmi01,23,MIN,C,82,13,31,44,-12,20,3.6,10,2,1,3,22,9,0,160,8.1,1486,18:07,56,86,528,556,48.7,2016
293,Alex Grant\grantal01,27,ARI,D,5,0,0,0,-2,7,-0.1,0,0,0,0,0,0,0,4,0,66,13:14,2,7,0,0,,2016
294,Derek Grant\grantde01,25,CGY,C,15,0,1,1,-7,2,-0.5,0,0,0,0,1,0,0,22,0,163,10:53,11,25,61,50,55,2016
295,Tyler Graovac\graovty01,22,MIN,C,2,0,0,0,-1,0,-0.1,0,0,0,0,0,0,0,2,0,23,11:37,0,1,13,6,68.4,2016
296,Kevin Gravel\graveke01,23,LAK,D,5,0,0,0,0,0,0.1,0,0,0,0,0,0,0,2,0,58,11:41,4,4,0,0,,2016
297,Mike Green\greenmi03,30,DET,D,74,7,28,35,-6,38,5.9,2,5,0,0,13,15,0,124,5.6,1463,19:46,71,106,0,2,0,2016
298,Andy Greene\greenan01,33,NJD,D,82,4,9,13,7,26,5.7,3,1,0,0,8,1,0,63,6.3,1882,22:57,154,73,0,0,,2016
299,Matt Greene\greenma01,32,LAK,D,3,0,0,0,0,8,0,0,0,0,0,0,0,0,3,0,35,11:45,1,5,0,0,,2016
300,Colin Greening\greenco01,29,TOT,LW,31,7,8,15,-2,13,1.7,6,1,0,0,7,1,0,58,12.1,437,14:06,10,90,13,8,61.9,2016
300,Colin Greening\greenco01,29,TOR,LW,30,7,8,15,-2,13,1.7,6,1,0,0,7,1,0,56,12.5,433,14:26,10,87,13,8,61.9,2016
300,Colin Greening\greenco01,29,OTT,LW,1,0,0,0,0,0,0,0,0,0,0,0,0,0,2,0,4,04:00,0,3,0,0,,2016
301,Alexandre Grenier\grenial01,24,VAN,RW,6,0,0,0,-4,2,-0.3,0,0,0,0,0,0,0,9,0,69,11:29,3,5,1,1,50,2016
302,Seth Griffith\griffse01,23,BOS,C,4,0,1,1,-4,4,-0.1,0,0,0,0,0,1,0,2,0,40,09:58,0,4,0,0,,2016
303,Mikhail Grigorenko\grigomi01,21,COL,C,74,6,21,27,2,8,2.2,5,1,0,0,18,3,0,84,7.1,982,13:16,39,23,150,199,43,2016
304,Rocco Grimaldi\grimaro01,22,FLA,C,20,3,2,5,-4,2,0.3,3,0,0,0,2,0,0,29,10.3,237,11:52,2,17,47,61,43.5,2016
305,Nicklas Grossmann\grossni01,31,ARI,D,58,3,4,7,-3,24,1.6,3,0,0,1,4,0,0,42,7.1,1031,17:47,73,105,0,0,,2016
306,Eric Gryba\grybaer01,27,EDM,D,53,1,5,6,0,75,1.8,1,0,0,0,5,0,0,58,1.7,948,17:53,78,132,0,0,,2016
307,Radko Gudas\gudasra01,25,PHI,D,76,5,9,14,-3,116,3.2,5,0,0,1,9,0,0,150,3.3,1508,19:51,157,304,0,0,,2016
308,Erik Gudbranson\gudbrer01,24,FLA,D,64,2,7,9,3,49,2.1,2,0,0,0,7,0,0,73,2.7,1287,20:07,73,150,0,0,,2016
309,Nate Guenin\guenina01,33,COL,D,29,0,0,0,2,2,0.5,0,0,0,0,0,0,0,10,0,379,13:04,33,15,0,0,,2016
310,Carl Gunnarsson\gunnaca01,29,STL,D,72,3,6,9,7,31,3.3,2,1,0,0,6,0,0,51,5.9,1251,17:23,119,67,0,0,,2016
311,Erik Gustafsson\gustaer02,23,CHI,D,41,0,14,14,11,4,3.1,0,0,0,0,13,1,0,58,0,633,15:27,37,29,0,0,,2016
312,Carl Hagelin\hagelca01,27,TOT,LW,80,14,25,39,8,32,4.3,14,0,0,6,23,0,2,178,7.9,1257,15:42,33,84,6,8,42.9,2016
312,Carl Hagelin\hagelca01,27,ANA,LW,43,4,8,12,-10,14,0.5,4,0,0,0,8,0,0,82,4.9,645,15:00,19,40,3,4,42.9,2016
312,Carl Hagelin\hagelca01,27,PIT,LW,37,10,17,27,18,18,3.8,10,0,0,6,15,0,2,96,10.4,611,16:32,14,44,3,4,42.9,2016
313,Ron Hainsey\hainsro01,34,CAR,D,81,5,14,19,-13,37,4.3,5,0,0,2,14,0,0,131,3.8,1808,22:19,126,85,0,0,,2016
314,Micheal Haley\haleymi01,29,SJS,C,16,1,0,1,-2,48,0,1,0,0,0,0,0,0,10,10,114,07:06,4,39,11,8,57.9,2016
315,Matt Halischuk\halisma01,27,WPG,RW,30,0,3,3,1,4,-0.1,0,0,0,0,3,0,0,39,0,284,09:27,11,38,1,2,33.3,2016
316,Taylor Hall\hallta02,24,EDM,LW,82,26,39,65,-4,54,7.6,22,4,0,6,31,8,0,286,9.1,1575,19:12,50,82,14,25,35.9,2016
317,Dan Hamhuis\hamhuda01,33,VAN,D,58,3,10,13,-2,28,3.2,2,1,0,1,8,2,0,72,4.2,1242,21:25,72,64,0,0,,2016
318,Dougie Hamilton\hamildo01,22,CGY,D,82,12,31,43,-14,46,5.7,7,5,0,3,20,11,0,190,6.3,1621,19:46,106,78,0,0,,2016
319,Freddie Hamilton\hamilfr01,24,CGY,C,4,1,1,2,1,0,0.3,0,0,1,0,1,0,0,7,14.3,51,12:42,2,8,12,9,57.1,2016
320,Travis Hamonic\hamontr01,25,NYI,D,72,5,16,21,-5,35,4,4,0,1,1,16,0,0,147,3.4,1715,23:49,128,148,0,0,,2016
321,Noah Hanifin\hanifno01,19,CAR,D,79,4,18,22,-14,22,3.8,3,1,0,0,12,6,0,122,3.3,1414,17:54,78,67,0,0,,2016
322,Joel Hanley\hanlejo01,24,MTL,D,10,0,6,6,0,0,0.8,0,0,0,0,6,0,0,10,0,160,16:00,19,6,0,0,,2016
323,Markus Hannikainen\hannima01,22,CBJ,LW,4,0,0,0,-2,0,-0.1,0,0,0,0,0,0,0,3,0,29,07:09,0,7,0,0,,2016
324,Jannik Hansen\hanseja01,29,VAN,RW,67,22,16,38,16,32,5.8,20,1,1,5,16,0,0,117,18.8,1101,16:26,19,39,6,15,28.6,2016
325,Martin Hanzal\hanzama01,28,ARI,C,64,13,28,41,-5,77,4,9,3,1,2,18,10,0,141,9.2,1139,17:48,28,126,586,462,55.9,2016
326,Ben Harpur\harpube01,21,OTT,D,5,0,1,1,1,2,0.2,0,0,0,0,1,0,0,3,0,68,13:40,7,9,0,0,,2016
327,Scott Harrington\harrisc01,22,TOR,D,15,0,1,1,0,4,0.3,0,0,0,0,1,0,0,9,0,196,13:06,16,23,0,0,,2016
328,Ryan Hartman\hartmry01,21,CHI,RW,3,0,1,1,-1,0,0,0,0,0,0,1,0,0,3,0,28,09:14,3,5,1,3,25,2016
329,Scott Hartnell\hartnsc01,33,CBJ,LW,79,23,26,49,-11,112,5.6,13,10,0,1,24,2,0,150,15.3,1231,15:35,41,131,0,3,0,2016
330,Garnet Hathaway\hathaga01,24,CGY,RW,14,0,3,3,-1,31,0,0,0,0,0,2,0,1,11,0,168,12:01,17,50,1,3,25,2016
331,Erik Haula\haulaer01,24,MIN,C,76,14,20,34,21,24,4.8,12,0,2,2,17,1,2,99,14.1,967,12:44,55,57,416,365,53.3,2016
332,Martin Havlat\havlama01,34,STL,RW,2,1,0,1,0,0,0.2,1,0,0,1,0,0,0,3,33.3,22,10:54,0,1,0,0,,2016
333,Jimmy Hayes\hayesji01,26,BOS,RW,75,13,16,29,-12,60,2.4,10,3,0,0,14,2,0,127,10.2,1037,13:50,15,128,42,70,37.5,2016
334,Kevin Hayes\hayeske01,23,NYR,RW,79,14,22,36,4,30,3.9,11,3,0,3,19,3,0,133,10.5,1079,13:40,23,59,137,244,36,2016
335,Victor Hedman\hedmavi01,25,TBL,D,78,10,37,47,21,46,10.1,9,1,0,0,26,10,1,180,5.6,1799,23:04,132,62,0,0,,2016
336,Seth Helgeson\helgese01,25,NJD,D,19,0,1,1,-5,17,0.1,0,0,0,0,1,0,0,9,0,265,13:57,23,46,0,0,,2016
337,Darren Helm\helmda01,29,DET,C,77,13,13,26,-2,32,2.4,13,0,0,3,13,0,0,165,7.9,1160,15:04,26,115,39,38,50.6,2016
338,Ales Hemsky\hemskal01,32,DAL,RW,75,13,26,39,3,20,4.2,12,1,0,0,22,4,0,155,8.4,983,13:06,26,25,2,4,33.3,2016
339,Matt Hendricks\hendrma01,34,EDM,LW,68,5,7,12,2,82,0.6,4,0,1,0,6,0,1,62,8.1,900,13:14,68,175,251,202,55.4,2016
340,Adam Henrique\henriad01,25,NJD,C,80,30,20,50,10,23,7.6,21,7,2,8,14,5,1,149,20.1,1586,19:50,56,66,617,764,44.7,2016
341,Tomas Hertl\hertlto01,22,SJS,C,81,21,25,46,16,26,6.1,18,3,0,3,21,4,0,202,10.4,1294,15:58,60,90,256,201,56,2016
342,Thomas Hickey\hicketh01,26,NYI,D,62,6,12,18,9,30,4.4,6,0,0,2,11,0,0,55,10.9,1079,17:24,90,65,0,0,,2016
343,Chris Higgins\higgich01,32,VAN,LW,33,3,1,4,-14,4,-0.5,2,0,1,0,1,0,0,51,5.9,455,13:47,18,15,1,2,33.3,2016
344,Vinnie Hinostroza\hinosvi01,21,CHI,C,7,0,0,0,-1,6,-0.1,0,0,0,0,0,0,0,6,0,61,08:41,2,2,13,19,40.6,2016
345,Niklas Hjalmarsson\hjalmni01,28,CHI,D,81,2,22,24,13,32,5.6,2,0,0,0,17,2,3,77,2.6,1813,22:23,151,32,0,0,,2016
346,Cody Hodgson\hodgsco01,25,NSH,C,39,3,5,8,2,6,0.6,3,0,0,2,4,1,0,65,4.6,419,10:44,6,25,46,52,46.9,2016
347,Mike Hoffman\hoffmmi02,26,OTT,LW,78,29,30,59,1,18,7.6,20,9,0,3,26,4,0,242,12,1368,17:33,29,22,8,10,44.4,2016
348,Nick Holden\holdeni01,28,COL,D,82,6,16,22,-1,24,4.7,6,0,0,0,15,1,0,98,6.1,1794,21:53,118,217,0,0,,2016
349,Peter Holland\hollape01,25,TOR,C,65,9,18,27,-16,28,1.8,4,5,0,1,12,6,0,138,6.5,953,14:40,19,78,216,249,46.5,2016
350,Bud Holloway\hollobu01,27,MTL,C,1,0,0,0,0,0,0,0,0,0,0,0,0,0,1,0,7,07:19,0,0,0,1,0,2016
351,Korbinian Holzer\holzeko01,27,ANA,D,29,0,3,3,-3,10,0.7,0,0,0,0,3,0,0,17,0,428,14:45,32,57,0,0,,2016
352,Shawn Horcoff\horcosh01,37,ANA,C,59,6,9,15,1,34,1.3,5,0,1,2,8,0,1,73,8.2,784,13:17,24,58,320,306,51.1,2016
353,Patric Hornqvist\hornqpa01,29,PIT,RW,82,22,29,51,15,36,6.4,13,9,0,3,23,6,0,257,8.6,1382,16:51,54,160,5,3,62.5,2016
354,Bo Horvat\horvabo01,20,VAN,C,82,16,24,40,-30,18,2.9,12,4,0,4,16,8,0,155,10.3,1405,17:08,53,69,760,733,50.9,2016
355,Marian Hossa\hossama01,37,CHI,RW,64,13,20,33,10,24,3.7,8,2,3,2,12,7,1,191,6.8,1105,17:16,33,37,0,2,0,2016
356,Quinton Howden\howdequ01,24,FLA,C,58,6,5,11,-1,18,0.8,6,0,0,0,5,0,0,54,11.1,602,10:22,10,116,3,3,50,2016
357,Marek Hrivik\hrivima01,24,NYR,LW,5,0,1,1,3,0,0.1,0,0,0,0,1,0,0,3,0,54,10:43,1,6,3,2,60,2016
358,Jonathan Huberdeau\huberjo01,22,FLA,LW,76,20,39,59,17,43,7.3,15,4,1,2,30,9,0,174,11.5,1379,18:09,36,53,7,11,38.9,2016
359,Jiri Hudler\hudleji01,32,TOT,C,72,16,30,46,-1,27,4.8,13,3,0,1,23,7,0,109,14.7,1135,15:46,7,28,11,15,42.3,2016
359,Jiri Hudler\hudleji01,32,CGY,C,53,10,25,35,-1,17,3.3,9,1,0,0,18,7,0,80,12.5,882,16:39,4,14,9,11,45,2016
359,Jiri Hudler\hudleji01,32,FLA,C,19,6,5,11,0,10,1.5,4,2,0,1,5,0,0,29,20.7,253,13:18,3,14,2,4,33.3,2016
360,Charles Hudon\hudonch01,21,MTL,LW,3,0,2,2,2,0,0.3,0,0,0,0,2,0,0,3,0,32,10:42,1,7,0,1,0,2016
361,Brad Hunt\huntbr01,27,EDM,D,7,0,0,0,-1,2,0,0,0,0,0,0,0,0,12,0,99,14:11,7,7,0,0,,2016
362,Matt Hunwick\hunwima01,30,TOR,D,60,2,8,10,-17,32,1.3,2,0,0,1,6,2,0,74,2.7,1354,22:34,98,126,0,0,,2016
363,Ben Hutton\huttobe01,22,VAN,D,75,1,24,25,-21,14,3,1,0,0,0,17,7,0,104,1,1491,19:52,100,42,0,0,,2016
364,Zach Hyman\hymanza01,23,TOR,C,16,4,2,6,0,18,0.7,4,0,0,0,2,0,0,37,10.8,251,15:41,8,31,1,2,33.3,2016
365,Jarome Iginla\iginlja01,38,COL,RW,82,22,25,47,-22,41,4.6,9,13,0,3,19,6,0,182,12.1,1301,15:52,45,70,61,54,53,2016
366,Matt Irwin\irwinma01,28,BOS,D,2,0,0,0,-5,0,-0.4,0,0,0,0,0,0,0,3,0,30,14:56,0,1,0,0,,2016
367,Barret Jackman\jackmba01,34,NSH,D,73,1,4,5,1,76,1.8,1,0,0,1,4,0,0,64,1.6,1012,13:51,86,100,0,0,,2016
368,Tim Jackman\jackmti01,34,ANA,RW,2,0,0,0,-2,4,-0.1,0,0,0,0,0,0,0,1,0,11,05:44,0,2,0,0,,2016
369,Jaromir Jagr\jagrja01,43,FLA,RW,79,27,39,66,23,48,9.2,22,5,0,4,33,6,0,143,18.9,1349,17:05,16,31,0,1,0,2016
370,Mattias Janmark\janmama02,23,DAL,C,73,15,14,29,12,16,3.6,14,0,1,3,13,1,0,108,13.9,1035,14:10,21,4,94,166,36.2,2016
371,Calle Jarnkrok\jarnkca01,24,NSH,C,81,16,14,30,1,14,3.1,12,3,1,4,13,1,0,125,12.8,1307,16:08,24,35,366,433,45.8,2016
372,Dmitrij Jaskin\jaskidm01,22,STL,RW,65,4,9,13,3,26,0.8,4,0,0,1,9,0,0,92,4.3,771,11:52,16,126,8,20,28.6,2016
373,Dustin Jeffrey\jeffrdu01,27,ARI,C,7,1,1,2,2,2,0.3,1,0,0,0,1,0,0,5,20,80,11:24,1,2,35,23,60.3,2016
374,Boone Jenner\jennebo01,22,CBJ,C,82,30,19,49,-15,77,6,20,9,1,3,14,5,0,225,13.3,1346,16:25,71,213,156,138,53.1,2016
375,Ryan Johansen\johanry01,23,TOT,C,80,14,46,60,6,61,6.3,10,4,0,2,28,18,0,185,7.6,1405,17:34,30,115,652,594,52.3,2016
375,Ryan Johansen\johanry01,23,NSH,C,42,8,26,34,10,36,4,5,3,0,2,18,8,0,97,8.2,746,17:46,18,57,330,300,52.4,2016
375,Ryan Johansen\johanry01,23,CBJ,C,38,6,20,26,-4,25,2.3,5,1,0,0,10,10,0,88,6.8,659,17:21,12,58,322,294,52.3,2016
376,Marcus Johansson\johanma03,25,WSH,LW,74,17,29,46,12,16,5.4,11,6,0,7,21,8,0,132,12.9,1231,16:38,24,38,128,150,46,2016
377,Stephen Johns\johnsst03,23,DAL,D,14,1,2,3,-6,6,0,1,0,0,0,2,0,0,13,7.7,250,17:50,21,55,0,0,,2016
378,Erik Johnson\johnser01,27,COL,D,73,11,16,27,-19,50,4.2,6,3,2,0,12,3,1,175,6.3,1711,23:27,197,126,0,1,0,2016
379,Jack Johnson\johnsja02,29,CBJ,D,60,6,8,14,-16,25,2,3,3,0,2,5,3,0,86,7,1451,00:11,102,98,0,1,0,2016
380,Tyler Johnson\johnsty01,25,TBL,C,69,14,24,38,4,20,4.2,11,3,0,7,14,10,0,167,8.4,1183,17:08,25,46,479,507,48.6,2016
381,Ross Johnston\johnsro02,21,NYI,LW,1,0,0,0,0,4,0,0,0,0,0,0,0,0,0,,16,16:17,0,6,0,0,,2016
382,Ryan Johnston\johnsry02,23,MTL,D,3,0,0,0,1,0,0.1,0,0,0,0,0,0,0,1,0,49,16:17,2,2,0,0,,2016
383,Jussi Jokinen\jokinju01,32,FLA,LW,81,18,42,60,25,42,7.3,12,5,1,1,34,7,1,153,11.8,1482,18:17,50,43,135,127,51.5,2016
384,Jyrki Jokipakka\jokipjy01,24,TOT,D,58,2,10,12,4,14,2.3,2,0,0,1,10,0,0,45,4.4,902,15:34,66,69,0,0,,2016
384,Jyrki Jokipakka\jokipjy01,24,DAL,D,40,2,4,6,1,6,1.2,2,0,0,1,4,0,0,26,7.7,580,14:30,43,47,0,0,,2016
384,Jyrki Jokipakka\jokipjy01,24,CGY,D,18,0,6,6,3,8,1.1,0,0,0,0,6,0,0,19,0,322,17:54,23,22,0,0,,2016
385,David Jones\jonesda01,31,TOT,RW,75,11,7,18,-7,10,1.3,10,1,0,2,7,0,0,84,13.1,933,12:26,33,147,17,17,50,2016
385,David Jones\jonesda01,31,CGY,RW,59,9,6,15,-8,10,0.9,8,1,0,2,6,0,0,67,13.4,755,12:47,28,115,16,16,50,2016
385,David Jones\jonesda01,31,MIN,RW,16,2,1,3,1,0,0.3,2,0,0,0,1,0,0,17,11.8,178,11:09,5,32,1,1,50,2016
386,Seth Jones\jonesse01,21,TOT,D,81,3,28,31,-14,22,4.2,2,1,0,0,15,12,1,157,1.9,1788,22:05,118,86,0,0,,2016
386,Seth Jones\jonesse01,21,CBJ,D,41,2,18,20,-9,12,2.5,1,1,0,0,9,8,1,83,2.4,1003,00:27,76,53,0,0,,2016
386,Seth Jones\jonesse01,21,NSH,D,40,1,10,11,-5,10,1.7,1,0,0,0,6,4,0,74,1.4,786,19:39,42,33,0,0,,2016
387,Josh Jooris\joorijo01,25,CGY,C,59,4,9,13,-1,39,0.5,4,0,0,0,7,0,2,80,5,725,12:17,33,62,114,143,44.4,2016
388,Michal Jordan\jordami01,25,CAR,D,36,1,0,1,-5,12,0.6,1,0,0,0,0,0,0,36,2.8,546,15:10,34,24,0,0,,2016
389,Jacob Josefson\josefja01,24,NJD,C,58,4,10,14,-21,20,0,1,3,0,1,1,8,1,86,4.7,900,15:31,40,67,323,344,48.4,2016
390,Roman Josi\josiro01,25,NSH,D,81,14,47,61,-3,43,10.4,7,6,1,3,28,18,1,198,7.1,2064,01:29,185,59,0,0,,2016
391,Tomas Jurco\jurcoto01,23,DET,RW,44,4,2,6,-6,16,0.2,4,0,0,0,2,0,0,43,9.3,404,09:11,4,50,1,0,100,2016
392,Nazem Kadri\kadrina01,25,TOR,C,76,17,28,45,-15,73,4,13,4,0,2,18,10,0,260,6.5,1389,18:16,43,148,641,663,49.2,2016
393,Sergey Kalinin\kalinse01,24,NJD,C,78,8,7,15,-9,33,0.9,5,3,0,2,7,0,0,70,11.4,1039,13:20,30,146,134,188,41.6,2016
394,Steven Kampfer\kampfst01,27,FLA,D,47,0,4,4,5,26,1.2,0,0,0,0,3,1,0,54,0,709,15:06,70,70,1,1,50,2016
395,Evander Kane\kaneev01,24,BUF,LW,65,20,15,35,-14,91,3.8,17,2,1,3,11,4,0,271,7.4,1367,21:02,23,171,62,62,50,2016
396,Patrick Kane\kanepa01,27,CHI,RW,82,46,60,106,17,30,15,29,17,0,9,40,20,0,287,16,1674,20:25,21,37,11,40,21.6,2016
397,Kasperi Kapanen\kapanka01,19,TOR,RW,9,0,0,0,-3,2,-0.3,0,0,0,0,0,0,0,14,0,133,14:47,1,10,0,0,,2016
398,Erik Karlsson\karlser01,25,OTT,D,82,16,66,82,-2,50,11.7,15,1,0,3,41,25,0,248,6.5,2375,04:58,175,84,0,1,0,2016
399,Melker Karlsson\karlsme01,25,SJS,C,65,10,9,19,5,16,2.1,10,0,0,1,9,0,0,96,10.4,879,13:31,48,76,11,12,47.8,2016
400,William Karlsson\karlswi01,23,CBJ,C,81,9,11,20,-9,6,0.9,9,0,0,1,11,0,0,108,8.3,1172,14:28,48,40,416,495,45.7,2016
401,Zack Kassian\kassiza01,25,EDM,RW,36,3,5,8,-7,114,0.2,3,0,0,0,5,0,0,42,7.1,448,12:27,6,95,1,3,25,2016
402,Bracken Kearns\kearnbr01,34,NYI,C,2,0,1,1,1,4,0.1,0,0,0,0,0,0,1,0,,32,15:54,2,5,8,4,66.7,2016
403,Duncan Keith\keithdu01,32,CHI,D,67,9,34,43,13,26,8.4,5,4,0,4,19,14,1,130,6.9,1691,01:14,116,16,0,1,0,2016
404,Chris Kelly\kellych01,35,BOS,C,11,2,0,2,3,0,0.3,1,0,1,0,0,0,0,8,25,144,13:05,13,13,22,30,42.3,2016
405,Joonas Kemppainen\kemppjo01,27,BOS,C,44,2,3,5,-6,4,-0.4,1,0,1,0,3,0,0,35,5.7,552,12:32,18,36,227,232,49.5,2016
406,Ronalds Kenins\keninro01,24,VAN,LW,8,0,0,0,-1,6,-0.2,0,0,0,0,0,0,0,6,0,91,11:25,2,19,1,2,33.3,2016
407,Tyler Kennedy\kennety01,29,NJD,C,50,3,13,16,-14,14,0.7,2,1,0,0,8,5,0,72,4.2,671,13:26,9,35,23,35,39.7,2016
408,Michael Keränen\keranmi01,26,MIN,C,1,0,0,0,-1,0,-0.1,0,0,0,0,0,0,0,0,,6,06:09,0,1,0,0,,2016
409,Tanner Kero\kerota01,23,CHI,RW,17,1,2,3,-2,2,0,1,0,0,0,2,0,0,26,3.8,209,12:18,10,19,55,68,44.7,2016
410,Ryan Kesler\keslery01,31,ANA,C,79,21,32,53,5,78,6.4,15,5,1,4,22,10,0,164,12.8,1543,19:32,92,168,980,695,58.5,2016
411,Phil Kessel\kesseph01,28,PIT,RW,82,26,33,59,9,18,7.2,22,4,0,5,20,13,0,274,9.5,1507,18:23,13,9,2,3,40,2016
412,Jujhar Khaira\khairju01,21,EDM,LW,15,0,2,2,-2,13,-0.1,0,0,0,0,2,0,0,14,0,155,10:21,6,29,0,1,0,2016
413,Alexander Khokhlachev\khokhal01,22,BOS,C,5,0,0,0,-2,0,-0.2,0,0,0,0,0,0,0,4,0,51,10:15,1,2,0,2,0,2016
414,Alex Killorn\killoal01,26,TBL,C,81,14,26,40,14,44,4.6,11,3,0,3,22,3,1,154,9.1,1360,16:48,23,76,31,49,38.8,2016
415,Jakub Kindl\kindlja01,28,TOT,D,44,2,6,8,13,18,2.8,2,0,0,1,5,1,0,63,3.2,677,15:23,24,39,0,1,0,2016
415,Jakub Kindl\kindlja01,28,DET,D,25,2,4,6,3,14,1.6,2,0,0,1,4,0,0,37,5.4,412,16:28,15,13,0,0,,2016
415,Jakub Kindl\kindlja01,28,FLA,D,19,0,2,2,10,4,1.2,0,0,0,0,1,1,0,26,0,266,13:59,9,26,0,1,0,2016
416,Dwight King\kingdw01,26,LAK,LW,47,7,6,13,-6,24,0.8,7,0,0,2,6,0,0,48,14.6,679,14:26,6,73,2,5,28.6,2016
417,Oscar Klefbom\klefbos01,22,EDM,D,30,4,8,12,-4,6,2.2,4,0,0,1,5,3,0,48,8.3,657,21:53,62,21,0,0,,2016
418,Kevin Klein\kleinke01,31,NYR,D,69,9,17,26,16,19,6,9,0,0,4,16,1,0,69,13,1407,20:23,155,117,0,0,,2016
419,John Klingberg\klingjo01,23,DAL,D,76,10,48,58,22,30,10.2,8,2,0,4,28,20,0,171,5.8,1724,22:41,68,44,0,0,,2016
420,Rob Klinkhammer\klinkro01,29,EDM,LW,14,1,0,1,-6,6,-0.2,1,0,0,0,0,0,0,10,10,132,09:25,4,47,1,0,100,2016
421,Corban Knight\knighco01,25,FLA,C,20,2,5,7,3,4,0.8,2,0,0,0,5,0,0,11,18.2,193,09:38,2,18,54,52,50.9,2016
422,Slater Koekkoek\koekksl01,21,TBL,D,9,0,1,1,-1,2,0.1,0,0,0,0,1,0,0,11,0,93,10:19,5,6,0,0,,2016
423,Mikko Koivu\koivumi01,32,MIN,C,82,17,39,56,6,40,6,6,10,1,2,28,10,1,141,12.1,1634,19:56,57,38,988,771,56.2,2016
424,Leo Komarov\komarle01,29,TOR,C,67,19,17,36,-12,40,3.7,14,4,1,2,14,3,0,130,14.6,1195,17:50,27,283,62,65,48.8,2016
425,Anze Kopitar\kopitan01,28,LAK,C,81,25,49,74,34,16,9.7,19,5,1,8,34,13,2,177,14.1,1690,20:52,65,78,950,826,53.5,2016
426,Lauri Korpikoski\korpila01,29,EDM,LW,71,10,12,22,-17,10,1.3,7,2,1,2,8,4,0,88,11.4,989,13:56,56,100,18,16,52.9,2016
427,Scott Kosmachuk\kosmasc01,22,WPG,RW,8,0,3,3,1,2,0.2,0,0,0,0,3,0,0,9,0,92,11:32,2,7,0,0,,2016
428,Mike Kostka\kostkmi01,30,OTT,D,15,0,1,1,6,4,0.7,0,0,0,0,1,0,0,9,0,223,14:51,20,7,0,0,,2016
429,Chris Kreider\kreidch01,24,NYR,LW,79,21,22,43,10,58,5.4,16,5,0,3,19,3,0,158,13.3,1261,15:57,33,177,5,1,83.3,2016
430,David Krejci\krejcda01,29,BOS,C,72,17,46,63,4,32,6.6,13,4,0,3,29,14,3,143,11.9,1462,20:18,57,43,560,557,50.1,2016
431,Niklas Kronwall\kronwni01,35,DET,D,64,3,23,26,-21,30,3.1,3,0,0,2,9,14,0,61,4.9,1409,22:01,81,93,0,0,,2016
432,Torey Krug\krugto01,24,BOS,D,81,4,40,44,9,33,7.2,3,1,0,1,22,18,0,244,1.6,1751,21:37,94,61,2,0,100,2016
433,Marcus Kruger\krugema01,25,CHI,C,41,0,4,4,-5,24,-0.7,0,0,0,0,4,0,0,50,0,554,13:31,31,25,233,241,49.2,2016
434,Nikita Kucherov\kucheni01,22,TBL,RW,77,30,36,66,9,30,9.2,21,9,0,4,20,16,0,209,14.4,1402,18:13,28,61,0,1,0,2016
435,Tom Kuhnhackl\kuhnhto01,24,PIT,RW,42,5,10,15,3,24,1.5,3,0,2,1,10,0,0,52,9.6,512,12:12,32,57,0,3,0,2016
436,Dean Kukan\kukande01,22,CBJ,D,8,0,0,0,9,0,0.9,0,0,0,0,0,0,0,3,0,139,17:21,10,7,0,0,,2016
437,Brett Kulak\kulakbr01,22,CGY,D,8,0,0,0,-2,0,-0.1,0,0,0,0,0,0,0,9,0,99,12:21,3,2,0,0,,2016
438,Nikolai Kulemin\kulemni01,29,NYI,LW,81,9,13,22,13,22,2.1,9,0,0,3,13,0,0,92,9.8,1139,14:04,50,107,23,36,39,2016
439,Dmitry Kulikov\kulikdm01,25,FLA,D,74,1,16,17,8,51,3.5,1,0,0,1,10,6,0,99,1,1557,21:02,121,122,0,0,,2016
440,Chris Kunitz\kunitch01,36,PIT,LW,80,17,23,40,29,41,5.2,15,2,0,1,19,4,0,150,11.3,1346,16:49,33,264,5,6,45.5,2016
441,Evgeny Kuznetsov\kuzneev01,23,WSH,C,82,20,57,77,27,32,9.6,15,5,0,4,44,13,0,193,10.4,1428,17:25,29,73,543,594,47.8,2016
442,Oliver Kylington\kylinol01,18,CGY,D,1,0,0,0,0,0,0,0,0,0,0,0,0,0,1,0,17,17:22,1,0,0,0,,2016
443,Andrew Ladd\laddan01,30,TOT,LW,78,25,21,46,-13,45,4.9,13,10,2,3,17,4,0,181,13.8,1475,18:55,42,155,8,5,61.5,2016
443,Andrew Ladd\laddan01,30,WPG,LW,59,17,17,34,-10,39,3.4,8,7,2,2,15,2,0,143,11.9,1148,19:27,27,126,7,3,70,2016
443,Andrew Ladd\laddan01,30,CHI,LW,19,8,4,12,-3,6,1.6,5,3,0,1,2,2,0,38,21.1,327,17:14,15,29,1,2,33.3,2016
444,Brooks Laich\laichbr01,32,TOT,C,81,2,12,14,-13,18,-0.3,2,0,0,1,11,0,1,101,2,926,11:26,34,126,98,145,40.3,2016
444,Brooks Laich\laichbr01,32,WSH,C,60,1,6,7,-7,16,-0.5,1,0,0,1,6,0,0,66,1.5,633,10:33,25,83,38,71,34.9,2016
444,Brooks Laich\laichbr01,32,TOR,C,21,1,6,7,-6,2,0.2,1,0,0,0,5,0,1,35,2.9,294,13:59,9,43,60,74,44.8,2016
445,Anton Lander\landean01,24,EDM,C,61,1,2,3,-9,18,-1.1,1,0,0,0,2,0,0,54,1.9,737,12:05,19,58,378,315,54.5,2016
446,Gabriel Landeskog\landega01,23,COL,LW,75,20,33,53,-5,69,5.6,15,4,1,2,21,10,2,169,11.8,1419,18:56,66,141,31,25,55.4,2016
447,Dylan Larkin\larkidy01,19,DET,C,80,23,22,45,11,34,6,19,4,0,5,21,1,0,221,10.4,1324,16:33,25,65,41,59,41,2016
448,Adam Larsson\larssad01,23,NJD,D,82,3,15,18,15,77,6.7,3,0,0,1,14,0,1,65,4.6,1846,22:31,148,163,0,0,,2016
449,Johan Larsson\larssjo02,23,BUF,LW,74,10,7,17,-4,27,1.4,9,1,0,5,4,3,0,95,10.5,1097,14:49,33,113,388,371,51.1,2016
450,Michael Latta\lattami01,24,WSH,C,43,3,4,7,0,50,0.5,3,0,0,0,4,0,0,29,10.3,348,08:05,10,58,102,96,51.5,2016
451,Scott Laughton\laughsc01,21,PHI,C,71,7,14,21,-2,34,1.8,7,0,0,0,14,0,0,85,8.2,741,10:26,29,86,170,218,43.8,2016
452,Curtis Lazar\lazarcu01,20,OTT,RW,76,6,14,20,-1,18,0.9,4,1,1,0,10,1,3,78,7.7,1053,13:52,47,118,168,216,43.8,2016
453,Vincent Lecavalier\lecavvi01,35,TOT,C,49,10,8,18,0,22,2.1,4,6,0,0,7,1,0,67,14.9,649,13:14,22,62,297,288,50.8,2016
453,Vincent Lecavalier\lecavvi01,35,LAK,C,42,10,7,17,1,20,2.1,4,6,0,0,6,1,0,60,16.7,583,13:52,21,60,295,283,51,2016
453,Vincent Lecavalier\lecavvi01,35,PHI,C,7,0,1,1,-1,2,0,0,0,0,0,1,0,0,7,0,66,09:28,1,2,2,5,28.6,2016
454,Nick Leddy\leddyni01,24,NYI,D,81,5,35,40,-9,25,5.9,2,3,0,1,19,16,0,121,4.1,1832,22:37,87,83,0,0,,2016
455,Anders Lee\leean01,25,NYI,LW,80,15,21,36,-2,51,3.7,7,8,0,3,15,6,0,183,8.2,1166,14:35,31,164,1,5,16.7,2016
456,David Legwand\legwada01,35,BUF,C,79,5,9,14,-4,14,0.9,4,0,1,0,7,1,1,61,8.2,767,09:42,18,28,196,231,45.9,2016
457,Jori Lehtera\lehtejo01,28,STL,C,79,9,25,34,12,38,3.4,8,1,0,3,17,8,0,83,10.8,1271,16:05,26,43,485,484,50.1,2016
458,Taylor Leier\leierta01,21,PHI,LW,6,0,0,0,0,0,-0.1,0,0,0,0,0,0,0,3,0,46,07:43,3,2,0,0,,2016
459,Brendan Leipsic\leipsbr01,21,TOR,LW,6,1,2,3,-1,2,0.3,1,0,0,1,1,1,0,11,9.1,85,14:14,6,12,2,1,66.7,2016
460,Josh Leivo\leivojo01,22,TOR,LW,12,5,0,5,2,6,1,4,1,0,1,0,0,0,20,25,148,12:19,3,7,1,1,50,2016
461,Bryan Lerg\lergbr01,30,SJS,C,6,0,0,0,1,0,0,0,0,0,0,0,0,0,4,0,53,08:53,3,13,17,16,51.5,2016
462,Brett Lernout\lernobr01,20,MTL,D,1,0,0,0,0,0,0,0,0,0,0,0,0,0,0,,7,06:30,0,1,0,0,,2016
463,Lucas Lessio\lessilu01,23,MTL,LW,12,1,1,2,1,2,0.2,1,0,0,1,1,0,0,14,7.1,126,10:29,5,24,0,2,0,2016
464,Kris Letang\letankr01,28,PIT,D,71,16,51,67,9,66,11.3,11,5,0,2,26,22,3,218,7.3,1913,02:57,122,135,0,0,,2016
465,Mark Letestu\letesma01,30,EDM,C,82,10,15,25,-21,10,1,5,3,2,0,5,9,1,107,9.3,1294,15:47,33,68,596,566,51.3,2016
466,Trevor Lewis\lewistr01,29,LAK,C,75,8,8,16,-10,20,0.4,7,0,1,1,7,1,0,167,4.8,1092,14:34,28,168,103,154,40.1,2016
467,John-Michael Liles\lilesjo01,35,TOT,D,81,6,15,21,-10,18,4.3,4,1,1,1,13,2,0,111,5.4,1645,20:18,127,81,0,0,,2016
467,John-Michael Liles\lilesjo01,35,CAR,D,64,6,9,15,-3,16,4,4,1,1,1,7,2,0,92,6.5,1316,20:34,96,64,0,0,,2016
467,John-Michael Liles\lilesjo01,35,BOS,D,17,0,6,6,-7,2,0.3,0,0,0,0,6,0,0,19,0,329,19:19,31,17,0,0,,2016
468,Oscar Lindberg\lindbos02,24,NYR,C,68,13,15,28,12,43,3.6,12,1,0,2,13,2,0,114,11.4,828,12:11,36,132,134,143,48.4,2016
469,Tobias Lindberg\lindbto01,20,TOR,RW,6,0,2,2,0,4,0.1,0,0,0,0,2,0,0,12,0,95,15:50,1,10,0,3,0,2016
470,Petteri Lindbohm\lindbpe02,22,STL,D,10,0,0,0,-4,7,-0.2,0,0,0,0,0,0,0,9,0,138,13:47,11,14,0,0,,2016
471,Esa Lindell\lindees01,21,DAL,D,4,0,0,0,-3,0,-0.2,0,0,0,0,0,0,0,2,0,56,14:03,9,4,0,0,,2016
472,Elias Lindholm\lindhel01,21,CAR,C,82,11,28,39,-23,24,2.6,9,2,0,3,14,14,0,176,6.3,1485,18:07,45,112,213,221,49.1,2016
473,Hampus Lindholm\lindhha01,22,ANA,D,80,10,18,28,7,40,7.3,5,4,1,1,7,11,0,149,6.7,1760,22:00,115,68,0,0,,2016
474,J.C. Lipon\liponj.01,22,WPG,RW,9,0,1,1,0,5,0,0,0,0,0,1,0,0,4,0,63,06:58,2,29,0,0,,2016
475,Bryan Little\littlbr01,28,WPG,C,57,17,25,42,-13,12,4.2,13,2,2,2,15,10,0,127,13.4,1117,19:36,22,48,674,640,51.3,2016
476,Viktor Loov\loovvi01,23,TOR,D,4,0,2,2,4,0,0.6,0,0,0,0,2,0,0,1,0,42,10:28,1,8,0,0,,2016
477,Ben Lovejoy\lovejbe01,31,PIT,D,66,4,6,10,9,30,3.1,4,0,0,0,5,0,1,90,4.4,1245,18:52,104,154,0,0,,2016
478,Adam Lowry\lowryad01,22,WPG,C,74,7,10,17,-9,53,0.5,7,0,0,2,10,0,0,73,9.6,1037,14:01,48,187,391,454,46.3,2016
479,Milan Lucic\lucicmi01,27,LAK,LW,81,20,35,55,26,79,7.2,18,2,0,5,29,6,0,124,16.1,1396,17:14,22,244,7,13,35,2016
480,Joffrey Lupul\lupuljo01,32,TOR,LW,46,11,3,14,-10,12,1.3,9,2,0,2,1,2,0,102,10.8,673,14:37,14,58,0,4,0,2016
481,Olli Maatta\maattol01,21,PIT,D,67,6,13,19,27,22,5.9,6,0,0,2,11,1,1,95,6.3,1337,19:58,87,81,0,0,,2016
482,Clarke MacArthur\macarcl01,30,OTT,LW,4,0,0,0,-1,0,-0.1,0,0,0,0,0,0,0,4,0,43,10:52,1,3,0,1,0,2016
483,Andrew MacDonald\macdoan01,29,PHI,D,28,1,7,8,10,6,2.4,1,0,0,0,5,2,0,20,5,563,20:07,72,14,0,0,,2016
484,Derek MacKenzie\mackede01,34,FLA,C,64,6,7,13,7,36,1,6,0,0,3,6,0,1,79,7.6,842,13:09,38,154,439,362,54.8,2016
485,Nathan MacKinnon\mackina01,20,COL,C,72,21,31,52,-4,20,5.7,14,7,0,6,21,9,1,245,8.6,1358,18:52,53,46,507,540,48.4,2016
486,Evgeni Malkin\malkiev01,29,PIT,C,57,27,31,58,1,65,7.6,16,11,0,6,15,16,0,162,16.7,1104,19:22,19,27,317,438,42,2016
487,Brad Malone\malonbr01,26,CAR,C,57,2,4,6,-11,75,-0.3,2,0,0,0,4,0,0,31,6.5,544,09:33,15,124,40,22,64.5,2016
488,Brandon Manning\mannibr01,25,PHI,D,56,1,6,7,2,66,1.9,1,0,0,1,6,0,0,67,1.5,926,16:32,57,94,0,1,0,2016
489,Josh Manson\mansojo01,24,ANA,D,71,5,10,15,11,74,5,5,0,0,1,10,0,0,88,5.7,1334,18:47,67,158,0,0,,2016
490,Anthony Mantha\manthan01,21,DET,RW,10,2,1,3,-6,2,0.1,0,2,0,1,1,0,0,18,11.1,117,11:42,3,4,0,0,,2016
491,Brad Marchand\marchbr03,27,BOS,LW,77,37,24,61,21,90,9.4,27,6,4,6,20,2,2,250,14.8,1432,18:36,35,65,21,35,37.5,2016
492,Alexey Marchenko\marchal01,24,DET,D,66,2,9,11,-5,10,2.3,2,0,0,0,8,0,1,40,5,1111,16:50,100,47,0,0,,2016
493,Jonathan Marchessault\audymjo01,25,TBL,C,45,7,11,18,-10,17,1.6,3,4,0,1,8,3,0,81,8.6,544,12:05,9,61,38,41,48.1,2016
494,Martin Marincin\marinma01,23,TOR,D,65,1,6,7,-3,34,1.8,1,0,0,0,6,0,0,55,1.8,1090,16:46,63,37,0,0,,2016
495,Andrei Markov\markoan01,37,MTL,D,82,5,39,44,-6,38,6.7,1,4,0,0,26,13,0,117,4.3,1955,23:50,142,57,0,0,,2016
496,Patrick Marleau\marlepa01,36,SJS,LW,82,25,23,48,-22,10,4.7,13,11,1,5,9,14,0,216,11.6,1560,19:02,36,64,267,258,50.9,2016
497,Pat Maroon\maroopa01,27,TOT,LW,72,12,15,27,-7,88,2.8,7,5,0,1,12,3,0,104,11.5,888,12:20,10,151,17,36,32.1,2016
497,Pat Maroon\maroopa01,27,ANA,LW,56,4,9,13,-13,54,0.5,1,3,0,0,8,1,0,65,6.2,637,11:23,2,114,16,33,32.7,2016
497,Pat Maroon\maroopa01,27,EDM,LW,16,8,6,14,6,34,2.3,6,2,0,1,4,2,0,39,20.5,251,15:41,8,37,1,3,25,2016
498,Matt Martin\martima02,26,NYI,LW,80,10,9,19,2,119,1.9,10,0,0,1,9,0,0,86,11.6,845,10:33,24,365,1,3,25,2016
499,Paul Martin\martipa01,34,SJS,D,78,3,17,20,13,22,5.1,2,1,0,0,16,1,0,49,6.1,1617,20:44,123,54,0,0,,2016
500,Alec Martinez\martial01,28,LAK,D,78,10,21,31,16,40,7.6,6,4,0,4,11,9,1,124,8.1,1650,21:09,182,164,0,0,,2016
501,Jordan Martinook\martijo01,23,ARI,LW,81,9,15,24,-9,18,1.3,8,0,1,2,13,1,1,109,8.3,1230,15:11,40,52,18,15,54.5,2016
502,Andreas Martinsen\martian01,25,COL,LW,55,4,7,11,-4,47,0.5,4,0,0,1,7,0,0,52,7.7,610,11:06,27,155,1,3,25,2016
503,Brandon Mashinter\mashibr01,27,CHI,LW,41,4,1,5,-7,23,0.2,4,0,0,0,1,0,0,25,16,307,07:30,3,62,0,0,,2016
504,Mike Matheson\mathemi01,21,FLA,D,3,0,0,0,1,2,0.1,0,0,0,0,0,0,0,4,0,53,17:32,1,1,0,0,,2016
505,Stefan Matteau\mattest02,21,TOT,LW,32,1,1,2,-13,17,-0.7,1,0,0,0,1,0,0,27,3.7,329,10:17,7,67,0,0,,2016
505,Stefan Matteau\mattest02,21,NJD,LW,20,1,0,1,-9,13,-0.4,1,0,0,0,0,0,0,22,4.5,202,10:05,4,39,0,0,,2016
505,Stefan Matteau\mattest02,21,MTL,LW,12,0,1,1,-4,4,-0.3,0,0,0,0,1,0,0,5,0,128,10:38,3,28,0,0,,2016
506,Shawn Matthias\matthsh01,27,TOT,C,71,12,16,28,-17,20,2.2,12,0,0,2,15,0,1,101,11.9,959,13:31,39,68,9,15,37.5,2016
506,Shawn Matthias\matthsh01,27,TOR,C,51,6,11,17,-10,12,1.1,6,0,0,1,10,0,1,66,9.1,664,13:01,23,60,5,11,31.3,2016
506,Shawn Matthias\matthsh01,27,COL,C,20,6,5,11,-7,8,1.1,6,0,0,1,5,0,0,35,17.1,296,14:48,16,8,4,4,50,2016
507,Scott Mayfield\mayfisc01,23,NYI,D,6,1,0,1,-4,11,0,1,0,0,0,0,0,0,4,25,103,17:07,15,12,0,0,,2016
508,Jamie McBain\mcbaija02,27,LAK,D,44,2,7,9,2,6,1.9,1,1,0,0,2,5,0,32,6.3,538,12:14,38,20,0,0,,2016
509,Jake McCabe\mccabja01,22,BUF,D,77,4,10,14,6,51,4.5,4,0,0,0,10,0,0,62,6.5,1472,19:07,109,114,0,2,0,2016
510,Jared McCann\mccanja01,19,VAN,C,69,9,9,18,-6,32,1.5,8,1,0,1,7,2,0,106,8.5,864,12:31,19,45,181,341,34.7,2016
511,Michael McCarron\mccarmi01,20,MTL,RW,20,1,1,2,-10,37,-0.5,1,0,0,0,1,0,0,41,2.4,234,11:41,8,49,85,84,50.3,2016
512,John McCarthy\mccarjo01,29,SJS,LW,1,0,0,0,0,0,0,0,0,0,0,0,0,0,0,,7,07:05,1,0,0,1,0,2016
513,Jay McClement\mccleja01,32,CAR,C,77,3,8,11,-17,24,-0.4,2,0,1,0,8,0,0,64,4.7,893,11:36,31,79,375,303,55.3,2016
514,Max McCormick\mccorma01,23,OTT,LW,20,2,2,4,-4,37,0.1,2,0,0,0,2,0,0,37,5.4,209,10:28,11,46,39,37,51.3,2016
515,Connor McDavid\mcdavco01,19,EDM,C,45,16,32,48,-1,18,5.8,13,3,0,5,21,11,0,105,15.2,850,18:53,10,12,249,355,41.2,2016
516,Ryan McDonagh\mcdonry01,26,NYR,D,73,9,25,34,26,22,7.8,7,2,0,0,17,7,1,113,8,1632,22:21,138,98,1,0,100,2016
517,Colin McDonald\mcdonco01,31,PHI,RW,5,1,0,1,0,7,0.2,1,0,0,0,0,0,0,4,25,41,08:09,1,16,0,0,,2016
518,John McFarland\mcfarjo01,23,FLA,LW,3,0,0,0,-1,0,-0.1,0,0,0,0,0,0,0,2,0,30,09:55,3,5,0,0,,2016
519,Brock McGinn\mcginbr01,21,CAR,LW,21,3,1,4,-14,10,-0.1,3,0,0,0,1,0,0,25,12,235,11:11,6,28,0,1,0,2016
520,Jamie McGinn\mcginja01,27,TOT,LW,84,22,17,39,-7,33,5,13,9,0,5,14,3,0,156,14.1,1201,14:18,27,164,4,3,57.1,2016
520,Jamie McGinn\mcginja01,27,BUF,LW,63,14,13,27,-10,10,3,8,6,0,3,10,3,0,109,12.8,892,14:10,19,113,2,1,66.7,2016
520,Jamie McGinn\mcginja01,27,ANA,LW,21,8,4,12,3,23,1.9,5,3,0,2,4,0,0,47,17,308,14:41,8,51,2,2,50,2016
521,Tye McGinn\mcginty01,25,TBL,LW,2,0,0,0,0,0,0,0,0,0,0,0,0,0,1,0,17,08:33,0,0,0,0,,2016
522,Dylan McIlrath\mcilrdy01,23,NYR,D,34,2,2,4,7,64,1.5,2,0,0,0,2,0,0,28,7.1,480,14:07,35,93,0,0,,2016
523,Greg McKegg\mckeggr01,23,FLA,C,15,2,0,2,1,2,0.3,2,0,0,0,0,0,0,14,14.3,124,08:15,6,20,50,61,45,2016
524,Curtis McKenzie\mckencu01,24,DAL,LW,3,0,0,0,-1,0,-0.1,0,0,0,0,0,0,0,3,0,26,08:48,1,4,0,0,,2016
525,Cody McLeod\mcleoco01,31,COL,LW,82,8,5,13,1,138,1,7,1,0,1,5,0,0,73,11,864,10:32,28,240,1,0,100,2016
526,Brayden McNabb\mcnabbr01,25,LAK,D,81,2,12,14,11,92,4.2,2,0,0,1,10,1,1,91,2.2,1524,18:49,95,206,0,0,,2016
527,Mark McNeill\mcneima01,22,CHI,RW,1,0,0,0,0,0,0,0,0,0,0,0,0,0,0,,13,12:44,0,3,0,1,0,2016
528,Adam McQuaid\mcquaad01,29,BOS,D,64,1,8,9,6,89,2.3,1,0,0,0,8,0,0,42,2.4,1155,18:02,121,142,0,0,,2016
529,Evgeny Medvedev\medveev01,33,PHI,D,45,4,8,12,5,34,3,3,1,0,1,6,2,0,71,5.6,847,18:50,34,38,0,0,,2016
530,Jayson Megna\megnaja01,25,NYR,C,6,1,1,2,-1,2,0.2,1,0,0,0,1,0,0,9,11.1,73,12:15,1,6,1,0,100,2016
531,Julian Melchiori\melchju01,24,WPG,D,11,0,0,0,1,0,0.2,0,0,0,0,0,0,0,12,0,150,13:36,9,18,0,0,,2016
532,Jonathon Merrill\merrijo01,23,NJD,D,47,1,4,5,-15,28,0.7,1,0,0,1,3,1,0,30,3.3,794,16:54,54,48,0,0,,2016
533,Michael Mersch\merscmi01,23,LAK,LW,17,1,2,3,1,0,0.2,1,0,0,0,2,0,0,23,4.3,176,10:23,10,26,1,3,25,2016
534,Marc Methot\methoma01,30,OTT,D,69,5,7,12,12,34,3.3,5,0,0,0,7,0,0,74,6.8,1425,20:39,90,124,0,0,,2016
535,Milan Michalek\michami01,31,TOT,LW,45,7,9,16,0,18,1.3,4,3,0,0,6,3,0,64,10.9,725,16:07,27,42,3,5,37.5,2016
535,Milan Michalek\michami01,31,OTT,LW,32,6,4,10,1,12,0.9,3,3,0,0,4,0,0,56,10.7,538,16:48,21,23,2,3,40,2016
535,Milan Michalek\michami01,31,TOR,LW,13,1,5,6,-1,6,0.4,1,0,0,0,2,3,0,8,12.5,187,14:25,6,19,1,2,33.3,2016
536,Zbynek Michalek\michazb01,33,ARI,D,70,2,5,7,3,20,2.1,2,0,0,0,5,0,0,69,2.9,1191,17:01,123,84,0,0,,2016
537,Sonny Milano\milanso01,19,CBJ,LW,3,0,1,1,1,0,0.1,0,0,0,0,1,0,0,2,0,40,13:23,2,4,0,0,,2016
538,Andrew Miller\millean01,27,EDM,C,6,0,0,0,-1,0,-0.1,0,0,0,0,0,0,0,3,0,55,09:07,0,4,13,16,44.8,2016
539,Colin Miller\milleco02,23,BOS,D,42,3,13,16,0,39,2.5,3,0,0,0,8,5,0,59,5.1,663,15:48,36,45,0,0,,2016
540,Drew Miller\milledr01,31,DET,LW,28,1,1,2,-5,2,-0.5,1,0,0,0,1,0,0,27,3.7,363,12:58,33,39,1,1,50,2016
541,J.T. Miller\millejt01,22,NYR,C,82,22,21,43,10,46,5.5,20,2,0,5,19,2,0,135,16.3,1233,15:02,48,174,68,89,43.3,2016
542,Kevan Miller\milleke03,28,BOS,D,71,5,13,18,15,53,4.6,5,0,0,0,12,1,0,64,7.8,1353,19:04,123,164,0,0,,2016
543,John Mitchell\mitchjo01,31,COL,C,71,10,11,21,-7,52,1.4,10,0,0,3,10,1,0,101,9.9,1082,15:15,65,85,415,434,48.9,2016
544,Torrey Mitchell\mitchto01,31,MTL,C,71,11,8,19,2,51,1.9,10,0,1,3,6,0,2,69,15.9,901,12:41,38,67,370,347,51.6,2016
545,Willie Mitchell\mitchwi01,38,FLA,D,46,1,6,7,-2,18,1.2,1,0,0,1,6,0,0,33,3,917,19:56,70,68,0,0,,2016
546,Travis Moen\moentr01,33,DAL,LW,23,0,2,2,-3,21,-0.3,0,0,0,0,1,0,1,12,0,188,08:12,13,30,4,1,80,2016
547,Sean Monahan\monahse01,21,CGY,C,81,27,36,63,-6,18,6.9,20,7,0,5,23,13,0,197,13.7,1552,19:10,37,38,887,852,51,2016
548,Dominic Moore\mooredo01,35,NYR,C,80,6,9,15,-2,32,0.3,6,0,0,2,9,0,0,94,6.4,1064,13:18,35,51,476,384,55.3,2016
549,John Moore\moorejo01,25,NJD,D,73,4,15,19,-12,28,4,3,1,0,3,10,5,0,106,3.8,1448,19:50,83,93,0,0,,2016
550,Josh Morrissey\morrijo04,20,WPG,D,1,0,0,0,0,0,0,0,0,0,0,0,0,0,1,0,16,15:54,2,1,0,0,,2016
551,Joseph Morrow\morrojo02,23,BOS,D,33,1,6,7,-7,4,0.6,1,0,0,0,4,2,0,44,2.3,525,15:54,35,28,0,0,,2016
552,Kael Mouillierat\mouilka01,28,PIT,LW,1,0,0,0,0,2,0,0,0,0,0,0,0,0,1,0,11,10:41,0,4,5,6,45.5,2016
553,Matt Moulson\moulsma01,32,BUF,LW,81,8,13,21,-5,16,1.7,6,2,0,1,8,5,0,111,7.2,964,11:54,23,45,0,5,0,2016
554,Vojtech Mozik\mozikvo01,23,NJD,D,7,0,0,0,0,4,0.2,0,0,0,0,0,0,0,6,0,93,13:14,5,12,0,0,,2016
555,Mirco Mueller\muellmi01,20,SJS,D,11,0,0,0,-4,7,-0.2,0,0,0,0,0,0,0,8,0,117,10:36,3,2,0,0,,2016
556,Connor Murphy\murphco02,22,ARI,D,78,6,11,17,5,48,4.2,5,1,0,1,9,2,0,101,5.9,1599,20:30,139,175,0,0,,2016
557,Ryan Murphy\murphry01,22,CAR,D,35,0,10,10,-1,10,1.9,0,0,0,0,9,1,0,47,0,604,17:15,22,25,0,0,,2016
558,Ryan Murray\murrary01,22,CBJ,D,82,4,21,25,-10,40,3.8,3,1,0,0,11,10,0,90,4.4,1873,22:51,171,51,0,0,,2016
559,Jake Muzzin\muzzija01,26,LAK,D,82,8,32,40,7,64,7.8,7,1,0,1,19,12,1,203,3.9,1891,23:04,135,197,0,0,,2016
560,Tyler Myers\myersty01,25,WPG,D,73,9,18,27,6,72,5.6,9,0,0,0,15,2,1,140,6.4,1651,22:37,95,54,0,1,0,2016
561,Jakub Nakladal\naklaja01,28,CGY,D,27,2,3,5,-5,6,0.6,2,0,0,0,2,1,0,42,4.8,383,14:11,23,41,0,0,,2016
562,Vladislav Namestnikov\namesvl01,23,TBL,C,80,14,21,35,17,45,4.5,13,1,0,2,18,3,0,106,13.2,1129,14:07,33,49,175,216,44.8,2016
563,Rick Nash\nashri01,31,NYR,LW,60,15,21,36,8,30,4.3,11,4,0,4,18,2,1,183,8.2,1016,16:56,24,69,0,1,0,2016
564,Riley Nash\nashri02,26,CAR,C,64,9,13,22,-5,18,2.1,7,2,0,1,9,4,0,76,11.8,829,12:57,21,58,193,197,49.5,2016
565,James Neal\nealja01,28,NSH,RW,82,31,27,58,27,65,8.7,27,4,0,3,17,10,0,268,11.6,1564,19:04,31,113,8,19,29.6,2016
566,Chris Neil\neilch01,36,OTT,RW,80,5,8,13,-3,165,0.5,5,0,0,0,8,0,0,70,7.1,744,09:18,12,215,1,1,50,2016
567,Brock Nelson\nelsobr01,24,NYI,LW,81,26,14,40,-3,30,5.2,23,3,0,3,12,2,0,165,15.8,1280,15:48,50,59,186,202,47.9,2016
568,Casey Nelson\nelsoca01,23,BUF,D,7,0,4,4,1,8,0.7,0,0,0,0,2,2,0,5,0,104,14:49,4,5,0,0,,2016
569,Patrik Nemeth\nemetpa01,23,DAL,D,38,0,8,8,-1,14,1,0,0,0,0,7,1,0,36,0,594,15:37,47,58,0,0,,2016
570,Aaron Ness\nessaa01,25,WSH,D,8,0,2,2,4,2,0.6,0,0,0,0,2,0,0,8,0,99,12:23,7,4,0,0,,2016
571,Nikita Nesterov\nesteni01,22,TBL,D,57,3,6,9,-6,41,1.7,1,2,0,0,4,2,0,57,5.3,849,14:53,31,95,0,0,,2016
572,Andrej Nestrasil\nestran01,24,CAR,C,55,9,14,23,4,8,2.7,7,2,0,1,14,0,0,105,8.6,789,14:21,13,27,8,17,32,2016
573,Valeri Nichushkin\nichuva01,20,DAL,RW,79,9,20,29,2,12,2.3,8,1,0,1,19,1,0,139,6.5,1101,13:56,33,68,0,1,0,2016
574,Nino Niederreiter\niedeni01,23,MIN,RW,82,20,23,43,9,36,5.5,18,2,0,1,20,3,0,159,12.6,1275,15:33,19,129,11,16,40.7,2016
575,Frans Nielsen\nielsfr01,31,NYI,C,81,20,32,52,1,12,5.8,11,7,2,2,19,13,0,181,11,1435,17:43,92,35,586,583,50.1,2016
576,Matthew Nieto\nietoma01,23,SJS,LW,67,8,9,17,-8,10,1,6,0,2,1,8,1,0,90,8.9,882,13:10,33,33,2,6,25,2016
577,Nikita Nikitin\nikitni01,29,EDM,D,11,0,1,1,-5,8,-0.1,0,0,0,0,1,0,0,12,0,163,14:48,9,14,0,0,,2016
578,Matt Niskanen\niskama01,29,WSH,D,82,5,27,32,10,38,6.6,3,2,0,3,13,14,0,150,3.3,2022,00:40,145,157,0,0,,2016
579,Stefan Noesen\noesest01,22,ANA,RW,1,0,0,0,0,0,0,0,0,0,0,0,0,0,0,,10,10:02,0,3,0,0,,2016
580,Jordan Nolan\nolanjo01,26,LAK,C,52,0,5,5,0,38,-0.2,0,0,0,0,5,0,0,49,0,463,08:54,8,78,0,1,0,2016
581,Joakim Nordstrom\nordsjo02,23,CAR,LW,71,10,14,24,1,12,2.3,9,0,1,1,14,0,0,81,12.3,1109,15:38,32,98,6,4,60,2016
582,Tomas Nosek\nosekto01,23,DET,C,6,0,0,0,-2,2,-0.2,0,0,0,0,0,0,0,2,0,61,10:08,0,6,4,4,50,2016
583,Ryan Nugent-Hopkins\nugenry01,22,EDM,C,55,12,22,34,-9,18,3.2,8,4,0,1,15,7,0,108,11.1,1048,19:04,36,39,369,454,44.8,2016
584,Darnell Nurse\nurseda01,20,EDM,D,69,3,7,10,-13,60,1.9,3,0,0,0,5,1,1,120,2.5,1396,20:14,103,160,0,0,,2016
585,William Nylander\nylanwi01,19,TOR,C,22,6,7,13,1,4,1.6,5,1,0,1,5,2,0,43,14,359,16:20,5,5,143,148,49.1,2016
586,Gustav Nyquist\nyquigu01,26,DET,RW,82,17,26,43,-2,34,4.7,10,7,0,3,21,5,0,161,10.6,1244,15:10,19,58,0,2,0,2016
587,Eric Nystrom\nystrer01,32,NSH,LW,46,7,0,7,-6,20,0.5,6,0,1,1,0,0,0,27,25.9,528,11:29,26,92,1,1,50,2016
588,Jim O'Brien\obrieji01,27,NJD,C,4,0,0,0,-4,2,-0.2,0,0,0,0,0,0,0,3,0,54,13:31,2,7,29,20,59.2,2016
589,Brian O'Neill\oneilbr01,27,NJD,C,22,0,2,2,-3,8,-0.2,0,0,0,0,2,0,0,14,0,228,10:22,9,36,2,4,33.3,2016
590,Cal O'Reilly\oreilca01,29,BUF,C,20,3,4,7,-1,2,0.8,2,1,0,1,3,1,0,10,30,224,11:11,5,3,59,50,54.1,2016
591,Ryan O'Reilly\oreilry01,24,BUF,C,71,21,39,60,-16,8,6.4,12,8,1,2,25,14,0,157,13.4,1543,21:44,43,17,1024,788,56.5,2016
592,Johnny Oduya\oduyajo01,34,DAL,D,82,4,17,21,8,26,4.1,3,0,1,0,16,0,1,63,6.3,1671,20:23,172,73,0,0,,2016
593,Jordan Oesterle\oestejo01,23,EDM,D,17,0,5,5,1,0,1,0,0,0,0,5,0,0,24,0,369,21:41,26,11,0,0,,2016
594,Kyle Okposo\okposky01,27,NYI,RW,79,22,42,64,-4,51,7.2,15,7,0,4,26,16,0,202,10.9,1438,18:12,39,90,23,40,36.5,2016
595,Jamie Oleksiak\oleksja01,23,DAL,D,19,0,2,2,-5,21,-0.1,0,0,0,0,2,0,0,13,0,242,12:43,29,54,0,0,,2016
596,Gustav Olofsson\olofsgu01,21,MIN,D,2,0,0,0,0,0,0,0,0,0,0,0,0,0,1,0,18,09:12,0,2,0,0,,2016
597,Dylan Olsen\olsendy01,25,FLA,D,8,0,1,1,-1,2,0.1,0,0,0,0,1,0,0,9,0,110,13:45,7,6,0,0,,2016
598,Dmitry Orlov\orlovdm01,24,WSH,D,82,8,21,29,8,26,5.9,8,0,0,3,19,2,0,90,8.9,1314,16:02,61,121,0,0,,2016
599,Brooks Orpik\orpikbr01,35,WSH,D,41,3,7,10,11,24,3,3,0,0,1,7,0,0,31,9.7,812,19:49,102,125,0,0,,2016
600,T.J. Oshie\oshietj01,29,WSH,RW,80,26,25,51,16,34,6.7,15,11,0,5,19,6,0,185,14.1,1517,18:58,62,134,138,124,52.7,2016
601,Steve Ott\ottst01,33,STL,C,21,0,2,2,-3,34,-0.3,0,0,0,0,2,0,0,21,0,229,10:55,5,34,39,31,55.7,2016
602,Xavier Ouellet\ouellxa01,22,DET,D,5,0,1,1,-2,2,0,0,0,0,0,1,0,0,4,0,81,16:15,3,5,0,0,,2016
603,Alex Ovechkin\ovechal01,30,WSH,LW,79,50,21,71,21,53,11.7,31,19,0,8,16,5,0,398,12.6,1604,20:19,34,225,0,0,,2016
604,Magnus Paajarvi\paajama01,24,STL,LW,48,3,6,9,-9,8,0,3,0,0,1,6,0,0,88,3.4,617,12:51,16,44,0,2,0,2016
605,Max Pacioretty\pacioma01,27,MTL,LW,82,30,34,64,-10,34,7.5,21,8,1,6,25,9,0,303,9.9,1519,18:32,37,102,6,7,46.2,2016
606,Jean-Gabriel Pageau\pageaje01,23,OTT,C,82,19,24,43,17,26,5.3,11,1,7,2,21,1,2,133,14.3,1370,16:42,60,166,614,563,52.2,2016
607,Daniel Paille\paillda01,31,NYR,LW,12,0,0,0,-2,0,-0.3,0,0,0,0,0,0,0,11,0,137,11:25,9,16,0,1,0,2016
608,Iiro Pakarinen\pakarii01,24,EDM,RW,63,5,8,13,-10,8,0.5,5,0,0,0,6,2,0,76,6.6,677,10:45,21,152,5,8,38.5,2016
609,Ondrej Palat\palaton01,24,TBL,LW,62,16,24,40,10,20,5.1,13,1,2,4,17,6,1,117,13.7,1111,17:55,39,108,2,6,25,2016
610,Michael Paliotta\paliomi01,22,CBJ,D,1,0,0,0,0,4,0,0,0,0,0,0,0,0,2,0,8,07:32,1,0,0,0,,2016
611,Kyle Palmieri\palmiky01,24,NJD,RW,82,30,27,57,3,39,8.2,19,11,0,4,15,12,0,222,13.5,1460,17:48,51,129,10,17,37,2016
612,Artemi Panarin\panarar01,24,CHI,LW,80,30,47,77,8,32,9.8,22,8,0,7,31,16,0,187,16,1482,18:31,14,46,0,0,,2016
613,Richard Panik\panikri01,24,CHI,RW,30,6,2,8,4,6,1.2,6,0,0,1,2,0,0,39,15.4,325,10:50,11,54,1,1,50,2016
614,Cedric Paquette\paquece01,22,TBL,C,56,6,5,11,-2,51,0.7,5,0,1,1,5,0,0,50,12,713,12:44,31,137,141,142,49.8,2016
615,Colton Parayko\parayco01,22,STL,D,79,9,24,33,28,29,8.8,6,3,0,3,20,4,0,165,5.5,1532,19:23,122,102,0,0,,2016
616,Adam Pardy\pardyad01,31,TOT,D,23,0,4,4,-7,14,0.2,0,0,0,0,3,0,1,22,0,365,15:53,32,32,0,0,,2016
616,Adam Pardy\pardyad01,31,WPG,D,14,0,1,1,-3,8,0,0,0,0,0,0,0,1,10,0,183,13:06,10,20,0,0,,2016
616,Adam Pardy\pardyad01,31,EDM,D,9,0,3,3,-4,6,0.2,0,0,0,0,3,0,0,12,0,182,20:13,22,12,0,0,,2016
617,P.A. Parenteau\parenpi01,32,TOR,RW,77,20,21,41,0,68,4.8,13,7,0,3,17,4,0,168,11.9,1252,16:16,26,48,4,14,22.2,2016
618,Zach Parise\parisza01,31,MIN,LW,70,25,28,53,-3,36,6.6,18,7,0,7,17,11,0,234,10.7,1350,19:18,42,71,0,4,0,2016
619,David Pastrnak\pastrda01,19,BOS,RW,51,15,11,26,3,20,3.5,15,0,0,2,10,1,0,108,13.9,711,13:57,15,52,0,3,0,2016
620,Greg Pateryn\patergr01,25,MTL,D,38,1,6,7,-8,49,0.8,1,0,0,0,6,0,0,32,3.1,636,16:45,52,100,0,0,,2016
621,Nick Paul\paulni01,20,OTT,LW,24,2,3,5,-3,6,0.1,2,0,0,0,3,0,0,28,7.1,293,12:12,9,43,31,29,51.7,2016
622,Joe Pavelski\paveljo01,31,SJS,C,82,38,40,78,25,30,11.5,26,12,0,11,24,16,0,224,17,1625,19:49,67,147,516,422,55,2016
623,Tanner Pearson\pearsta01,23,LAK,LW,79,15,21,36,11,18,4.3,13,2,0,4,19,2,0,137,10.9,1142,14:28,34,104,8,17,32,2016
624,Andrey Pedan\pedanan01,22,VAN,D,13,0,0,0,-3,18,-0.1,0,0,0,0,0,0,0,11,0,142,10:57,8,40,0,0,,2016
625,Adam Pelech\pelecad01,21,NYI,D,9,0,2,2,-1,0,0.3,0,0,0,0,2,0,0,8,0,158,17:35,16,16,0,0,,2016
626,Anthony Peluso\pelusan01,26,WPG,RW,35,1,4,5,4,44,0.5,1,0,0,0,4,0,0,16,6.3,223,06:23,4,81,0,0,,2016
627,Stuart Percy\percyst01,22,TOR,D,3,0,0,0,-2,0,-0.1,0,0,0,0,0,0,0,1,0,39,13:10,3,4,0,0,,2016
628,Mathieu Perreault\perrema01,28,WPG,C,71,9,32,41,-11,36,3.2,3,6,0,1,23,9,0,133,6.8,1175,16:33,33,83,94,109,46.3,2016
629,David Perron\perroda01,27,TOT,LW,71,12,24,36,-1,62,3.6,8,4,0,1,16,8,0,147,8.2,1080,15:13,23,142,2,8,20,2016
629,David Perron\perroda01,27,PIT,LW,43,4,12,16,-13,28,0.5,3,1,0,0,8,4,0,96,4.2,665,15:28,14,105,1,4,20,2016
629,David Perron\perroda01,27,ANA,LW,28,8,12,20,12,34,3.1,5,3,0,1,8,4,0,51,15.7,415,14:49,9,37,1,4,20,2016
630,Corey Perry\perryco01,30,ANA,RW,82,34,28,62,2,68,8.9,22,12,0,6,16,12,0,215,15.8,1452,17:42,36,104,2,8,20,2016
631,Brett Pesce\pescebr01,21,CAR,D,69,4,12,16,-7,16,3.6,3,1,0,1,8,4,0,85,4.7,1295,18:46,83,30,0,1,0,2016
632,Nic Petan\petanni01,20,WPG,LW,26,2,4,6,2,10,0.5,2,0,0,0,3,1,0,25,8,305,11:45,4,7,12,9,57.1,2016
633,Alexander Petrovic\petroal01,23,FLA,D,66,2,15,17,17,90,4.2,2,0,0,0,14,0,1,53,3.8,1119,16:57,76,157,0,0,,2016
634,Jeff Petry\petryje01,28,MTL,D,51,5,11,16,-6,16,2.8,4,1,0,2,4,4,3,98,5.1,1089,21:21,73,86,1,0,100,2016
635,Dion Phaneuf\phanedi01,30,TOT,D,71,4,28,32,-7,90,4.7,4,0,0,0,17,9,2,144,2.8,1587,22:21,89,168,0,0,,2016
635,Dion Phaneuf\phanedi01,30,TOR,D,51,3,21,24,-4,67,3.9,3,0,0,0,14,7,0,116,2.6,1123,22:02,62,120,0,0,,2016
635,Dion Phaneuf\phanedi01,30,OTT,D,20,1,7,8,-3,23,0.9,1,0,0,0,3,2,2,28,3.6,463,23:10,27,48,0,0,,2016
636,Blake Pietila\pietibl01,22,NJD,LW,7,1,1,2,0,2,0.2,1,0,0,0,1,0,0,10,10,84,12:02,3,19,0,0,,2016
637,Alex Pietrangelo\pietral01,26,STL,D,73,7,30,37,10,20,7.9,6,1,0,1,25,4,1,182,3.8,1920,02:18,136,48,0,0,,2016
638,Brandon Pirri\pirribr01,24,TOT,C,61,14,15,29,-4,30,3.2,11,3,0,3,8,7,0,128,10.9,886,14:31,14,66,66,77,46.2,2016
638,Brandon Pirri\pirribr01,24,FLA,C,52,11,13,24,-4,30,2.4,8,3,0,2,8,5,0,111,9.9,771,14:50,11,55,66,75,46.8,2016
638,Brandon Pirri\pirribr01,24,ANA,C,9,3,2,5,0,0,0.7,3,0,0,1,0,2,0,17,17.6,115,12:44,3,11,0,2,0,2016
639,Tomas Plekanec\plekato01,33,MTL,C,82,14,40,54,4,36,5.2,13,1,0,1,28,12,0,189,7.4,1520,18:32,46,60,804,811,49.8,2016
640,Sergei Plotnikov\plotnse01,25,TOT,LW,45,0,3,3,-3,24,-0.6,0,0,0,0,3,0,0,41,0,445,09:53,10,107,1,1,50,2016
640,Sergei Plotnikov\plotnse01,25,PIT,LW,32,0,2,2,-3,20,-0.5,0,0,0,0,2,0,0,32,0,310,09:41,3,65,1,1,50,2016
640,Sergei Plotnikov\plotnse01,25,ARI,LW,13,0,1,1,0,4,-0.1,0,0,0,0,1,0,0,9,0,135,10:22,7,42,0,0,,2016
641,Emile Poirier\poiriem01,21,CGY,LW,2,0,0,0,-1,2,-0.1,0,0,0,0,0,0,0,3,0,28,13:54,1,4,0,0,,2016
642,Roman Polak\polakro01,29,TOT,D,79,1,15,16,6,72,3.9,1,0,0,0,15,0,0,91,1.1,1513,19:09,146,303,1,0,100,2016
642,Roman Polak\polakro01,29,TOR,D,55,1,12,13,8,56,3.4,1,0,0,0,12,0,0,56,1.8,1086,19:44,102,220,1,0,100,2016
642,Roman Polak\polakro01,29,SJS,D,24,0,3,3,-2,16,0.5,0,0,0,0,3,0,0,35,0,428,17:49,44,83,0,0,,2016
643,Jason Pominville\pominja01,33,MIN,RW,75,11,25,36,10,12,3.8,8,3,0,2,18,7,0,187,5.9,1227,16:22,31,31,37,45,45.1,2016
644,Chris Porter\portech01,31,MIN,LW,61,4,3,7,-6,6,0.1,4,0,0,0,3,0,0,45,8.9,588,09:38,12,157,0,1,0,2016
645,Kevin Porter\porteke01,29,PIT,C,41,0,3,3,-2,0,-0.6,0,0,0,0,3,0,0,34,0,464,11:19,25,96,44,43,50.6,2016
646,Paul Postma\postmpa01,26,WPG,D,26,2,0,2,-3,4,0.4,2,0,0,0,0,0,0,24,8.3,298,11:27,14,13,0,0,,2016
647,Corey Potter\potteco01,32,NSH,D,1,0,0,0,0,0,0,0,0,0,0,0,0,0,0,,15,14:44,1,0,0,0,,2016
648,Benoit Pouliot\poulibe01,29,EDM,LW,55,14,22,36,-6,30,4,8,5,1,0,18,4,0,109,12.8,883,16:03,25,35,20,29,40.8,2016
649,Derrick Pouliot\poulide01,22,PIT,D,22,0,7,7,4,2,1.3,0,0,0,0,7,0,0,25,0,340,15:27,18,16,0,0,,2016
650,Shane Prince\princsh01,23,TOT,LW,62,6,11,17,5,10,1.6,6,0,0,1,11,0,0,88,6.8,696,11:14,14,24,4,1,80,2016
650,Shane Prince\princsh01,23,OTT,LW,42,3,9,12,2,6,1,3,0,0,1,9,0,0,62,4.8,446,10:38,9,16,2,1,66.7,2016
650,Shane Prince\princsh01,23,NYI,LW,20,3,2,5,3,4,0.6,3,0,0,0,2,0,0,26,11.5,250,12:30,5,8,2,0,100,2016
651,Nate Prosser\prossna01,29,MIN,D,54,0,3,3,1,39,1.1,0,0,0,0,2,0,1,20,0,615,11:23,73,34,0,0,,2016
652,Dalton Prout\proutda01,25,CBJ,D,64,3,6,9,-6,102,1.6,3,0,0,0,6,0,0,69,4.3,1035,16:10,70,139,0,1,0,2016
653,Brandon Prust\prustbr01,31,VAN,LW,35,1,6,7,-3,59,0.1,1,0,0,1,6,0,0,19,5.3,447,12:47,15,40,6,5,54.5,2016
654,Matt Puempel\puempma01,23,OTT,LW,26,2,1,3,-3,9,-0.1,2,0,0,1,1,0,0,26,7.7,295,11:20,10,18,1,1,50,2016
655,Teemu Pulkkinen\pulkkte01,24,DET,LW,36,6,6,12,2,14,1.4,5,1,0,1,4,2,0,65,9.2,416,11:34,8,5,0,1,0,2016
656,Ryan Pulock\pulocry01,21,NYI,D,15,2,2,4,1,5,1,2,0,0,0,2,0,0,15,13.3,236,15:44,11,13,0,0,,2016
657,Teddy Purcell\purcete01,30,TOT,RW,76,14,29,43,-11,12,3.9,12,2,0,2,20,8,1,149,9.4,1279,16:50,15,31,2,4,33.3,2016
657,Teddy Purcell\purcete01,30,EDM,RW,61,11,21,32,-9,10,2.8,9,2,0,2,17,3,1,130,8.5,1064,17:27,14,27,1,4,20,2016
657,Teddy Purcell\purcete01,30,FLA,RW,15,3,8,11,-2,2,1.1,3,0,0,0,3,5,0,19,15.8,215,14:19,1,4,1,0,100,2016
658,Mark Pysyk\pysykma01,24,BUF,D,55,1,10,11,-1,32,2.4,1,0,0,0,8,1,1,44,2.3,875,15:54,49,37,0,0,,2016
659,Kyle Quincey\quincky01,30,DET,D,47,4,7,11,1,36,2.8,4,0,0,2,7,0,0,62,6.5,929,19:46,62,49,0,0,,2016
660,Alan Quine\quineal01,22,NYI,C,2,1,0,1,0,0,0.2,0,0,1,0,0,0,0,5,20,36,17:46,3,3,16,10,61.5,2016
661,Michael Raffl\rafflmi01,27,PHI,LW,82,13,18,31,9,30,3.4,12,1,0,4,17,1,0,132,9.8,1173,14:18,34,135,33,49,40.2,2016
662,Rickard Rakell\rakelri01,22,ANA,C,72,20,23,43,-1,19,5.4,16,4,0,7,17,6,0,169,11.8,1157,16:04,30,121,197,254,43.7,2016
663,John Ramage\ramagjo01,24,CBJ,D,1,0,0,0,-2,0,-0.2,0,0,0,0,0,0,0,0,,14,14:09,4,0,0,0,,2016
664,Tyler Randell\randety01,24,BOS,RW,27,6,0,6,-2,47,0.9,6,0,0,1,0,0,0,18,33.3,189,06:59,8,39,0,0,,2016
665,Mikko Rantanen\rantami01,19,COL,RW,9,0,0,0,-7,2,-0.4,0,0,0,0,0,0,0,9,0,81,08:57,11,0,13,11,54.2,2016
666,Victor Rask\raskvi01,22,CAR,C,80,21,27,48,-6,24,5.6,16,5,0,5,14,13,0,160,13.1,1359,16:59,34,32,479,456,51.2,2016
667,Dennis Rasmussen\rasmude01,25,CHI,C,44,4,5,9,9,4,1.2,4,0,0,1,5,0,0,42,9.5,403,09:10,20,36,144,163,46.9,2016
668,Ty Rattie\rattity01,22,STL,RW,13,4,2,6,1,4,1,4,0,0,0,2,0,0,16,25,121,09:17,2,6,0,0,,2016
669,Kyle Rau\rauky01,23,FLA,C,9,0,0,0,-1,2,-0.2,0,0,0,0,0,0,0,15,0,113,12:35,3,4,0,0,,2016
670,Mason Raymond\raymoma01,30,CGY,LW,29,4,1,5,-3,8,0.2,4,0,0,0,1,0,0,53,7.5,358,12:20,7,12,3,4,42.9,2016
671,Matt Read\readma01,29,PHI,RW,79,11,15,26,-5,27,1.9,9,2,0,2,10,5,0,127,8.7,1205,15:15,60,81,24,26,48,2016
672,Ryan Reaves\reavery01,29,STL,RW,64,3,1,4,-6,68,-0.3,3,0,0,0,1,0,0,31,9.7,514,08:02,10,206,1,1,50,2016
673,Zach Redmond\redmoza01,27,COL,D,37,2,4,6,5,10,1.7,1,1,0,0,4,0,0,22,9.1,436,11:47,39,47,0,0,,2016
674,Brent Regner\regnebr01,26,FLA,D,7,0,0,0,-2,4,-0.1,0,0,0,0,0,0,0,7,0,81,11:35,7,4,0,0,,2016
675,Mike Reilly\reillmi01,22,MIN,D,29,1,6,7,-4,8,0.9,1,0,0,0,4,2,0,27,3.7,350,12:05,23,3,0,0,,2016
676,Griffin Reinhart\reinhgr01,22,EDM,D,29,0,1,1,-6,20,0.2,0,0,0,0,1,0,0,24,0,524,18:04,46,62,0,0,,2016
677,Sam Reinhart\reinhsa01,20,BUF,C,79,23,19,42,-8,8,5.2,15,8,0,3,17,2,0,165,13.9,1330,16:50,26,26,36,72,33.3,2016
678,Borna Rendulic\rendubo01,23,COL,RW,3,0,0,0,-2,0,-0.1,0,0,0,0,0,0,0,1,0,23,07:32,3,1,0,3,0,2016
679,Mike Ribeiro\ribeimi01,35,NSH,C,81,7,43,50,11,62,4.6,5,2,0,0,30,13,0,76,9.2,1413,17:27,20,61,288,472,37.9,2016
680,Brad Richards\richabr01,35,DET,C,68,10,18,28,4,8,2.8,6,4,0,1,8,10,0,164,6.1,1006,14:48,12,16,124,126,49.6,2016
681,Mike Richards\richami02,30,WSH,C,39,2,3,5,-2,8,-0.1,2,0,0,1,3,0,0,46,4.3,475,12:11,19,39,235,240,49.5,2016
682,Brad Richardson\richabr02,30,ARI,RW,82,11,20,31,8,46,2.9,11,0,0,3,20,0,0,117,9.4,1281,15:37,53,57,523,438,54.4,2016
683,Tobias Rieder\riedeto01,23,ARI,RW,82,14,23,37,-21,10,2.5,12,2,0,1,16,6,1,189,7.4,1419,17:18,43,54,10,19,34.5,2016
684,Morgan Rielly\riellmo01,21,TOR,D,82,9,27,36,-17,28,5.6,6,2,1,0,21,6,0,167,5.4,1905,23:14,122,58,0,0,,2016
685,Zac Rinaldo\rinalza01,25,BOS,C,52,1,2,3,-5,83,-0.5,1,0,0,0,2,0,0,38,2.6,431,08:18,15,154,0,1,0,2016
686,Rasmus Ristolainen\ristora01,21,BUF,D,82,9,32,41,-21,33,6.7,5,4,0,1,15,17,0,202,4.5,2073,01:17,137,139,0,0,,2016
687,Brett Ritchie\ritchbr01,22,DAL,RW,8,0,1,1,-3,7,-0.2,0,0,0,0,1,0,0,15,0,93,11:36,3,30,0,0,,2016
688,Nick Ritchie\ritchni01,20,ANA,LW,33,2,2,4,-2,37,0,2,0,0,0,2,0,0,55,3.6,388,11:46,10,93,1,2,33.3,2016
689,Buddy Robinson\robinbu01,24,OTT,RW,3,1,1,2,2,4,0.4,1,0,0,1,1,0,0,5,20,26,08:36,1,11,0,1,0,2016
690,Evan Rodrigues\rodriev01,22,BUF,C,2,1,1,2,2,0,0.4,1,0,0,0,1,0,0,8,12.5,24,11:45,0,3,0,0,,2016
691,Antoine Roussel\roussan01,26,DAL,LW,80,13,16,29,11,123,3.2,13,0,0,6,14,1,1,111,11.7,1109,13:51,58,123,15,20,42.9,2016
692,Michal Rozsival\rozsimi01,37,CHI,D,51,1,12,13,3,33,2.5,1,0,0,0,9,2,1,41,2.4,824,16:10,63,81,0,0,,2016
693,Chad Ruhwedel\ruhwech01,25,BUF,D,1,0,0,0,0,2,0,0,0,0,0,0,0,0,1,0,16,15:30,2,3,0,0,,2016
694,David Rundblad\rundbda01,25,CHI,D,9,0,2,2,-2,6,0.2,0,0,0,0,0,2,0,13,0,129,14:22,3,3,0,0,,2016
695,Kris Russell\russekr01,28,TOT,D,62,4,15,19,-5,10,2.8,2,2,0,1,13,2,0,70,5.7,1431,23:05,210,40,0,1,0,2016
695,Kris Russell\russekr01,28,CGY,D,51,4,11,15,-4,8,2.4,2,2,0,1,11,0,0,56,7.1,1166,22:52,174,31,0,1,0,2016
695,Kris Russell\russekr01,28,DAL,D,11,0,4,4,-1,2,0.5,0,0,0,0,2,2,0,14,0,264,00:02,36,9,0,0,,2016
696,Bryan Rust\rustbr01,23,PIT,RW,41,4,7,11,1,12,0.8,4,0,0,1,6,1,0,68,5.9,512,12:30,23,62,1,3,25,2016
697,Tuomo Ruutu\ruututu01,32,NJD,LW,33,0,1,1,-7,8,-0.7,0,0,0,0,1,0,0,34,0,380,11:30,8,63,2,3,40,2016
698,Bobby Ryan\ryanbo01,28,OTT,RW,81,22,34,56,-9,28,6,16,6,0,2,24,10,0,183,12,1391,17:10,24,106,3,8,27.3,2016
699,Derek Ryan\ryande01,29,CAR,C,6,2,0,2,1,2,0.4,1,1,0,0,0,0,0,5,40,73,12:12,0,2,35,24,59.3,2016
700,Kerby Rychel\rycheke01,21,CBJ,LW,32,2,7,9,5,15,0.9,2,0,0,0,7,0,0,32,6.3,304,09:31,9,39,1,2,33.3,2016
701,Brandon Saad\saadbr01,23,CBJ,LW,78,31,22,53,1,14,7.2,25,6,0,7,19,2,1,233,13.3,1343,17:13,25,43,19,15,55.9,2016
702,Miikka Salomaki\salommi01,22,NSH,RW,61,5,5,10,-1,28,0.4,5,0,0,1,4,0,1,61,8.2,732,12:00,30,164,2,1,66.7,2016
703,Philip Samuelsson\samueph01,24,ARI,D,4,0,0,0,0,2,0,0,0,0,0,0,0,0,5,0,64,15:53,11,3,0,0,,2016
704,Steven Santini\santist01,20,NJD,D,1,0,0,0,2,2,0.2,0,0,0,0,0,0,0,1,0,15,14:35,2,0,0,0,,2016
705,Mike Santorelli\santomi01,30,ANA,C,70,9,9,18,-4,8,1.9,8,1,0,1,7,2,0,81,11.1,706,10:06,20,28,75,83,47.5,2016
706,David Savard\savarda01,25,CBJ,D,65,4,21,25,-7,45,3.8,3,1,0,0,16,4,1,122,3.3,1506,23:10,111,122,0,0,,2016
707,Luca Sbisa\sbisalu01,26,VAN,D,41,2,6,8,5,26,2.4,2,0,0,1,5,0,1,29,6.9,712,17:23,58,71,0,0,,2016
708,Marco Scandella\scandma01,25,MIN,D,73,5,16,21,6,22,5,3,2,0,0,14,1,1,126,4,1511,20:42,105,66,0,0,,2016
709,Colton Sceviour\scevico01,26,DAL,C,71,11,12,23,6,21,2.4,10,1,0,1,9,2,1,125,8.8,900,12:40,52,71,9,15,37.5,2016
710,Tim Schaller\schalti01,25,BUF,C,17,1,2,3,3,2,0.4,0,0,1,1,2,0,0,18,5.6,142,08:19,9,13,40,73,35.4,2016
711,Mark Scheifele\scheima01,22,WPG,C,71,29,32,61,16,48,8.6,22,7,0,3,28,4,0,194,14.9,1317,18:33,36,53,515,651,44.2,2016
712,Brayden Schenn\schenbr01,24,PHI,C,80,26,33,59,3,33,7.4,15,11,0,5,22,11,0,178,14.6,1352,16:54,30,187,52,64,44.8,2016
713,Luke Schenn\schenlu01,26,TOT,D,72,4,12,16,-2,82,3.3,3,1,0,0,12,0,0,76,5.3,1265,17:34,106,234,1,1,50,2016
713,Luke Schenn\schenlu01,26,LAK,D,43,2,9,11,5,52,2.6,1,1,0,0,9,0,0,57,3.5,755,17:34,66,163,0,0,,2016
713,Luke Schenn\schenlu01,26,PHI,D,29,2,3,5,-7,30,0.6,2,0,0,0,3,0,0,19,10.5,510,17:35,40,71,1,1,50,2016
714,David Schlemko\schleda01,28,NJD,D,67,6,13,19,-22,16,3.1,5,1,0,3,2,11,0,104,5.8,1249,18:39,88,47,0,0,,2016
715,Nate Schmidt\schmina01,24,WSH,D,72,2,14,16,12,16,4,2,0,0,1,14,0,0,80,2.5,1301,18:04,111,69,0,0,,2016
716,Cole Schneider\schneco02,25,BUF,LW,2,0,0,0,0,0,0,0,0,0,0,0,0,0,5,0,25,12:38,0,3,0,0,,2016
717,Jordan Schroeder\schrojo01,25,MIN,C,26,2,2,4,2,2,0.4,2,0,0,0,2,0,0,30,6.7,245,09:25,13,15,1,2,33.3,2016
718,Jeff Schultz\schulje02,29,LAK,D,1,0,0,0,-1,0,-0.1,0,0,0,0,0,0,0,1,0,18,18:15,2,0,0,0,,2016
719,Justin Schultz\schulju01,25,TOT,D,63,4,14,18,-15,16,2.3,2,2,0,0,8,6,0,82,4.9,1162,18:27,72,36,0,2,0,2016
719,Justin Schultz\schulju01,25,EDM,D,45,3,7,10,-22,14,0.6,2,1,0,0,2,5,0,59,5.1,906,20:08,66,29,0,2,0,2016
719,Justin Schultz\schulju01,25,PIT,D,18,1,7,8,7,2,1.8,0,1,0,0,6,1,0,23,4.3,256,14:14,6,7,0,0,,2016
720,Nick Schultz\schulni01,33,PHI,D,81,1,9,10,-1,42,2.5,1,0,0,0,9,0,0,70,1.4,1454,17:57,174,85,1,0,100,2016
721,Jaden Schwartz\schwaja01,23,STL,LW,33,8,14,22,8,8,2.8,7,1,0,1,10,4,0,63,12.7,568,17:12,21,26,15,17,46.9,2016
722,John Scott\scottjo01,33,TOT,LW,12,0,1,1,-1,27,-0.1,0,0,0,0,1,0,0,6,0,78,06:32,3,23,0,0,,2016
722,John Scott\scottjo01,33,ARI,LW,11,0,1,1,0,25,0,0,0,0,0,1,0,0,6,0,69,06:18,3,20,0,0,,2016
722,John Scott\scottjo01,33,MTL,LW,1,0,0,0,-1,2,-0.1,0,0,0,0,0,0,0,0,,9,09:01,0,3,0,0,,2016
723,Rob Scuderi\scudero01,37,TOT,D,63,0,10,10,7,10,2.5,0,0,0,0,9,0,1,35,0,996,15:49,75,31,0,1,0,2016
723,Rob Scuderi\scudero01,37,PIT,D,25,0,4,4,4,8,1.1,0,0,0,0,3,0,1,9,0,427,17:05,32,10,0,1,0,2016
723,Rob Scuderi\scudero01,37,LAK,D,21,0,6,6,9,2,1.8,0,0,0,0,6,0,0,12,0,380,18:07,33,14,0,0,,2016
723,Rob Scuderi\scudero01,37,CHI,D,17,0,0,0,-6,0,-0.3,0,0,0,0,0,0,0,14,0,189,11:06,10,7,0,0,,2016
724,Brent Seabrook\seabrbr01,30,CHI,D,81,14,35,49,6,32,9.2,8,6,0,3,16,19,0,167,8.4,1849,22:49,150,121,0,0,,2016
725,Daniel Sedin\sedinda01,35,VAN,LW,82,28,33,61,7,36,8,20,8,0,6,21,11,1,258,10.9,1503,18:20,19,20,5,14,26.3,2016
726,Henrik Sedin\sedinhe01,35,VAN,C,74,11,44,55,0,24,5.4,5,5,1,0,29,15,0,99,11.1,1360,18:23,19,9,620,727,46,2016
727,Tyler Seguin\seguity01,24,DAL,C,72,33,40,73,2,16,9.6,26,7,0,6,23,17,0,278,11.9,1400,19:27,27,80,470,376,55.6,2016
728,Dennis Seidenberg\seidede01,34,BOS,D,61,1,11,12,-1,24,2,1,0,0,0,10,1,0,66,1.5,1183,19:24,120,127,0,0,,2016
729,Jiri Sekac\sekacji01,23,TOT,LW,39,1,5,6,-5,16,-0.1,0,1,0,0,4,1,0,49,2,455,11:40,18,50,2,2,50,2016
729,Jiri Sekac\sekacji01,23,ANA,LW,22,1,2,3,0,4,0.1,0,1,0,0,1,1,0,29,3.4,268,12:11,10,18,0,2,0,2016
729,Jiri Sekac\sekacji01,23,ARI,LW,11,0,2,2,-4,10,-0.2,0,0,0,0,2,0,0,9,0,127,11:30,8,25,2,0,100,2016
729,Jiri Sekac\sekacji01,23,CHI,LW,6,0,1,1,-1,2,0,0,0,0,0,1,0,0,11,0,60,10:04,0,7,0,0,,2016
730,Andrej Sekera\sekeran01,29,EDM,D,81,6,24,30,-15,12,4.7,4,2,0,2,11,12,1,155,3.9,1769,21:50,156,60,0,0,,2016
731,Eric Selleck\selleer01,28,ARI,RW,1,0,0,0,0,5,0,0,0,0,0,0,0,0,1,0,10,09:33,0,3,0,0,,2016
732,Alexander Semin\seminal01,31,MTL,LW,15,1,3,4,1,12,0.3,1,0,0,0,3,0,0,18,5.6,185,12:20,4,6,1,0,100,2016
733,Tom Sestito\sestito01,28,PIT,LW,4,0,1,1,1,19,0.1,0,0,0,0,1,0,0,1,0,23,05:48,1,13,0,0,,2016
734,Damon Severson\severda01,21,NJD,D,72,1,20,21,-8,32,4,1,0,0,0,15,5,0,94,1.1,1308,18:10,41,66,0,0,,2016
735,Michael Sgarbossa\sgarbmi01,23,ANA,C,1,0,0,0,0,0,0,0,0,0,0,0,0,0,0,,8,08:21,2,0,2,2,50,2016
736,Patrick Sharp\sharppa01,34,DAL,LW,76,20,35,55,-3,27,5.9,13,7,0,6,18,17,0,226,8.8,1339,17:37,24,76,16,17,48.5,2016
737,Kevin Shattenkirk\shattke01,27,STL,D,72,14,30,44,-14,51,7.1,8,6,0,1,9,20,1,180,7.8,1614,22:25,113,82,0,0,,2016
738,Andrew Shaw\shawan01,24,CHI,RW,78,14,20,34,11,69,3.9,10,4,0,2,16,4,0,153,9.2,1143,14:39,21,148,146,168,46.5,2016
739,Logan Shaw\shawlo01,24,FLA,RW,53,5,2,7,-7,13,-0.1,4,1,0,1,2,0,0,72,6.9,649,12:14,20,88,16,21,43.2,2016
740,Riley Sheahan\sheahri01,24,DET,C,81,14,11,25,-8,12,2.1,10,3,1,2,10,1,0,128,10.9,1234,15:14,40,72,358,424,45.8,2016
741,Conor Sheary\shearco01,23,PIT,LW,44,7,3,10,-1,8,1.1,7,0,0,0,3,0,0,51,13.7,429,09:45,5,15,1,7,12.5,2016
742,Hunter Shinkaruk\shinkhu01,21,TOT,C,8,2,1,3,-4,2,0.2,1,1,0,0,0,1,0,12,16.7,120,14:58,3,9,0,1,0,2016
742,Hunter Shinkaruk\shinkhu01,21,CGY,C,7,2,1,3,-4,2,0.2,1,1,0,0,0,1,0,12,16.7,110,15:44,3,8,0,1,0,2016
742,Hunter Shinkaruk\shinkhu01,21,VAN,C,1,0,0,0,0,0,0,0,0,0,0,0,0,0,0,,10,09:35,0,1,0,0,,2016
743,Devin Shore\shorede01,21,DAL,C,3,0,0,0,2,0,0,0,0,0,0,0,0,0,1,0,36,12:07,0,2,0,1,0,2016
744,Drew Shore\shoredr01,25,CGY,C,2,0,1,1,0,2,0.1,0,0,0,0,1,0,0,3,0,28,14:00,1,0,4,6,40,2016
745,Nick Shore\shoreni01,23,LAK,C,68,3,7,10,-10,32,-0.4,3,0,0,1,5,2,0,90,3.3,844,12:24,17,97,384,357,51.8,2016
746,Patrick Sieloff\sielopa01,21,CGY,D,1,1,0,1,1,2,0.3,1,0,0,1,0,0,0,1,100,18,17:59,2,3,0,0,,2016
747,Jakob Silfverberg\silfvja01,25,ANA,RW,82,20,19,39,8,32,5,18,2,0,2,16,2,1,215,9.3,1392,16:58,58,87,4,16,20,2016
748,Zach Sill\sillza01,27,WSH,C,10,1,0,1,0,2,0.1,1,0,0,0,0,0,0,13,7.7,99,09:56,6,20,33,44,42.9,2016
749,Wayne Simmonds\simmowa01,27,PHI,RW,81,32,28,60,-7,147,7.6,19,13,0,5,20,8,0,229,14,1396,17:14,44,192,5,2,71.4,2016
750,Dominik Simon\simondo01,21,PIT,C,3,0,1,1,0,0,0.1,0,0,0,0,1,0,0,2,0,18,06:04,1,1,0,0,,2016
751,Mike Sislo\sislomi01,28,NJD,RW,18,3,1,4,-2,4,0.4,2,1,0,0,1,0,0,29,10.3,224,12:26,6,25,0,2,0,2016
752,Colton Sissons\sissoco01,22,NSH,C,34,4,2,6,5,12,0.8,4,0,0,0,2,0,0,25,16,339,09:58,20,35,141,111,56,2016
753,Jack Skille\skillja01,28,COL,RW,74,8,6,14,-4,11,1.2,8,0,0,0,6,0,0,106,7.5,654,08:50,25,97,4,15,21.1,2016
754,Jeff Skinner\skinnje01,23,CAR,LW,82,28,23,51,-2,38,7,24,4,0,7,20,3,0,258,10.9,1336,16:17,17,21,20,27,42.6,2016
755,Brady Skjei\skjeibr01,21,NYR,D,7,0,0,0,1,4,0.1,0,0,0,0,0,0,0,6,0,124,17:44,11,11,0,0,,2016
756,Jaccob Slavin\slavija01,21,CAR,D,63,2,18,20,1,8,4.5,2,0,0,0,13,4,1,84,2.4,1322,20:59,119,41,0,0,,2016
757,Anton Slepyshev\slepyan01,21,EDM,RW,11,0,1,1,-5,2,-0.2,0,0,0,0,1,0,0,5,0,96,08:41,1,13,1,0,100,2016
758,Ladislav Smid\smidla01,29,CGY,D,22,0,0,0,-7,6,-0.5,0,0,0,0,0,0,0,11,0,255,11:35,33,39,0,0,,2016
759,Ben Smith\smithbe01,27,TOT,RW,22,2,4,6,2,0,0.5,2,0,0,1,4,0,0,17,11.8,266,12:06,16,18,100,85,54.1,2016
759,Ben Smith\smithbe01,27,TOR,RW,16,2,4,6,3,0,0.6,2,0,0,1,4,0,0,16,12.5,230,14:23,15,13,95,73,56.5,2016
759,Ben Smith\smithbe01,27,SJS,RW,6,0,0,0,-1,0,-0.1,0,0,0,0,0,0,0,1,0,36,05:59,1,5,5,12,29.4,2016
760,Brendan Smith\smithbr05,26,DET,D,63,3,12,15,1,62,3.4,2,1,0,0,12,0,0,82,3.7,1109,17:36,42,94,0,0,,2016
761,Craig Smith\smithcr01,26,NSH,RW,82,21,16,37,4,40,4.7,19,2,0,6,13,3,0,199,10.6,1245,15:11,18,84,76,154,33,2016
762,Reilly Smith\smithre01,24,FLA,RW,82,25,25,50,19,31,6.6,20,5,0,3,18,6,1,173,14.5,1526,18:37,39,85,0,2,0,2016
763,Zack Smith\smithza01,27,OTT,C,81,25,11,36,16,80,5.4,16,4,5,4,9,1,1,121,20.7,1247,15:24,26,175,380,349,52.1,2016
764,Devante Smith-Pelly\smithde06,23,TOT,RW,64,14,11,25,-3,30,3.1,14,0,0,5,10,1,0,94,14.9,787,12:18,23,105,2,3,40,2016
764,Devante Smith-Pelly\smithde06,23,MTL,RW,46,6,6,12,-2,22,1.1,6,0,0,3,6,0,0,60,10,506,11:00,15,85,0,2,0,2016
764,Devante Smith-Pelly\smithde06,23,NJD,RW,18,8,5,13,-1,8,2,8,0,0,2,4,1,0,34,23.5,280,15:35,8,20,2,1,66.7,2016
765,Carl Soderberg\soderca01,30,COL,C,82,12,39,51,-7,32,4.3,8,3,1,0,27,11,1,163,7.4,1477,18:01,71,27,338,381,47,2016
766,Nikita Soshnikov\soshnni01,22,TOR,RW,11,2,3,5,-4,6,0.3,1,1,0,0,3,0,0,33,6.1,172,15:37,6,34,0,1,0,2016
767,Nick Spaling\spalini01,27,TOT,C,58,3,10,13,-2,24,0.4,3,0,0,0,10,0,0,53,5.7,828,14:17,45,65,309,292,51.4,2016
767,Nick Spaling\spalini01,27,TOR,C,35,1,6,7,-7,18,-0.3,1,0,0,0,6,0,0,32,3.1,534,15:16,29,44,259,249,51,2016
767,Nick Spaling\spalini01,27,SJS,C,23,2,4,6,5,6,0.6,2,0,0,0,4,0,0,21,9.5,294,12:47,16,21,50,43,53.8,2016
768,Jason Spezza\spezzja01,32,DAL,C,75,33,30,63,4,22,8.8,24,9,0,7,15,15,0,202,16.3,1239,16:31,20,9,538,443,54.8,2016
769,Ryan Spooner\spoonry01,24,BOS,C,80,13,36,49,-9,35,4.5,7,6,0,4,25,11,0,162,8,1211,15:08,19,53,304,407,42.8,2016
770,Daniel Sprong\spronda01,18,PIT,RW,18,2,0,2,-1,0,0.1,2,0,0,0,0,0,0,23,8.7,157,08:44,3,14,1,1,50,2016
771,Jared Spurgeon\spurgja01,26,MIN,D,77,11,18,29,11,14,7.2,6,5,0,2,7,8,3,122,9,1746,22:41,157,51,0,0,,2016
772,Eric Staal\staaler01,31,TOT,C,83,13,26,39,-3,34,3.4,12,1,0,0,20,6,0,199,6.5,1540,18:33,33,74,446,396,53,2016
772,Eric Staal\staaler01,31,CAR,C,63,10,23,33,-4,32,3,9,1,0,0,17,6,0,159,6.3,1215,19:17,22,55,323,278,53.7,2016
772,Eric Staal\staaler01,31,NYR,C,20,3,3,6,1,2,0.5,3,0,0,0,3,0,0,40,7.5,325,16:15,11,19,123,118,51,2016
773,Jordan Staal\staaljo01,27,CAR,C,82,20,28,48,6,34,5.8,14,6,0,4,22,4,2,151,13.2,1501,18:18,31,165,806,589,57.8,2016
774,Marc Staal\staalma01,29,NYR,D,77,2,13,15,2,36,2.8,2,0,0,1,13,0,0,65,3.1,1515,19:41,120,65,1,3,25,2016
775,Drew Stafford\staffdr01,30,WPG,RW,78,21,17,38,-23,28,3.3,14,6,1,6,12,3,2,187,11.2,1394,17:52,15,59,51,50,50.5,2016
776,Matt Stajan\stajama01,32,CGY,C,80,6,11,17,-4,52,0.5,4,0,2,0,10,0,1,58,10.3,1016,12:42,45,77,373,415,47.3,2016
777,Viktor Stalberg\stalbvi01,30,NYR,LW,75,9,11,20,6,22,1.8,9,0,0,0,11,0,0,125,7.2,915,12:12,33,144,2,4,33.3,2016
778,Steven Stamkos\stamkst01,25,TBL,C,77,36,28,64,3,38,9.2,21,14,1,8,17,9,2,216,16.7,1521,19:45,35,109,463,464,49.9,2016
779,Ryan Stanton\stantry01,26,WSH,D,1,0,0,0,-1,2,-0.1,0,0,0,0,0,0,0,0,,9,08:41,0,0,0,0,,2016
780,Paul Stastny\stastpa01,30,STL,C,64,10,39,49,3,26,4.9,8,2,0,2,27,12,0,103,9.7,1226,19:09,40,32,684,536,56.1,2016
781,Alex Steen\steenal01,31,STL,LW,67,17,35,52,3,48,5.8,14,2,1,2,16,19,0,172,9.9,1365,20:22,35,50,159,198,44.5,2016
782,Lee Stempniak\stemple01,32,TOT,RW,82,19,32,51,4,38,6.1,15,3,1,4,23,9,0,146,13,1471,17:57,34,113,2,11,15.4,2016
782,Lee Stempniak\stemple01,32,NJD,RW,63,16,25,41,3,34,5.1,12,3,1,3,16,9,0,120,13.3,1180,18:44,28,85,2,8,20,2016
782,Lee Stempniak\stemple01,32,BOS,RW,19,3,7,10,1,4,1,3,0,0,1,7,0,0,26,11.5,291,15:20,6,28,0,3,0,2016
783,Derek Stepan\stepade01,25,NYR,C,72,22,31,53,5,20,6.4,14,5,3,5,22,9,0,192,11.5,1278,17:45,39,38,515,589,46.6,2016
784,Chandler Stephenson\stephch02,21,WSH,C,9,0,0,0,-3,2,-0.3,0,0,0,0,0,0,0,2,0,71,07:51,4,5,30,25,54.5,2016
785,Chris Stewart\stewach02,28,ANA,RW,56,8,12,20,2,73,2.4,7,1,0,1,8,4,0,78,10.3,605,10:48,10,72,3,6,33.3,2016
786,Jarret Stoll\stollja01,33,TOT,C,80,4,5,9,-1,36,-0.2,4,0,0,0,5,0,0,49,8.2,974,12:11,69,117,481,362,57.1,2016
786,Jarret Stoll\stollja01,33,MIN,C,51,3,3,6,-4,16,-0.1,3,0,0,0,3,0,0,23,13,575,11:16,48,59,323,247,56.7,2016
786,Jarret Stoll\stollja01,33,NYR,C,29,1,2,3,3,20,-0.2,1,0,0,0,2,0,0,26,3.8,400,13:47,21,58,158,115,57.9,2016
787,Mark Stone\stonema01,23,OTT,RW,75,23,38,61,-4,38,6.7,17,5,1,1,26,10,2,151,15.2,1508,20:06,54,55,8,11,42.1,2016
788,Michael Stone\stonemi01,25,ARI,D,75,6,30,36,-10,62,5.1,6,0,0,1,16,14,0,161,3.7,1687,22:29,143,137,0,2,0,2016
789,Clayton Stoner\stonecl01,30,ANA,D,50,1,5,6,4,67,2.2,1,0,0,0,4,0,1,32,3.1,768,15:22,55,123,0,0,,2016
790,Tyson Strachan\stracty01,31,MIN,D,2,0,0,0,1,0,0.1,0,0,0,0,0,0,0,0,,15,07:33,0,4,0,0,,2016
791,Brian Strait\straibr01,28,NYI,D,52,1,5,6,1,31,1.6,1,0,0,0,4,0,1,43,2.3,803,15:26,65,106,0,0,,2016
792,Anton Stralman\stralan01,29,TBL,D,73,9,25,34,16,20,7.9,8,1,0,0,14,11,0,127,7.1,1612,22:05,73,99,0,0,,2016
793,Ben Street\streebe01,28,COL,C,7,0,0,0,-1,4,-0.1,0,0,0,0,0,0,0,8,0,51,07:21,4,6,26,21,55.3,2016
794,Mark Streit\streima01,38,PHI,D,62,6,17,23,-1,18,4.4,4,2,0,1,11,6,0,110,5.5,1356,21:52,90,28,0,0,,2016
795,Ryan Strome\stromry01,22,NYI,RW,71,8,20,28,-9,28,1.8,7,1,0,0,17,3,0,132,6.1,1112,15:39,19,77,39,56,41.1,2016
796,Brad Stuart\stuarbr02,36,COL,D,6,0,0,0,-2,0,-0.1,0,0,0,0,0,0,0,0,,84,14:00,7,11,0,0,,2016
797,Mark Stuart\stuarma01,31,WPG,D,64,1,2,3,-7,66,0.5,1,0,0,0,1,0,1,39,2.6,1046,16:21,120,162,0,0,,2016
798,P.K. Subban\subbapk01,26,MTL,D,68,6,45,51,4,75,8.3,4,2,0,0,23,22,0,176,3.4,1793,02:22,80,102,0,0,,2016
799,Chris Summers\summech01,27,NYR,D,3,0,0,0,-2,4,-0.2,0,0,0,0,0,0,0,5,0,46,15:23,1,4,0,0,,2016
800,Oskar Sundqvist\sundqos01,21,PIT,C,18,1,3,4,0,4,0.2,0,0,1,1,3,0,0,13,7.7,186,10:19,5,18,64,75,46,2016
801,Andrej Sustr\sustran01,25,TBL,D,77,4,17,21,-2,30,4,4,0,0,1,17,0,0,65,6.2,1296,16:50,66,29,0,0,,2016
802,Ryan Suter\suterry01,31,MIN,D,82,8,43,51,10,30,10,4,3,1,2,24,18,1,188,4.3,2345,04:36,142,69,0,0,,2016
803,Brandon Sutter\suttebr03,26,VAN,C,20,5,4,9,3,2,1.2,3,1,1,2,4,0,0,45,11.1,360,17:59,10,12,146,132,52.5,2016
804,Brody Sutter\suttebr05,24,CAR,C,8,0,0,0,-4,0,-0.3,0,0,0,0,0,0,0,7,0,72,08:58,0,21,9,4,69.2,2016
805,Viktor Svedberg\svedbvi01,24,CHI,D,27,2,2,4,-5,4,0.6,2,0,0,0,2,0,0,40,5,425,15:45,28,11,0,0,,2016
806,Maxime Talbot\talboma01,31,BOS,C,38,2,5,7,-11,15,-0.2,2,0,0,1,4,1,0,29,6.9,426,11:13,28,66,164,181,47.5,2016
807,Brandon Tanev\tanevbr01,24,WPG,LW,3,0,0,0,0,2,-0.1,0,0,0,0,0,0,0,4,0,36,12:03,2,7,0,0,,2016
808,Chris Tanev\tanevch01,26,VAN,D,69,4,14,18,-8,8,3.6,2,2,0,0,12,1,1,42,9.5,1501,21:45,166,18,0,0,,2016
809,Eric Tangradi\tangrer01,26,DET,LW,1,0,0,0,0,0,0,0,0,0,0,0,0,0,0,,7,06:55,0,1,0,1,0,2016
810,Alex Tanguay\tangual01,36,TOT,LW,70,8,27,35,8,32,3.3,7,1,0,1,18,8,1,71,11.3,1105,15:47,36,22,3,2,60,2016
810,Alex Tanguay\tangual01,36,COL,LW,52,4,18,22,3,24,1.7,4,0,0,0,12,5,1,49,8.2,833,16:01,26,14,1,2,33.3,2016
810,Alex Tanguay\tangual01,36,ARI,LW,18,4,9,13,5,8,1.7,3,1,0,1,6,3,0,22,18.2,273,15:09,10,8,2,0,100,2016
811,Matt Taormina\taormma01,29,TBL,D,3,0,0,0,0,0,0,0,0,0,0,0,0,0,2,0,42,13:56,3,1,0,0,,2016
812,Vladimir Tarasenko\tarasvl01,24,STL,RW,80,40,34,74,7,37,10.8,28,12,0,7,22,12,0,292,13.7,1491,18:38,28,32,0,1,0,2016
813,Tomas Tatar\tatarto01,25,DET,LW,81,21,24,45,4,24,5.8,14,7,0,3,16,8,0,165,12.7,1162,14:21,18,74,6,18,25,2016
814,John Tavares\tavarjo01,25,NYI,C,78,33,37,70,6,38,9.3,26,7,0,5,25,12,0,250,13.2,1560,20:00,29,51,741,629,54.1,2016
815,Matt Tennyson\tennyma01,25,SJS,D,29,1,3,4,1,0,0.9,0,1,0,0,3,0,0,23,4.3,305,10:31,18,23,0,0,,2016
816,Teuvo Teravainen\teravte01,21,CHI,C,78,13,22,35,-2,20,3.3,11,2,0,3,14,7,1,136,9.6,1197,15:21,31,24,125,184,40.5,2016
817,Chris Terry\terrych01,26,CAR,LW,68,8,3,11,-12,16,0.6,8,0,0,0,3,0,0,78,10.3,767,11:16,21,82,1,8,11.1,2016
818,Shea Theodore\theodsh01,20,ANA,D,19,3,5,8,7,2,2.3,1,2,0,1,4,1,0,28,10.7,363,19:07,22,6,0,0,,2016
819,Christian Thomas\thomach01,23,TOT,LW,6,0,2,2,1,2,0.2,0,0,0,0,2,0,0,9,0,54,08:56,1,5,0,0,,2016
819,Christian Thomas\thomach01,23,MTL,LW,5,0,2,2,1,2,0.2,0,0,0,0,2,0,0,6,0,43,08:37,0,5,0,0,,2016
819,Christian Thomas\thomach01,23,ARI,LW,1,0,0,0,0,0,0,0,0,0,0,0,0,0,3,0,11,10:35,1,0,0,0,,2016
820,Nate Thompson\thompna01,31,ANA,C,49,3,3,6,-1,47,0.2,2,0,1,0,3,0,0,42,7.1,568,11:36,40,103,235,216,52.1,2016
821,Paul Thompson\thomppa02,27,NJD,RW,3,0,0,0,0,2,0,0,0,0,0,0,0,0,3,0,38,12:32,0,3,0,0,,2016
822,Chris Thorburn\thorbch01,32,WPG,RW,82,6,6,12,-1,81,0.6,5,0,1,2,6,0,0,70,8.6,830,10:07,32,146,68,54,55.7,2016
823,Joe Thornton\thornjo01,36,SJS,C,82,19,63,82,25,54,10,11,8,0,6,42,21,0,121,15.7,1506,18:22,30,48,399,353,53.1,2016
824,Shawn Thornton\thornsh01,38,FLA,LW,50,1,4,5,-2,80,-0.2,1,0,0,0,4,0,0,58,1.7,434,08:41,2,73,6,7,46.2,2016
825,Chris Tierney\tiernch01,21,SJS,C,79,7,13,20,-16,20,0.7,5,1,1,2,13,0,0,96,7.3,1042,13:12,39,24,368,437,45.7,2016
826,Viktor Tikhonov\tikhovi01,27,TOT,RW,50,3,3,6,-10,20,-0.4,1,2,0,1,3,0,0,41,7.3,572,11:26,25,54,45,71,38.8,2016
826,Viktor Tikhonov\tikhovi01,27,ARI,RW,39,3,3,6,-6,14,0,1,2,0,1,3,0,0,30,10,459,11:46,23,35,45,70,39.1,2016
826,Viktor Tikhonov\tikhovi01,27,CHI,RW,11,0,0,0,-4,6,-0.4,0,0,0,0,0,0,0,11,0,113,10:17,2,19,0,1,0,2016
827,Jarred Tinordi\tinorja01,23,TOT,D,10,0,0,0,-5,17,-0.3,0,0,0,0,0,0,0,3,0,143,14:18,11,22,0,0,,2016
827,Jarred Tinordi\tinorja01,23,ARI,D,7,0,0,0,-2,12,-0.1,0,0,0,0,0,0,0,3,0,104,14:49,7,17,0,0,,2016
827,Jarred Tinordi\tinorja01,23,MTL,D,3,0,0,0,-3,5,-0.2,0,0,0,0,0,0,0,0,,39,13:06,4,5,0,0,,2016
828,Jiri Tlusty\tlustji01,27,NJD,LW,30,2,2,4,-1,6,0.1,1,1,0,0,1,1,0,38,5.3,411,13:43,13,39,0,0,,2016
829,Jonathan Toews\toewsjo01,27,CHI,C,80,28,30,58,16,62,7.7,18,6,4,8,24,3,3,179,15.6,1540,19:15,38,81,921,652,58.6,2016
830,Tyler Toffoli\toffoty01,23,LAK,C,82,31,27,58,35,20,9.1,21,9,1,4,25,2,0,213,14.6,1420,17:19,19,70,0,4,0,2016
831,Sergey Tolchinsky\tolchse01,20,CAR,LW,2,0,1,1,1,0,0.1,0,0,0,0,1,0,0,1,0,24,11:48,0,1,0,1,0,2016
832,Jordin Tootoo\tootojo01,32,NJD,RW,66,4,5,9,-26,102,-0.6,2,2,0,0,2,3,0,90,4.4,761,11:32,18,99,0,2,0,2016
833,Vincent Trocheck\trochvi01,22,FLA,C,76,25,28,53,15,44,7.1,20,4,1,4,19,9,0,174,14.4,1351,17:46,41,125,547,559,49.5,2016
834,Zach Trotman\trotmza01,25,BOS,D,38,2,5,7,3,22,1.7,2,0,0,0,5,0,0,60,3.3,705,18:33,49,71,0,0,,2016
835,Jacob Trouba\troubja01,21,WPG,D,81,6,15,21,10,62,4.9,5,0,1,0,10,4,1,133,4.5,1787,22:04,177,144,0,1,0,2016
836,Nikita Tryamkin\tryamni01,21,VAN,D,13,1,1,2,-3,10,0.4,1,0,0,0,1,0,0,11,9.1,228,17:31,23,31,0,0,,2016
837,Kyle Turris\turriky01,26,OTT,C,57,13,17,30,-15,32,2.2,10,3,0,2,11,5,1,122,10.7,1123,19:42,31,44,536,508,51.3,2016
838,Fedor Tyutin\tyutife01,32,CBJ,D,61,1,2,3,-6,28,0.8,1,0,0,0,2,0,0,25,4,1073,17:35,71,128,0,0,,2016
839,R.J. Umberger\umberrj01,33,PHI,C,39,2,9,11,1,15,0.8,1,1,0,0,8,1,0,48,4.2,396,10:10,15,59,2,3,40,2016
840,Scottie Upshall\upshasc01,32,STL,RW,70,6,8,14,5,44,1.3,6,0,0,1,5,0,3,113,5.3,766,10:57,16,92,12,22,35.3,2016
841,Rinat Valiev\valieri01,20,TOR,D,10,0,0,0,0,0,0.1,0,0,0,0,0,0,0,7,0,123,12:15,4,9,0,0,,2016
842,James van Riemsdyk\vanrija01,26,TOR,LW,40,14,15,29,3,6,3.8,9,5,0,0,11,4,0,129,10.9,711,17:46,7,52,1,1,50,2016
843,Trevor van Riemsdyk\vanritr01,24,CHI,D,82,3,11,14,-5,31,2.9,3,0,0,1,8,2,1,85,3.5,1639,19:59,155,44,0,0,,2016
844,Chris VandeVelde\vandech01,28,PHI,C,79,2,12,14,-7,27,-0.3,1,0,1,0,12,0,0,77,2.6,1071,13:33,60,139,6,15,28.6,2016
845,Thomas Vanek\vanekth01,32,MIN,LW,74,18,23,41,-10,22,4.5,12,6,0,5,15,8,0,146,12.3,1155,15:37,17,18,12,26,31.6,2016
846,Phil Varone\varonph01,25,TOT,C,6,1,2,3,2,2,0.5,1,0,0,0,2,0,0,2,50,51,08:31,6,4,10,8,55.6,2016
846,Phil Varone\varonph01,25,BUF,C,5,1,1,2,1,2,0.3,1,0,0,0,1,0,0,2,50,42,08:19,4,3,6,3,66.7,2016
846,Phil Varone\varonph01,25,OTT,C,1,0,1,1,1,0,0.1,0,0,0,0,1,0,0,0,,9,09:29,2,1,4,5,44.4,2016
847,Sami Vatanen\vatansa01,24,ANA,D,71,9,29,38,8,20,8,5,4,0,2,14,15,0,140,6.4,1513,21:19,105,85,0,0,,2016
848,Frank Vatrano\vatrafr01,21,BOS,C,39,8,3,11,-3,14,1.2,8,0,0,1,3,0,0,99,8.1,463,11:53,23,61,0,3,0,2016
849,Antoine Vermette\vermean01,33,ARI,C,76,17,21,38,-14,93,3.5,10,6,1,2,11,10,0,123,13.8,1265,16:39,57,55,754,597,55.8,2016
850,Joel Vermin\vermijo01,23,TBL,RW,6,0,1,1,1,0,0.1,0,0,0,0,1,0,0,1,0,55,09:08,2,6,1,0,100,2016
851,Kris Versteeg\verstkr01,29,TOT,RW,77,15,23,38,0,45,4.3,13,2,0,4,16,7,0,156,9.6,1185,15:23,32,20,8,8,50,2016
851,Kris Versteeg\verstkr01,29,CAR,RW,63,11,22,33,-6,36,3.3,9,2,0,2,15,7,0,136,8.1,1032,16:23,30,17,6,7,46.2,2016
851,Kris Versteeg\verstkr01,29,LAK,RW,14,4,1,5,6,9,1,4,0,0,2,1,0,0,20,20,153,10:54,2,3,2,1,66.7,2016
852,Linden Vey\veyli01,24,VAN,RW,41,4,11,15,-14,6,0.6,1,3,0,0,9,2,0,40,10,646,15:45,9,4,193,256,43,2016
853,Jake Virtanen\virtaja01,19,VAN,RW,55,7,6,13,-7,45,1,6,1,0,1,6,0,0,94,7.4,636,11:34,22,128,2,3,40,2016
854,Joe Vitale\vitaljo01,30,ARI,C,1,0,0,0,1,5,0,0,0,0,0,0,0,0,1,0,6,06:13,0,1,0,1,0,2016
855,Marc-Edouard Vlasic\vlasima01,28,SJS,D,67,8,31,39,15,48,7.9,6,2,0,0,21,8,2,116,6.9,1550,23:08,129,47,0,2,0,2016
856,Jakub Voracek\voracja01,26,PHI,RW,73,11,44,55,-5,38,4.9,10,1,0,2,22,22,0,213,5.2,1357,18:35,34,51,3,3,50,2016
857,Radim Vrbata\vrbatra01,34,VAN,RW,63,13,14,27,-30,12,1.7,8,5,0,0,10,4,0,199,6.5,1011,16:03,12,15,4,10,28.6,2016
858,Chris Wagner\wagnech01,24,TOT,RW,43,4,2,6,-2,28,0.4,4,0,0,1,2,0,0,55,7.3,394,09:09,27,95,148,126,54,2016
858,Chris Wagner\wagnech01,24,COL,RW,26,4,0,4,-2,9,0.5,4,0,0,1,0,0,0,27,14.8,214,08:14,17,43,101,84,54.6,2016
858,Chris Wagner\wagnech01,24,ANA,RW,17,0,2,2,0,19,0,0,0,0,0,2,0,0,28,0,180,10:34,10,52,47,42,52.8,2016
859,Joel Ward\wardjo02,35,SJS,RW,79,21,22,43,-15,28,4.4,15,5,1,3,14,7,1,138,15.2,1341,16:58,53,68,237,255,48.2,2016
860,David Warsofsky\warsoda01,25,TOT,D,22,1,1,2,-9,2,0,0,1,0,0,0,1,0,40,2.5,377,17:07,23,5,0,0,,2016
860,David Warsofsky\warsoda01,25,PIT,D,12,1,0,1,-6,0,-0.2,0,1,0,0,0,0,0,21,4.8,213,17:45,10,2,0,0,,2016
860,David Warsofsky\warsoda01,25,NJD,D,10,0,1,1,-3,2,0.1,0,0,0,0,0,1,0,19,0,164,16:22,13,3,0,0,,2016
861,Austin Watson\watsoau01,24,NSH,LW,57,3,7,10,-4,32,0.4,3,0,0,0,7,0,0,55,5.5,570,10:00,45,74,6,7,46.2,2016
862,Jordan Weal\wealjo01,23,TOT,C,14,0,0,0,1,2,-0.2,0,0,0,0,0,0,0,4,0,131,09:22,2,5,33,35,48.5,2016
862,Jordan Weal\wealjo01,23,LAK,C,10,0,0,0,0,2,-0.1,0,0,0,0,0,0,0,1,0,81,08:07,1,2,20,24,45.5,2016
862,Jordan Weal\wealjo01,23,PHI,C,4,0,0,0,1,0,0,0,0,0,0,0,0,0,3,0,50,12:28,1,3,13,11,54.2,2016
863,Mike Weber\webermi01,28,TOT,D,45,1,4,5,2,60,1.7,1,0,0,0,4,0,0,40,2.5,697,15:29,61,108,0,0,,2016
863,Mike Weber\webermi01,28,BUF,D,35,1,4,5,3,32,1.7,1,0,0,0,4,0,0,28,3.6,557,15:55,36,73,0,0,,2016
863,Mike Weber\webermi01,28,WSH,D,10,0,0,0,-1,28,0,0,0,0,0,0,0,0,12,0,140,13:59,25,35,0,0,,2016
864,Shea Weber\webersh01,30,NSH,D,78,20,31,51,-7,27,9.5,6,14,0,1,18,12,1,189,10.6,1979,01:23,160,169,0,0,,2016
865,Yannick Weber\weberya01,27,VAN,D,45,0,7,7,-17,24,0.4,0,0,0,0,2,5,0,65,0,847,18:50,37,49,0,0,,2016
866,Dale Weise\weiseda01,27,TOT,RW,71,14,13,27,4,24,3.1,11,3,0,1,10,3,0,136,10.3,952,13:25,26,127,16,19,45.7,2016
866,Dale Weise\weiseda01,27,MTL,RW,56,14,12,26,0,22,3.1,11,3,0,1,9,3,0,117,12,803,14:21,23,108,15,15,50,2016
866,Dale Weise\weiseda01,27,CHI,RW,15,0,1,1,4,2,0,0,0,0,0,1,0,0,19,0,149,09:57,3,19,1,4,20,2016
867,Jeremy Welsh\welshje01,27,STL,C,2,0,0,0,0,2,0,0,0,0,0,0,0,0,0,,17,08:19,0,4,1,2,33.3,2016
868,Alexander Wennberg\wennbal01,21,CBJ,C,69,8,32,40,-1,2,3.5,7,1,0,1,21,11,0,97,8.2,1094,15:52,46,32,400,522,43.4,2016
869,Blake Wheeler\wheelbl01,29,WPG,RW,82,26,52,78,8,49,9.4,21,3,2,5,36,14,2,256,10.2,1623,19:47,56,92,10,18,35.7,2016
870,Ryan White\whitery01,27,PHI,C,73,11,5,16,-9,101,1.1,8,3,0,0,5,0,0,88,12.5,917,12:34,51,208,184,167,52.4,2016
871,Chris Wideman\widemch01,26,OTT,D,64,6,7,13,4,34,2.7,5,1,0,2,6,1,0,87,6.9,893,13:57,71,57,0,0,,2016
872,Dennis Wideman\widemde01,32,CGY,D,51,2,17,19,-9,30,2.1,0,2,0,0,11,6,0,75,2.7,1051,20:37,77,37,0,0,,2016
873,Patrick Wiercioch\wiercpa01,25,OTT,D,52,0,5,5,2,24,0.9,0,0,0,0,3,2,0,56,0,902,17:20,56,53,0,0,,2016
874,Justin Williams\williju01,34,WSH,RW,82,22,30,52,15,36,6.6,19,3,0,3,23,6,1,201,10.9,1366,16:39,43,32,57,52,52.3,2016
875,Colin Wilson\wilsoco01,26,NSH,LW,64,6,18,24,-1,14,1.8,5,1,0,0,18,0,0,108,5.6,925,14:27,25,61,14,21,40,2016
876,Garrett Wilson\wilsoga01,24,FLA,LW,29,0,0,0,-3,24,-0.6,0,0,0,0,0,0,0,28,0,272,09:22,4,75,0,1,0,2016
877,Scott Wilson\wilsosc01,23,PIT,LW,24,5,1,6,0,12,0.8,5,0,0,1,1,0,0,39,12.8,256,10:41,6,38,0,0,,2016
878,Tom Wilson\wilsoto01,21,WSH,RW,82,7,16,23,3,163,1.7,7,0,0,1,14,1,1,99,7.1,1059,12:55,48,253,8,6,57.1,2016
879,Tommy Wingels\wingeto01,27,SJS,C,68,7,11,18,-10,63,0.9,6,1,0,0,7,2,2,111,6.3,927,13:38,54,203,38,55,40.9,2016
880,Daniel Winnik\winnida01,30,TOT,C,76,6,13,19,4,38,1.3,6,0,0,0,13,0,0,101,5.9,1042,13:43,46,53,8,12,40,2016
880,Daniel Winnik\winnida01,30,TOR,C,56,4,10,14,-3,16,0.6,4,0,0,0,10,0,0,85,4.7,799,14:16,35,41,6,10,37.5,2016
880,Daniel Winnik\winnida01,30,WSH,C,20,2,3,5,7,22,0.7,2,0,0,0,3,0,0,16,12.5,244,12:11,11,12,2,2,50,2016
881,James Wisniewski\wisnija01,31,CAR,D,1,0,0,0,0,0,0,0,0,0,0,0,0,0,0,,1,00:47,0,1,0,0,,2016
882,Luke Witkowski\witkolu01,25,TBL,D,4,0,0,0,0,4,0,0,0,0,0,0,0,0,1,0,29,07:08,1,8,0,0,,2016
883,Miles Wood\woodmi01,20,NJD,LW,1,0,0,0,0,0,0,0,0,0,0,0,0,0,2,0,13,13:06,0,1,0,0,,2016
884,Brendan Woods\woodsbr01,23,CAR,LW,5,0,0,0,0,7,-0.1,0,0,0,0,0,0,0,5,0,44,08:42,0,3,0,1,0,2016
885,Tyler Wotherspoon\wothety01,22,CGY,D,11,0,1,1,0,0,0.2,0,0,0,0,1,0,0,9,0,156,14:10,16,14,0,0,,2016
886,Nail Yakupov\yakupna01,22,EDM,RW,60,8,15,23,-16,24,1.5,7,1,0,1,10,5,0,127,6.3,853,14:13,21,54,0,1,0,2016
887,Keith Yandle\yandlke01,29,NYR,D,82,5,42,47,-4,40,6.3,3,2,0,1,22,20,0,160,3.1,1637,19:58,68,43,0,0,,2016
888,Pavel Zacha\zachapa01,18,NJD,C,1,0,2,2,4,0,0.4,0,0,0,0,2,0,0,3,0,17,16:51,0,1,3,6,33.3,2016
889,Nikita Zadorov\zadorni01,20,COL,D,22,0,2,2,-5,12,0.1,0,0,0,0,2,0,0,18,0,373,16:56,16,53,0,0,,2016
890,Travis Zajac\zajactr01,30,NJD,C,74,14,28,42,3,25,4.7,6,6,2,2,16,11,1,111,12.6,1469,19:51,41,65,715,672,51.6,2016
891,Michael Zalewski\zalewmi01,23,VAN,LW,3,0,1,1,1,2,0.1,0,0,0,0,1,0,0,2,0,36,11:51,0,7,6,4,60,2016
892,Henrik Zetterberg\zettehe01,35,DET,LW,82,13,37,50,-15,24,3.9,11,2,0,3,17,20,0,214,6.1,1592,19:25,26,54,539,536,50.1,2016
893,Mika Zibanejad\zibanmi01,22,OTT,C,81,21,30,51,-2,18,5.5,17,2,2,7,21,9,0,184,11.4,1439,17:46,43,111,659,647,50.5,2016
894,Marek Zidlicky\zidlima01,38,NYI,D,53,4,12,16,5,20,3.4,4,0,0,1,8,4,0,48,8.3,826,15:35,68,39,0,0,,2016
895,Harry Zolnierczyk\zolniha01,28,ANA,LW,1,0,0,0,-1,0,-0.1,0,0,0,0,0,0,0,1,0,9,08:48,0,3,0,0,,2016
896,Dainius Zubrus\zubruda01,37,SJS,C,50,3,4,7,4,20,0.4,3,0,0,0,4,0,0,33,9.1,579,11:35,15,68,15,12,55.6,2016
897,Mats Zuccarello\zuccama01,28,NYR,RW,81,26,35,61,2,34,7.2,19,7,0,4,24,11,0,166,15.7,1497,18:29,69,88,5,6,45.5,2016
898,Jason Zucker\zuckeja01,24,MIN,LW,71,13,10,23,-4,20,2.1,12,0,1,1,7,2,1,158,8.2,1106,15:35,33,83,1,1,50,2016
1,Spencer Abbott\abbotsp01,28,CHI,LW,1,0,0,0,0,0,0,0,0,0,0,0,0,0,1,0,9,08:34,0,0,0,0,,2017
2,Justin Abdelkader\abdelju01,29,DET,LW,64,7,14,21,-20,50,0.7,2,5,0,1,11,2,1,104,6.7,1066,16:40,27,144,5,12,29.4,2017
3,Pontus Aberg\abergpo01,23,NSH,LW,15,1,1,2,-2,4,-0.1,1,0,0,0,1,0,0,12,8.3,185,12:20,2,9,1,0,100,2017
4,Noel Acciari\acciano01,25,BOS,C,29,2,3,5,3,16,0.5,2,0,0,0,3,0,0,24,8.3,301,10:22,5,80,11,18,37.9,2017
5,Kenny Agostino\agostke01,24,STL,LW,7,1,2,3,0,2,0.3,1,0,0,0,1,1,0,17,5.9,89,12:47,3,9,0,0,,2017
6,Sebastian Aho\ahose01,19,CAR,RW,82,24,25,49,-1,26,5.9,17,6,1,4,13,11,1,214,11.2,1377,16:47,14,51,17,18,48.6,2017
7,Karl Alzner\alzneka01,28,WSH,D,82,3,10,13,23,28,4.6,3,0,0,0,10,0,0,81,3.7,1623,19:47,162,105,0,0,,2017
8,Josh Anderson\anderjo05,22,CBJ,RW,78,17,12,29,12,89,4,17,0,0,3,12,0,0,119,14.3,938,12:01,40,147,8,21,27.6,2017
9,Rasmus Andersson\anderra01,20,CGY,D,1,0,0,0,-1,0,-0.1,0,0,0,0,0,0,0,0,,19,18:33,2,4,0,0,,2017
10,Andy Andreoff\andrean01,25,LAK,LW,36,0,2,2,-2,70,-0.4,0,0,0,0,2,0,0,38,0,381,10:36,7,70,41,28,59.4,2017
11,Sven Andrighetto\andrisv01,23,TOT,RW,46,7,17,24,1,12,2.5,5,2,0,0,15,2,0,68,10.3,643,13:58,22,40,7,3,70,2017
11,Sven Andrighetto\andrisv01,23,MTL,RW,27,2,6,8,1,4,0.6,2,0,0,0,5,1,0,31,6.5,310,11:29,12,27,0,0,,2017
11,Sven Andrighetto\andrisv01,23,COL,RW,19,5,11,16,0,8,1.9,3,2,0,0,10,1,0,37,13.5,332,17:30,10,13,7,3,70,2017
12,Artem Anisimov\anisiar01,28,CHI,C,64,22,23,45,9,30,5.6,18,4,0,7,19,4,0,105,21,1142,17:51,27,18,416,506,45.1,2017
13,Josh Archibald\archijo01,24,PIT,RW,10,3,0,3,3,4,0.6,2,0,1,0,0,0,0,11,27.3,109,10:52,2,28,0,1,0,2017
14,Joel Armia\armiajo01,23,WPG,RW,57,10,9,19,-8,20,1.2,6,0,4,1,7,2,0,111,9,863,15:08,30,68,3,4,42.9,2017
15,Viktor Arvidsson\arvidvi01,23,NSH,LW,80,31,30,61,16,28,8.7,22,4,5,6,23,5,2,246,12.6,1372,17:09,45,23,4,12,25,2017
16,Andreas Athanasiou\athanan01,22,DET,C,64,18,11,29,-7,28,3.6,17,1,0,3,8,3,0,120,15,862,13:28,21,30,37,46,44.6,2017
17,Cam Atkinson\atkinca01,27,CBJ,RW,82,35,27,62,13,22,8.9,22,10,3,9,16,11,0,240,14.6,1483,18:05,34,33,2,1,66.7,2017
18,Brady Austin\austibr01,23,BUF,D,5,0,0,0,0,4,0.1,0,0,0,0,0,0,0,8,0,80,16:05,0,6,0,0,,2017
19,Yohann Auvitu\auvityo01,27,NJD,D,25,2,2,4,1,2,1.3,2,0,0,0,1,1,0,54,3.7,390,15:36,9,20,0,0,,2017
20,David Backes\backeda01,32,BOS,RW,74,17,21,38,2,69,4.5,15,2,0,2,16,5,0,175,9.7,1267,17:07,47,225,60,63,48.8,2017
21,Mikael Backlund\backlmi01,27,CGY,C,81,22,31,53,9,36,6.2,15,7,0,7,19,9,3,197,11.2,1426,17:36,41,55,711,768,48.1,2017
22,Nicklas Backstrom\backsni02,29,WSH,C,82,23,63,86,17,38,9.9,15,8,0,5,36,27,0,162,14.2,1497,18:16,33,45,685,648,51.4,2017
23,Sven Baertschi\baertsv01,24,VAN,LW,68,18,17,35,-6,8,4.1,16,2,0,5,13,4,0,114,15.8,1080,15:53,29,52,1,0,100,2017
24,Casey Bailey\baileca01,25,OTT,RW,7,0,0,0,-1,0,-0.1,0,0,0,0,0,0,0,10,0,56,08:00,4,4,0,1,0,2017
25,Josh Bailey\bailejo01,27,NYI,RW,82,13,43,56,5,12,5.2,10,3,0,1,34,9,0,173,7.5,1506,18:22,53,37,8,7,53.3,2017
26,Justin Bailey\baileju01,21,BUF,RW,32,2,2,4,0,4,0.1,2,0,0,1,2,0,0,36,5.6,340,10:38,14,27,0,1,0,2017
27,Nicholas Baptiste\baptini01,21,BUF,RW,14,3,1,4,1,6,0.6,3,0,0,0,1,0,0,16,18.8,129,09:14,1,12,1,2,33.3,2017
28,Ivan Barbashev\barbaiv01,21,STL,C,30,5,7,12,5,2,1.5,5,0,0,1,7,0,0,20,25,354,11:47,14,34,83,124,40.1,2017
29,Riley Barber\barberi01,22,WSH,RW,3,0,0,0,0,0,0,0,0,0,0,0,0,0,2,0,26,08:35,0,1,0,0,,2017
30,Mark Barberio\barbema01,26,TOT,D,60,2,11,13,-5,14,2.6,1,1,0,0,8,3,0,80,2.5,1096,18:16,55,20,0,0,,2017
30,Mark Barberio\barbema01,26,COL,D,34,2,7,9,-6,4,1.6,1,1,0,0,5,2,0,52,3.8,702,20:40,32,10,0,0,,2017
30,Mark Barberio\barbema01,26,MTL,D,26,0,4,4,1,10,0.9,0,0,0,0,3,1,0,28,0,393,15:07,23,10,0,0,,2017
31,Aleksander Barkov\barkoal01,21,FLA,C,61,21,31,52,13,10,6.9,18,3,0,5,20,11,0,142,14.8,1184,19:24,30,39,476,547,46.5,2017
32,Tyson Barrie\barrity01,25,COL,D,74,7,31,38,-34,18,4.4,6,1,0,2,22,9,0,182,3.8,1725,23:18,75,32,0,0,,2017
33,Matt Bartkowski\bartkma01,28,CGY,D,24,1,1,2,-4,26,0.4,1,0,0,0,1,0,0,16,6.3,369,15:23,12,46,0,0,,2017
34,Mathew Barzal\barzama01,19,NYI,C,2,0,0,0,-2,6,-0.1,0,0,0,0,0,0,0,0,,20,09:45,0,1,6,7,46.2,2017
35,Cody Bass\bassco01,30,NSH,C,9,0,0,0,-1,19,-0.1,0,0,0,0,0,0,0,1,0,61,06:46,4,14,0,2,0,2017
36,Jay Beagle\beaglja01,31,WSH,RW,81,13,17,30,20,22,3.5,12,0,1,4,15,0,2,100,13,1104,13:38,44,55,624,483,56.4,2017
37,Francois Beauchemin\beaucfr01,36,COL,D,81,5,13,18,-14,32,3.7,5,0,0,1,10,3,0,132,3.8,1743,21:31,156,73,0,0,,2017
38,Nathan Beaulieu\beaulna01,24,MTL,D,74,4,24,28,8,44,5.6,2,2,0,1,14,10,0,118,3.4,1442,19:29,102,65,0,0,,2017
39,Anthony Beauvillier\beauvan01,19,NYI,LW,66,9,15,24,1,10,2.2,9,0,0,2,14,1,0,101,8.9,859,13:01,26,81,123,174,41.4,2017
40,Taylor Beck\beckta01,25,TOT,LW,5,0,0,0,-3,4,-0.2,0,0,0,0,0,0,0,5,0,44,08:49,0,5,0,1,0,2017
40,Taylor Beck\beckta01,25,EDM,LW,3,0,0,0,-1,4,-0.1,0,0,0,0,0,0,0,0,,18,05:53,0,3,0,0,,2017
40,Taylor Beck\beckta01,25,NYR,LW,2,0,0,0,-2,0,-0.1,0,0,0,0,0,0,0,5,0,26,13:12,0,2,0,1,0,2017
41,Matt Beleskey\belesma01,28,BOS,LW,49,3,5,8,-10,47,-0.2,3,0,0,0,3,2,0,79,3.8,650,13:16,18,98,29,41,41.4,2017
42,Pierre-Edouard Bellemare\bellepi01,31,PHI,LW,82,4,4,8,-1,20,-0.4,4,0,0,0,3,0,1,90,4.4,1064,12:58,70,73,400,429,48.3,2017
43,Jamie Benn\bennja01,27,DAL,LW,77,26,43,69,-9,66,7.5,13,12,1,4,29,14,0,201,12.9,1492,19:22,47,89,212,200,51.5,2017
44,Jordie Benn\bennjo01,29,TOT,D,71,4,13,17,-4,28,2.8,4,0,0,1,10,2,1,68,5.9,1298,18:17,144,64,0,0,,2017
44,Jordie Benn\bennjo01,29,DAL,D,58,2,13,15,-3,24,2.2,2,0,0,0,10,2,1,59,3.4,1079,18:37,113,52,0,0,,2017
44,Jordie Benn\bennjo01,29,MTL,D,13,2,0,2,-1,4,0.6,2,0,0,1,0,0,0,9,22.2,219,16:50,31,12,0,0,,2017
45,Beau Bennett\bennebe01,25,NJD,RW,65,8,11,19,-3,20,1.7,7,1,0,1,10,1,0,101,7.9,881,13:33,13,76,3,13,18.8,2017
46,Sam Bennett\bennesa01,20,CGY,C,81,13,13,26,-16,75,1.6,9,4,0,0,12,0,1,122,10.7,1214,14:59,46,127,374,437,46.1,2017
47,Matt Benning\bennima01,22,EDM,D,62,3,12,15,8,29,3.5,2,1,0,0,10,2,0,69,4.3,1030,16:37,64,111,0,0,,2017
48,Patrice Bergeron\bergepa01,31,BOS,C,79,21,32,53,12,24,6.6,13,8,0,7,20,9,3,302,7,1534,19:25,47,54,1086,722,60.1,2017
49,Patrik Berglund\berglpa01,28,STL,C,82,23,11,34,-7,32,3.9,19,4,0,5,7,4,0,153,15,1311,15:59,42,155,584,585,50,2017
50,Christoph Bertschy\bertsch02,22,MIN,C,5,0,1,1,0,4,0,0,0,0,0,1,0,0,5,0,41,08:08,3,7,0,0,,2017
51,Tyler Bertuzzi\bertuty01,21,DET,LW,7,0,0,0,-1,0,-0.1,0,0,0,0,0,0,0,3,0,64,09:06,0,12,1,1,50,2017
52,Bryan Bickell\bickebr01,30,CAR,LW,11,1,0,1,-4,4,-0.1,0,1,0,1,0,0,0,8,12.5,115,10:26,3,16,0,2,0,2017
53,Alex Biega\biegaal01,28,VAN,D,36,0,3,3,-4,18,0.7,0,0,0,0,3,0,0,37,0,474,13:10,24,97,0,0,,2017
54,Kevin Bieksa\biekske01,35,ANA,D,81,3,11,14,0,63,3.5,2,1,0,1,9,2,0,94,3.2,1519,18:45,100,173,0,0,,2017
55,Anthony Bitetto\bitetan01,26,NSH,D,29,0,7,7,-1,25,0.9,0,0,0,0,7,0,0,17,0,342,11:48,24,43,0,0,,2017
56,Oliver Bjorkstrand\bjorkol01,21,CBJ,RW,26,6,7,13,4,6,1.7,6,0,0,2,7,0,0,55,10.9,366,14:05,9,14,1,0,100,2017
57,Nick Bjugstad\bjugsni01,24,FLA,C,54,7,7,14,-19,22,0.5,6,1,0,1,5,2,0,91,7.7,710,13:09,9,72,186,205,47.6,2017
58,Joseph Blandisi\blandjo01,22,NJD,LW,27,3,6,9,-10,26,0.4,2,1,0,2,2,4,0,24,12.5,361,13:22,6,37,76,93,45,2017
59,Anton Blidh\blidhan01,21,BOS,LW,19,1,1,2,-2,7,0,1,0,0,0,1,0,0,26,3.8,167,08:47,4,41,0,0,,2017
60,Mike Blunden\blundmi01,30,OTT,RW,2,0,0,0,0,4,0,0,0,0,0,0,0,0,1,0,16,08:07,0,6,0,0,,2017
61,Mikkel Boedker\boedkmi01,27,SJS,LW,81,10,16,26,0,10,2.1,9,0,1,2,15,1,0,122,8.2,1162,14:21,34,71,5,13,27.8,2017
62,Brock Boeser\boesebr01,19,VAN,RW,9,4,1,5,0,0,0.8,2,2,0,1,1,0,0,25,16,146,16:13,0,5,0,0,,2017
63,Zach Bogosian\bogosza01,26,BUF,D,56,2,9,11,-17,46,1.4,2,0,0,1,8,1,0,73,2.7,1125,20:05,97,59,0,1,0,2017
64,Jared Boll\bollja01,30,ANA,RW,51,0,3,3,-3,87,-0.3,0,0,0,0,3,0,0,13,0,297,05:49,14,68,0,1,0,2017
65,Nick Bonino\boninni01,28,PIT,C,80,18,19,37,-5,16,3,11,6,1,1,14,5,0,142,12.7,1332,16:39,99,60,582,631,48,2017
66,Mark Borowiecki\borowma01,27,OTT,D,70,1,2,3,-3,154,1.3,1,0,0,0,2,0,0,50,2,981,14:01,90,364,1,0,100,2017
67,Robert Bortuzzo\borturo01,27,STL,D,38,1,3,4,11,15,2,1,0,0,0,3,0,0,45,2.2,535,14:05,50,77,0,0,,2017
68,Reid Boucher\bouchre01,23,TOT,C,39,6,4,10,-6,8,0.9,5,1,0,0,4,0,0,70,8.6,465,11:56,14,19,0,1,0,2017
68,Reid Boucher\bouchre01,23,VAN,LW,27,5,2,7,-7,6,0.6,4,1,0,0,2,0,0,55,9.1,329,12:11,7,8,0,1,0,2017
68,Reid Boucher\bouchre01,23,NJD,LW,9,0,2,2,0,2,0.1,0,0,0,0,2,0,0,12,0,110,12:15,7,10,0,0,,2017
68,Reid Boucher\bouchre01,23,NSH,C,3,1,0,1,1,0,0.2,1,0,0,0,0,0,0,3,33.3,26,08:42,0,1,0,0,,2017
69,Lance Bouma\boumala01,26,CGY,C,61,3,4,7,-2,35,-0.1,3,0,0,1,4,0,0,53,5.7,692,11:21,44,127,4,8,33.3,2017
70,Michael Bournival\bournmi01,24,TBL,LW,19,2,1,3,-3,2,0.1,2,0,0,0,1,0,0,25,8,193,10:09,8,31,1,2,33.3,2017
71,Gabriel Bourque\bourqga01,26,COL,LW,6,0,0,0,0,0,-0.1,0,0,0,0,0,0,0,4,0,67,11:12,6,17,0,1,0,2017
72,Rene Bourque\bourqre01,35,COL,RW,65,12,6,18,-19,56,1.2,10,2,0,2,6,0,0,111,10.8,906,13:57,26,75,0,5,0,2017
73,Jay Bouwmeester\bouwmja01,33,STL,D,81,1,14,15,6,28,4.1,1,0,0,0,13,1,0,106,0.9,1815,22:24,111,67,0,0,,2017
74,Johnny Boychuk\boychjo01,33,NYI,D,66,6,17,23,11,19,4.8,4,1,1,2,13,3,1,155,3.9,1368,20:44,133,160,1,0,100,2017
75,Brian Boyle\boylebr01,32,TOT,C,75,13,12,25,3,66,2.7,10,3,0,2,9,3,0,131,9.9,977,13:02,41,115,303,278,52.2,2017
75,Brian Boyle\boylebr01,32,TBL,C,54,13,9,22,5,48,2.9,10,3,0,2,6,3,0,109,11.9,740,13:42,31,83,175,155,53,2017
75,Brian Boyle\boylebr01,32,TOR,C,21,0,3,3,-2,18,-0.2,0,0,0,0,3,0,0,22,0,238,11:19,10,32,128,123,51,2017
76,Tyler Bozak\bozakty01,30,TOR,C,78,18,37,55,-1,30,5.8,11,7,0,1,26,11,0,145,12.4,1282,16:26,26,45,774,591,56.7,2017
77,Derick Brassard\brassde01,29,OTT,C,81,14,25,39,12,24,4.1,11,3,0,3,21,4,0,195,7.2,1408,17:23,24,92,612,613,50,2017
78,Justin Braun\braunju01,29,SJS,D,81,4,9,13,1,28,3.7,4,0,0,0,7,0,2,95,4.2,1626,20:05,161,136,0,0,,2017
79,T.J. Brodie\broditj01,26,CGY,D,82,6,30,36,-16,24,5.3,4,1,1,2,18,11,1,78,7.7,1934,23:35,115,30,0,0,,2017
80,Jonas Brodin\brodijo01,23,MIN,D,68,3,22,25,5,20,4.1,1,2,0,2,17,5,0,85,3.5,1331,19:34,89,20,0,0,,2017
81,Kyle Brodziak\brodzky01,32,STL,C,69,8,7,15,2,27,1.4,8,0,0,2,7,0,0,55,14.5,773,11:12,39,56,323,330,49.5,2017
82,Jonny Brodzinski\brodzjo01,23,LAK,C,6,0,2,2,2,2,0.2,0,0,0,0,2,0,0,17,0,74,12:17,4,10,0,0,,2017
83,Troy Brouwer\brouwtr01,31,CGY,RW,74,13,12,25,-11,31,1.7,7,5,1,2,5,6,1,86,15.1,1200,16:13,39,171,20,44,31.3,2017
84,Connor Brown\brownco02,23,TOR,RW,82,20,16,36,3,10,4,17,2,1,4,12,4,0,139,14.4,1329,16:12,46,50,2,6,25,2017
85,Dustin Brown\browndu01,32,LAK,RW,80,14,22,36,-4,22,3.7,9,4,1,1,20,2,0,175,8,1280,16:00,31,190,2,3,40,2017
86,J.T. Brown\brownjt01,26,TBL,RW,64,3,3,6,-7,73,-0.4,2,0,1,1,3,0,0,67,4.5,664,10:22,25,103,12,26,31.6,2017
87,Patrick Brown\brownpa02,24,CAR,C,14,0,0,0,-6,0,-0.5,0,0,0,0,0,0,0,12,0,136,09:43,5,30,9,6,60,2017
88,Pavel Buchnevich\buchnpa01,21,NYR,RW,41,8,12,20,6,13,2.3,7,1,0,0,10,2,0,55,14.5,544,13:16,8,17,1,6,14.3,2017
89,Andre Burakovsky\burakan01,21,WSH,LW,64,12,23,35,13,14,4.1,10,2,0,1,20,3,0,111,10.8,849,13:16,25,31,2,5,28.6,2017
90,Erik Burgdoerfer\burgder01,28,BUF,D,2,0,0,0,-1,0,-0.1,0,0,0,0,0,0,0,2,0,22,11:10,0,5,0,0,,2017
91,Alexander Burmistrov\burmial01,25,TOT,C,49,5,11,16,-7,12,0.9,1,4,0,0,9,1,1,45,11.1,654,13:21,19,60,178,259,40.7,2017
91,Alexander Burmistrov\burmial01,25,ARI,C,26,5,9,14,-1,6,1.4,1,4,0,0,8,1,0,32,15.6,400,15:24,15,32,125,165,43.1,2017
91,Alexander Burmistrov\burmial01,25,WPG,C,23,0,2,2,-6,6,-0.5,0,0,0,0,1,0,1,13,0,254,11:02,4,28,53,94,36.1,2017
92,Brent Burns\burnsbr01,31,SJS,D,82,29,47,76,19,40,15.3,21,8,0,6,29,17,1,320,9.1,2039,00:52,142,69,0,0,,2017
93,Alexandre Burrows\burroal01,35,TOT,LW,75,15,16,31,3,62,3.6,14,1,0,2,15,0,1,143,10.5,1099,14:39,34,68,5,9,35.7,2017
93,Alexandre Burrows\burroal01,35,VAN,RW,55,9,11,20,-3,53,1.9,9,0,0,1,10,0,1,114,7.9,823,14:58,20,44,0,6,0,2017
93,Alexandre Burrows\burroal01,35,OTT,LW,20,6,5,11,6,9,1.7,5,1,0,1,5,0,0,29,20.7,276,13:47,14,24,5,3,62.5,2017
94,Chris Butler\butlech01,30,STL,D,1,0,0,0,0,0,0,0,0,0,0,0,0,0,1,0,21,21:28,2,0,0,0,,2017
95,Dustin Byfuglien\byfugdu01,31,WPG,D,80,13,39,52,10,117,8.5,12,1,0,1,24,13,2,241,5.4,2196,03:27,124,183,0,0,,2017
96,Paul Byron\byronpa01,27,MTL,LW,81,22,21,43,21,29,6,21,0,1,6,17,4,0,96,22.9,1220,15:04,34,119,10,5,66.7,2017
97,Drake Caggiula\caggidr01,22,EDM,LW,60,7,11,18,3,16,1.6,5,2,0,2,7,3,1,93,7.5,794,13:14,19,97,117,167,41.2,2017
98,Mitch Callahan\callami01,25,DET,RW,4,0,0,0,0,0,0,0,0,0,0,0,0,0,2,0,27,06:49,2,3,0,0,,2017
99,Ryan Callahan\callary01,31,TBL,RW,18,2,2,4,-4,23,0.1,2,0,0,1,2,0,0,22,9.1,255,14:09,13,48,5,4,55.6,2017
100,Matt Calvert\calvema01,27,CBJ,LW,65,10,5,15,-4,48,1.1,7,0,3,1,4,0,1,92,10.9,868,13:21,34,61,2,14,12.5,2017
101,Mike Cammalleri\cammami01,34,NJD,LW,61,10,21,31,-9,21,2.8,9,1,0,3,12,9,0,142,7,1059,17:21,14,44,17,11,60.7,2017
102,Brian Campbell\campbbr02,37,CHI,D,80,5,12,17,12,24,4.3,3,2,0,1,9,3,0,74,6.8,1474,18:26,83,43,0,0,,2017
103,Patrick Cannone\cannopa01,30,MIN,C,3,0,0,0,0,0,0,0,0,0,0,0,0,0,2,0,24,07:53,1,2,11,10,52.4,2017
104,Paul Carey\careypa01,28,WSH,C,6,0,0,0,-2,0,-0.2,0,0,0,0,0,0,0,8,0,63,10:29,1,5,0,0,,2017
105,Matt Carle\carlema01,32,NSH,D,6,0,1,1,-1,0,0.1,0,0,0,0,1,0,0,2,0,79,13:09,5,3,0,0,,2017
106,Brandon Carlo\carlobr01,20,BOS,D,82,6,10,16,9,59,5.2,5,0,1,0,10,0,0,88,6.8,1707,20:49,115,87,0,0,,2017
107,John Carlson\carlsjo01,27,WSH,D,72,9,28,37,7,10,6.5,6,3,0,3,14,13,1,180,5,1635,22:43,127,58,0,0,,2017
108,Gabriel Carlsson\carlsga01,20,CBJ,D,2,0,1,1,-2,0,0,0,0,0,0,1,0,0,3,0,34,17:08,2,5,0,0,,2017
109,Ryan Carpenter\carpery01,26,SJS,C,11,2,2,4,5,4,0.7,2,0,0,0,2,0,0,20,10,114,10:23,2,15,34,41,45.3,2017
110,Daniel Carr\carrda01,25,MTL,LW,33,2,7,9,4,6,0.8,2,0,0,1,7,0,0,44,4.5,338,10:15,12,19,2,1,66.7,2017
111,Connor Carrick\carrico01,22,TOR,D,67,2,6,8,8,51,2.3,1,1,0,0,6,0,0,89,2.2,1095,16:20,79,66,0,0,,2017
112,Alexandre Carrier\carrial01,20,NSH,D,2,0,0,0,1,0,0.1,0,0,0,0,0,0,0,1,0,21,10:24,1,0,0,0,,2017
113,William Carrier\carriwi01,22,BUF,LW,41,5,3,8,-1,21,0.8,5,0,0,1,3,0,0,50,10,369,09:00,10,112,1,1,50,2017
114,Jeff Carter\carteje01,32,LAK,C,82,32,34,66,2,41,9,21,10,1,9,22,12,0,250,12.8,1479,18:02,37,86,735,680,51.9,2017
115,Cody Ceci\cecico01,23,OTT,D,79,2,15,17,-11,20,3.2,2,0,0,0,12,1,2,143,1.4,1833,23:12,159,111,1,0,100,2017
116,Peter Cehlarik\cehlape01,21,BOS,LW,11,0,2,2,0,0,0,0,0,0,0,1,1,0,8,0,153,13:55,4,7,2,1,66.7,2017
117,Thomas Chabot\chaboth01,20,OTT,D,1,0,0,0,-2,0,-0.2,0,0,0,0,0,0,0,1,0,7,07:09,0,1,0,0,,2017
118,Michael Chaput\chapumi01,24,VAN,C,68,4,5,9,-12,29,-0.1,4,0,0,0,5,0,0,64,6.3,750,11:01,29,68,203,182,52.7,2017
119,Zdeno Chara\charazd01,39,BOS,D,75,10,19,29,18,59,8,7,1,2,0,17,2,0,136,7.4,1750,23:20,140,130,0,1,0,2017
120,Ben Chiarot\chiarbe01,25,WPG,D,59,2,10,12,2,33,1.9,2,0,0,0,10,0,0,49,4.1,904,15:19,94,78,0,0,,2017
121,Alex Chiasson\chiasal01,26,CGY,RW,81,12,12,24,-6,46,1.9,11,0,1,1,10,2,0,104,11.5,1084,13:23,18,74,7,22,24.1,2017
122,Jason Chimera\chimeja01,37,NYI,LW,82,20,13,33,1,40,4,19,0,1,2,13,0,0,121,16.5,1071,13:04,30,149,16,18,47.1,2017
123,Taylor Chorney\chornta01,29,WSH,D,18,1,4,5,8,11,1.5,1,0,0,1,4,0,0,19,5.3,257,14:16,29,27,0,0,,2017
124,Jakob Chychrun\chychja01,18,ARI,D,68,7,13,20,-14,47,3,6,1,0,0,12,1,0,86,8.1,1133,16:40,99,109,0,0,,2017
125,Casey Cizikas\cizikca01,25,NYI,C,59,8,17,25,9,30,2.6,8,0,0,1,16,1,0,82,9.8,821,13:54,58,144,420,426,49.6,2017
126,Fredrik Claesson\claesfr01,24,OTT,D,33,3,8,11,5,4,2.4,3,0,0,0,7,0,1,25,12,434,13:08,24,55,0,0,,2017
127,Adam Clendening\clendad01,24,NYR,D,31,2,9,11,3,17,1.9,1,1,0,0,8,1,0,38,5.3,490,15:49,27,22,0,0,,2017
128,Kyle Clifford\cliffky01,26,LAK,LW,73,6,6,12,-2,92,0.9,6,0,0,0,6,0,0,122,4.9,783,10:43,7,146,2,3,40,2017
129,Cal Clutterbuck\cluttca01,29,NYI,RW,66,5,15,20,2,28,1.2,5,0,0,1,14,1,0,115,4.3,924,14:00,25,222,3,5,37.5,2017
130,Braydon Coburn\coburbr01,31,TBL,D,80,5,7,12,-1,50,3.2,4,0,1,0,7,0,0,102,4.9,1339,16:44,76,109,0,0,,2017
131,Andrew Cogliano\coglian01,29,ANA,LW,82,16,19,35,11,26,4.2,13,0,3,2,18,0,1,178,9,1241,15:08,27,76,8,10,44.4,2017
132,Joe Colborne\colbojo01,27,COL,C,62,4,4,8,-21,34,-0.5,2,2,0,0,3,1,0,48,8.3,663,10:42,14,86,45,72,38.5,2017
133,Ian Cole\coleia01,27,PIT,D,81,5,21,26,26,72,5.6,5,0,0,1,20,1,0,89,5.6,1605,19:49,194,164,0,0,,2017
134,Blake Coleman\colembl01,25,NJD,C,23,1,1,2,-7,27,-0.4,1,0,0,0,1,0,0,29,3.4,295,12:51,15,51,96,130,42.5,2017
135,Blake Comeau\comeabl01,30,COL,LW,77,8,12,20,-19,58,0.7,5,2,1,1,12,0,0,103,7.8,1154,14:59,22,129,114,132,46.3,2017
136,J.T. Compher\comphj.01,21,COL,LW,21,3,2,5,0,4,0.4,2,1,0,1,2,0,0,30,10,314,14:56,21,11,78,86,47.6,2017
137,Cory Conacher\conacco01,27,TBL,LW,11,1,3,4,0,4,0.3,0,1,0,0,3,0,0,16,6.3,127,11:34,0,1,1,1,50,2017
138,Erik Condra\condrer01,30,TBL,RW,13,0,0,0,-4,4,-0.4,0,0,0,0,0,0,0,8,0,125,09:38,7,5,1,0,100,2017
139,Kevin Connauton\connake01,26,ARI,D,24,0,1,1,-1,24,0.4,0,0,0,0,1,0,0,21,0,315,13:08,22,48,0,0,,2017
140,Brett Connolly\connobr01,24,WSH,RW,66,15,8,23,20,40,3.7,14,1,0,3,8,0,0,81,18.5,706,10:41,12,89,4,10,28.6,2017
141,Kyle Connor\connoky01,20,WPG,LW,20,2,3,5,-7,4,0,2,0,0,1,1,2,0,24,8.3,244,12:13,8,1,1,1,50,2017
142,Andrew Copp\coppan01,22,WPG,C,64,9,8,17,8,18,1.7,8,0,1,1,8,0,0,77,11.7,790,12:21,28,87,95,97,49.5,2017
143,Frank Corrado\corrafr01,23,TOT,D,4,0,0,0,-1,8,-0.1,0,0,0,0,0,0,0,3,0,43,10:46,2,4,0,0,,2017
143,Frank Corrado\corrafr01,23,TOR,D,2,0,0,0,0,6,0,0,0,0,0,0,0,0,2,0,28,14:00,2,2,0,0,,2017
143,Frank Corrado\corrafr01,23,PIT,D,2,0,0,0,-1,2,-0.1,0,0,0,0,0,0,0,1,0,15,07:33,0,2,0,0,,2017
144,Nick Cousins\cousini01,23,PHI,C,60,6,10,16,-6,31,1.1,5,1,0,0,9,1,0,99,6.1,720,12:00,24,61,89,128,41,2017
145,Logan Couture\coutulo01,27,SJS,C,73,25,27,52,11,12,6.9,14,11,0,3,22,4,1,174,14.4,1285,17:36,65,57,297,453,39.6,2017
146,Sean Couturier\coutuse01,24,PHI,C,66,14,20,34,12,33,3.9,14,0,0,2,17,2,1,120,11.7,1217,18:27,35,41,587,479,55.1,2017
147,Charlie Coyle\coylech01,24,MIN,C,82,18,38,56,13,36,6.1,14,4,0,5,33,5,0,159,11.3,1370,16:42,63,101,114,134,46,2017
148,Adam Cracknell\crackad01,31,DAL,RW,69,10,6,16,9,12,1.9,9,0,1,2,6,0,0,87,11.5,722,10:28,37,91,135,160,45.8,2017
149,Joseph Cramarossa\cramajo01,24,TOT,LW,59,4,6,10,0,60,0.6,4,0,0,1,4,0,2,36,11.1,587,09:57,23,133,6,1,85.7,2017
149,Joseph Cramarossa\cramajo01,24,ANA,LW,49,4,6,10,1,51,0.8,4,0,0,1,4,0,2,26,15.4,481,09:49,22,108,6,1,85.7,2017
149,Joseph Cramarossa\cramajo01,24,VAN,LW,10,0,0,0,-1,9,-0.2,0,0,0,0,0,0,0,10,0,106,10:35,1,25,0,0,,2017
150,Sidney Crosby\crosbsi01,29,PIT,C,75,44,45,89,17,24,12.3,30,14,0,5,34,11,0,255,17.3,1491,19:53,27,80,842,906,48.2,2017
151,Lawson Crouse\crousla01,19,ARI,LW,72,5,7,12,-20,48,-0.3,4,0,1,2,7,0,0,84,6,856,11:53,29,160,1,1,50,2017
152,Matt Cullen\cullema01,40,PIT,C,72,13,18,31,4,30,2.9,9,2,2,2,16,2,0,93,14,1002,13:55,27,36,440,419,51.2,2017
153,Austin Czarnik\czarnau01,24,BOS,C,49,5,8,13,-10,12,0.7,5,0,0,1,5,3,0,66,7.6,638,13:01,25,19,57,76,42.9,2017
154,Klas Dahlbeck\dahlbkl01,25,CAR,D,43,2,4,6,-12,30,0.6,2,0,0,0,4,0,0,37,5.4,597,13:53,38,77,0,0,,2017
155,Trevor Daley\daleytr01,33,PIT,D,56,5,14,19,7,37,3.2,4,1,0,0,10,3,1,84,6,1141,20:23,83,29,0,0,,2017
156,Zac Dalpe\dalpeza01,27,MIN,C,9,1,2,3,0,9,0.3,1,0,0,0,2,0,0,8,12.5,77,08:33,5,5,27,32,45.8,2017
157,Phillip Danault\danauph01,23,MTL,LW,82,13,27,40,5,35,3.9,13,0,0,3,24,2,1,133,9.8,1278,15:35,52,76,533,498,51.7,2017
158,Marko Daňo\danoma01,22,WPG,C,38,4,7,11,0,10,0.9,2,2,0,0,7,0,0,44,9.1,406,10:41,14,83,1,3,25,2017
159,Laurent Dauphin\dauphla01,21,ARI,C,24,2,1,3,-2,12,0,1,0,1,1,1,0,0,32,6.3,262,10:55,11,32,37,45,45.1,2017
160,Brandon Davidson\davidbr01,25,TOT,D,38,0,3,3,-2,20,0.7,0,0,0,0,3,0,0,42,0,597,15:43,61,42,0,0,,2017
160,Brandon Davidson\davidbr01,25,EDM,D,28,0,1,1,1,16,0.5,0,0,0,0,1,0,0,29,0,431,15:24,46,31,0,0,,2017
160,Brandon Davidson\davidbr01,25,MTL,D,10,0,2,2,-3,4,0.1,0,0,0,0,2,0,0,13,0,166,16:38,15,11,0,0,,2017
161,Calvin de Haan\dehaaca01,25,NYI,D,82,5,20,25,15,36,5.4,4,1,0,1,19,1,0,116,4.3,1628,19:51,190,139,0,0,,2017
162,Jacob de La Rose\delarja01,21,MTL,LW,9,0,0,0,-3,4,-0.3,0,0,0,0,0,0,0,4,0,98,10:54,5,23,17,17,50,2017
163,Jean-Sebastien Dea\deaje01,22,PIT,C,1,0,0,0,0,2,0,0,0,0,0,0,0,0,1,0,11,11:18,0,3,1,1,50,2017
164,Anthony DeAngelo\deangan01,21,ARI,D,39,5,9,14,-13,37,1.7,3,2,0,1,3,6,0,60,8.3,667,17:06,48,31,0,0,,2017
165,Danny DeKeyser\dekeyda01,26,DET,D,82,4,8,12,-22,33,2,4,0,0,2,8,0,0,85,4.7,1800,21:57,170,100,0,0,,2017
166,Michael Del Zotto\delzomi01,26,PHI,D,51,6,12,18,-5,28,3.5,6,0,0,0,10,1,1,92,6.5,995,19:30,85,173,0,1,0,2017
167,Dylan DeMelo\demeldy01,23,SJS,D,25,1,7,8,2,14,1.6,1,0,0,0,7,0,0,32,3.1,397,15:54,32,36,0,0,,2017
168,Jason Demers\demerja01,28,FLA,D,81,9,19,28,-14,53,4.9,9,0,0,2,12,5,2,98,9.2,1588,19:37,90,106,0,1,0,2017
169,David Desharnais\deshada01,30,TOT,C,49,6,8,14,4,12,1.4,6,0,0,1,6,2,0,46,13,610,12:28,15,5,170,162,51.2,2017
169,David Desharnais\deshada01,30,MTL,C,31,4,6,10,5,6,1.1,4,0,0,1,4,2,0,30,13.3,406,13:06,6,2,76,83,47.8,2017
169,David Desharnais\deshada01,30,EDM,C,18,2,2,4,-1,6,0.3,2,0,0,0,2,0,0,16,12.5,204,11:21,9,3,94,79,54.3,2017
170,Andrew Desjardins\desjaan01,30,CHI,LW,46,0,1,1,-6,22,-1,0,0,0,0,1,0,0,46,0,432,09:24,17,73,39,30,56.5,2017
171,Nicolas Deslauriers\deslani01,25,BUF,LW,42,0,2,2,-6,38,-0.5,0,0,0,0,2,0,0,26,0,311,07:25,5,109,0,3,0,2017
172,Simon Despres\desprsi01,25,ANA,D,1,0,0,0,0,0,0,0,0,0,0,0,0,0,1,0,16,16:08,1,1,0,0,,2017
173,Phillip Di Giuseppe\digiuph01,23,CAR,LW,36,1,6,7,-12,15,-0.3,1,0,0,1,5,1,0,68,1.5,443,12:18,10,91,0,2,0,2017
174,Jason Dickinson\dickija01,21,DAL,C,10,2,0,2,-3,0,0.1,2,0,0,0,0,0,0,9,22.2,118,11:47,4,8,4,9,30.8,2017
175,Christopher Didomenico\didomch01,27,OTT,RW,3,0,0,0,0,6,-0.1,0,0,0,0,0,0,0,5,0,33,11:01,2,2,2,1,66.7,2017
176,Brenden Dillon\dillobr01,26,SJS,D,81,2,8,10,-2,60,2.6,2,0,0,0,8,0,0,86,2.3,1334,16:28,81,173,0,0,,2017
177,Shane Doan\doansh01,40,ARI,RW,74,6,21,27,-3,48,1.7,3,3,0,0,19,2,0,144,4.2,1114,15:03,22,101,94,105,47.2,2017
178,Max Domi\domima01,21,ARI,LW,59,9,29,38,-9,40,3.2,8,1,0,1,22,7,0,108,8.3,1002,16:59,21,28,5,5,50,2017
179,Joonas Donskoi\donskjo01,24,SJS,RW,61,6,11,17,-5,10,1,5,1,0,0,8,3,0,95,6.3,842,13:49,27,27,8,8,50,2017
180,Derek Dorsett\dorsede01,30,VAN,RW,14,1,3,4,-6,33,0.1,1,0,0,0,3,0,0,24,4.2,139,09:56,6,35,1,0,100,2017
181,Jake Dotchin\dotchja01,22,TBL,D,35,0,11,11,10,35,2.7,0,0,0,0,11,0,0,50,0,645,18:26,19,85,0,0,,2017
182,Drew Doughty\doughdr01,27,LAK,D,82,12,32,44,8,46,10.5,7,5,0,1,17,14,1,181,6.6,2226,03:09,109,129,1,0,100,2017
183,Nic Dowd\dowdni01,26,LAK,C,70,6,16,22,-15,25,1.3,5,1,0,2,9,7,0,78,7.7,872,12:27,35,145,338,369,47.8,2017
184,Justin Dowling\dowliju01,26,DAL,C,9,0,2,2,0,2,0,0,0,0,0,1,1,0,11,0,94,10:28,0,1,38,31,55.1,2017
185,Leon Draisaitl\draisle01,21,EDM,C,82,29,48,77,7,20,9.6,19,10,0,5,31,17,0,172,16.9,1548,18:53,36,41,476,496,49,2017
186,Jonathan Drouin\drouijo01,21,TBL,LW,73,21,32,53,-13,16,5.5,12,9,0,6,15,17,0,183,11.5,1293,17:42,16,50,96,124,43.6,2017
187,Brandon Dubinsky\dubinbr01,30,CBJ,C,80,12,29,41,16,91,4.1,10,1,1,5,26,3,0,115,10.4,1432,17:54,60,248,770,718,51.7,2017
188,Matt Duchene\duchema01,26,COL,C,77,18,23,41,-34,12,3.1,14,3,1,3,17,6,0,160,11.3,1409,18:18,41,42,687,411,62.6,2017
189,Anthony Duclair\duclaan01,21,ARI,LW,58,5,10,15,-7,14,0.7,5,0,0,1,8,2,0,76,6.6,771,13:18,17,22,4,4,50,2017
190,Mathew Dumba\dumbama01,22,MIN,D,76,11,23,34,15,59,6.9,5,6,0,1,16,6,1,131,8.4,1545,20:20,71,96,0,0,,2017
191,Gabriel Dumont\dumonga01,26,TBL,C,39,2,2,4,1,29,0.1,2,0,0,0,2,0,0,34,5.9,377,09:40,19,83,133,109,55,2017
192,Brian Dumoulin\dumoubr01,25,PIT,D,70,1,14,15,0,14,1.7,1,0,0,0,10,4,0,78,1.3,1438,20:33,99,113,0,0,,2017
193,Christian Dvorak\dvorach01,20,ARI,C,78,15,18,33,7,22,3.6,13,2,0,1,15,3,0,88,17,1218,15:37,56,72,471,535,46.8,2017
194,Ryan Dzingel\dzingry01,24,OTT,LW,81,14,18,32,7,30,3.5,12,1,1,1,16,2,0,123,11.4,1165,14:23,21,71,9,21,30,2017
195,Cody Eakin\eakinco01,25,DAL,C,60,3,9,12,-7,49,-0.5,3,0,0,1,7,2,0,82,3.7,1009,16:49,39,65,524,477,52.3,2017
196,Patrick Eaves\eavespa01,32,TOT,RW,79,32,19,51,-2,24,6.9,19,13,0,2,14,5,0,209,15.3,1296,16:25,43,89,2,2,50,2017
196,Patrick Eaves\eavespa01,32,DAL,RW,59,21,16,37,-10,16,4.2,10,11,0,1,11,5,0,154,13.6,982,16:39,32,60,2,2,50,2017
196,Patrick Eaves\eavespa01,32,ANA,RW,20,11,3,14,8,8,2.6,9,2,0,1,3,0,0,55,20,314,15:42,11,29,0,0,,2017
197,Jordan Eberle\eberljo01,26,EDM,RW,82,20,31,51,3,16,5.7,16,4,0,0,21,10,0,208,9.6,1375,16:46,37,26,10,10,50,2017
198,Alexander Edler\edleral01,30,VAN,D,68,6,15,21,-20,36,3.6,4,2,0,0,13,2,0,138,4.3,1653,00:19,138,106,2,1,66.7,2017
199,Joel Edmundson\edmunjo01,23,STL,D,69,3,12,15,11,60,4.2,3,0,0,1,12,0,0,81,3.7,1226,17:46,95,122,0,0,,2017
200,Nikolaj Ehlers\ehlerni01,20,WPG,LW,82,25,39,64,1,38,7.2,20,5,0,4,32,7,0,204,12.3,1434,17:29,28,43,0,4,0,2017
201,Jack Eichel\eicheja01,20,BUF,C,61,24,33,57,-13,22,6.6,14,10,0,4,19,14,0,249,9.6,1215,19:55,35,26,310,486,38.9,2017
202,Aaron Ekblad\ekblaaa01,20,FLA,D,68,10,11,21,-23,58,3.4,5,4,1,2,7,4,0,225,4.4,1459,21:28,62,88,0,0,,2017
203,Mattias Ekholm\ekholma01,26,NSH,D,82,3,20,23,4,34,4.6,3,0,0,1,16,3,1,120,2.5,1924,23:28,108,61,0,0,,2017
204,Oliver Ekman-Larsson\ekmanol01,25,ARI,D,79,12,27,39,-25,48,5.6,4,8,0,1,16,11,0,145,8.3,1945,00:37,85,112,0,0,,2017
205,Remi Elie\eliere01,21,DAL,LW,18,1,6,7,5,8,0.6,1,0,0,0,6,0,0,15,6.7,281,15:38,11,30,1,0,100,2017
206,Lars Eller\ellerla01,27,WSH,C,81,12,13,25,15,36,2.6,11,0,1,2,12,1,0,115,10.4,1126,13:54,30,71,416,467,47.1,2017
207,Ryan Ellis\ellisry01,26,NSH,D,71,16,22,38,17,29,8.7,11,4,1,3,13,7,2,140,11.4,1701,23:57,137,64,0,0,,2017
208,Alexei Emelin\emelial01,30,MTL,D,76,2,8,10,1,71,3,2,0,0,0,8,0,0,82,2.4,1620,21:19,127,241,0,0,,2017
209,Deryk Engelland\engelde01,34,CGY,D,81,4,12,16,2,85,3.9,4,0,0,2,12,0,0,107,3.7,1485,18:20,134,135,1,0,100,2017
210,Andreas Englund\engluan01,21,OTT,D,5,0,0,0,-3,2,-0.2,0,0,0,0,0,0,0,3,0,53,10:38,0,18,0,0,,2017
211,Tyler Ennis\ennisty01,27,BUF,LW,51,5,8,13,-10,12,0.6,5,0,0,1,5,3,0,89,5.6,655,12:50,23,45,3,13,18.8,2017
212,Toby Enstrom\enstrto01,32,WPG,D,60,1,13,14,-7,42,1.3,0,0,1,0,7,6,0,46,2.2,1314,21:54,94,24,0,0,,2017
213,Jonathan Ericsson\ericsjo01,32,DET,D,51,1,8,9,-2,63,2.1,1,0,0,0,8,0,0,43,2.3,980,19:13,36,86,0,0,,2017
214,Loui Eriksson\erikslo01,31,VAN,LW,65,11,13,24,-9,8,1.8,6,5,0,1,10,2,1,132,8.3,1214,18:41,26,11,0,1,0,2017
215,Joel Eriksson Ek\eriksjo02,20,MIN,LW,15,3,4,7,1,4,0.8,3,0,0,1,4,0,0,15,20,159,10:37,8,23,45,64,41.3,2017
216,Adam Erne\ernead01,21,TBL,LW,26,3,0,3,-9,11,-0.2,3,0,0,0,0,0,0,40,7.5,307,11:48,13,71,0,2,0,2017
217,Emerson Etem\etemem01,24,ANA,LW,3,0,0,0,1,2,0,0,0,0,0,0,0,0,0,,26,08:48,0,4,0,1,0,2017
218,Robby Fabbri\fabbrro01,21,STL,C,51,11,18,29,-16,27,2.5,7,4,0,0,13,5,0,91,12.1,796,15:37,14,64,13,11,54.2,2017
219,Radek Faksa\faksara01,23,DAL,C,80,12,21,33,-6,67,2.4,12,0,0,0,19,2,0,132,9.1,1294,16:10,62,101,590,632,48.3,2017
220,Justin Falk\falkju01,28,BUF,D,52,0,8,8,-3,29,1.5,0,0,0,0,8,0,0,33,0,712,13:42,40,101,1,0,100,2017
221,Bobby Farnham\farnhbo01,28,MTL,RW,3,0,0,0,0,17,0,0,0,0,0,0,0,0,4,0,25,08:16,2,8,1,0,100,2017
222,Hudson Fasching\faschhu01,21,BUF,RW,10,0,1,1,-1,2,-0.1,0,0,0,0,1,0,0,6,0,104,10:25,2,17,0,0,,2017
223,Jesper Fast\fastje01,25,NYR,RW,68,6,15,21,6,16,1.5,6,0,0,1,15,0,0,56,10.7,938,13:48,44,99,17,27,38.6,2017
224,Justin Faulk\faulkju01,24,CAR,D,75,17,20,37,-18,32,6.6,13,4,0,2,11,9,0,225,7.6,1736,23:08,84,117,0,0,,2017
225,Mark Fayne\faynema01,29,EDM,D,4,0,2,2,1,0,0.3,0,0,0,0,2,0,0,4,0,32,07:55,2,1,0,0,,2017
226,Taylor Fedun\fedunta01,28,BUF,D,27,0,7,7,3,16,1.5,0,0,0,0,4,3,0,24,0,361,13:22,20,7,0,0,,2017
227,Eric Fehr\fehrer01,31,TOT,C,53,6,5,11,2,14,0.7,6,0,0,3,5,0,0,62,9.7,579,10:56,35,82,79,76,51,2017
227,Eric Fehr\fehrer01,31,PIT,C,52,6,5,11,3,14,0.8,6,0,0,3,5,0,0,61,9.8,568,10:56,34,78,75,76,49.7,2017
227,Eric Fehr\fehrer01,31,TOR,C,1,0,0,0,-1,0,-0.1,0,0,0,0,0,0,0,1,0,11,10:44,1,4,4,0,100,2017
228,Micheal Ferland\ferlami01,24,CGY,LW,76,15,10,25,-1,50,2.9,13,2,0,1,8,2,0,106,14.2,879,11:34,26,149,3,4,42.9,2017
229,Kevin Fiala\fialake01,20,NSH,LW,54,11,5,16,1,18,1.8,11,0,0,1,5,0,0,114,9.6,730,13:31,14,44,0,0,,2017
230,Vernon Fiddler\fiddlve01,36,TOT,LW,59,2,2,4,-15,66,-1,1,0,1,0,2,0,0,48,4.2,687,11:39,33,57,370,316,53.9,2017
230,Vernon Fiddler\fiddlve01,36,NJD,LW,39,1,2,3,-11,29,-0.7,0,0,1,0,2,0,0,37,2.7,477,12:14,19,42,247,223,52.6,2017
230,Vernon Fiddler\fiddlve01,36,NSH,LW,20,1,0,1,-4,37,-0.3,1,0,0,0,0,0,0,11,9.1,210,10:31,14,15,123,93,56.9,2017
231,Valtteri Filppula\filppva01,32,TOT,C,79,12,30,42,-1,26,3.7,12,0,0,1,23,7,0,97,12.4,1375,17:24,39,26,556,606,47.8,2017
231,Valtteri Filppula\filppva01,32,TBL,C,59,7,27,34,1,24,2.9,7,0,0,1,20,7,0,74,9.5,1033,17:30,28,21,430,494,46.5,2017
231,Valtteri Filppula\filppva01,32,PHI,C,20,5,3,8,-2,2,0.8,5,0,0,0,3,0,0,23,21.7,343,17:08,11,5,126,112,52.9,2017
232,Christian Fischer\fischch01,19,ARI,RW,7,3,0,3,0,0,0.5,3,0,0,1,0,0,0,10,30,86,12:20,0,9,0,0,,2017
233,Mike Fisher\fishemi01,36,NSH,C,72,18,24,42,1,55,4.7,11,7,0,3,14,10,0,120,15,1196,16:37,64,160,703,577,54.9,2017
234,Brian Flynn\flynnbr01,28,MTL,C,51,6,4,10,2,4,0.8,6,0,0,0,4,0,0,47,12.8,615,12:04,29,20,69,80,46.3,2017
235,Marcus Foligno\foligma01,25,BUF,LW,80,13,10,23,-1,73,2.1,12,0,1,0,10,0,0,97,13.4,1238,15:28,57,279,1,4,20,2017
236,Nick Foligno\foligni01,29,CBJ,LW,79,26,25,51,-4,55,5.9,15,11,0,5,15,10,0,185,14.1,1456,18:26,50,157,41,48,46.1,2017
237,Christian Folin\folinch01,25,MIN,D,51,2,6,8,10,26,2.3,2,0,0,0,6,0,0,39,5.1,762,14:56,59,69,0,0,,2017
238,Derek Forbort\forbode01,24,LAK,D,82,2,16,18,8,54,5.6,2,0,0,0,15,0,1,100,2,1650,20:07,159,180,1,0,100,2017
239,Jakob Forsbacka Karlsson\forsbja01,20,BOS,C,1,0,0,0,0,0,0,0,0,0,0,0,0,0,0,,8,08:25,0,0,1,1,50,2017
240,Filip Forsberg\forsbfi01,22,NSH,LW,82,31,27,58,-4,32,7.2,25,3,3,9,21,6,0,234,13.2,1518,18:31,26,97,5,13,27.8,2017
241,Gustav Forsling\forslgu02,20,CHI,D,38,2,3,5,3,4,1.3,2,0,0,0,2,1,0,48,4.2,563,14:49,17,16,0,0,,2017
242,Cam Fowler\fowleca01,25,ANA,D,80,11,28,39,7,20,8.3,5,5,1,3,17,10,1,186,5.9,1988,00:51,134,29,0,0,,2017
243,Cody Franson\fransco01,29,BUF,D,68,3,16,19,-5,34,3.6,2,1,0,0,15,1,0,93,3.2,1257,18:29,68,87,0,0,,2017
244,Martin Frk\frkma01,23,CAR,RW,2,0,0,0,-3,0,-0.2,0,0,0,0,0,0,0,1,0,17,08:20,1,3,0,0,,2017
245,Byron Froese\froesby01,25,TOT,C,6,0,0,0,-3,5,-0.2,0,0,0,0,0,0,0,6,0,63,10:33,4,3,26,30,46.4,2017
245,Byron Froese\froesby01,25,TBL,C,4,0,0,0,-3,0,-0.2,0,0,0,0,0,0,0,4,0,47,11:49,3,3,19,17,52.8,2017
245,Byron Froese\froesby01,25,TOR,C,2,0,0,0,0,5,0,0,0,0,0,0,0,0,2,0,16,08:01,1,0,7,13,35,2017
246,Michael Frolik\frolimi01,28,CGY,RW,82,17,27,44,13,58,4.9,12,3,2,1,21,5,1,202,8.4,1401,17:05,48,60,13,16,44.8,2017
247,Marian Gaborik\gaborma01,34,LAK,RW,56,10,11,21,-4,18,2.2,7,3,0,3,9,2,0,123,8.1,828,14:47,15,21,0,1,0,2017
248,Kurtis Gabriel\gabriku01,23,MIN,RW,13,0,1,1,0,29,0,0,0,0,0,1,0,0,3,0,76,05:49,1,26,0,0,,2017
249,Sam Gagner\gagnesa01,27,CBJ,C,81,18,32,50,10,22,6.1,10,8,0,1,22,10,0,178,10.1,1111,13:43,16,22,202,223,47.5,2017
250,Alex Galchenyuk\galchal01,22,MTL,C,61,17,27,44,-5,24,4.9,11,6,0,6,18,9,0,104,16.3,972,15:56,32,36,274,368,42.7,2017
251,Brendan Gallagher\gallabr01,24,MTL,RW,64,10,19,29,7,39,3,9,1,0,2,17,2,0,187,5.3,966,15:06,15,69,30,44,40.5,2017
252,Ryan Garbutt\garbury01,31,ANA,LW,27,2,1,3,-3,20,0,2,0,0,1,0,0,1,26,7.7,247,09:10,12,53,7,4,63.6,2017
253,Jake Gardiner\gardija01,26,TOR,D,82,9,34,43,24,34,8.7,7,2,0,2,23,11,0,127,7.1,1766,21:32,83,69,0,0,,2017
254,Jason Garrison\garrija01,32,TBL,D,70,1,8,9,-8,14,1.8,1,0,0,0,8,0,0,96,1,1300,18:34,91,93,0,0,,2017
255,Tyler Gaudet\gaudety01,23,ARI,C,4,0,1,1,0,0,0,0,0,0,0,1,0,0,3,0,52,12:59,1,3,14,21,40,2017
256,Frederick Gaudreau\gaudrfr01,23,NSH,C,9,0,1,1,1,0,0,0,0,0,0,1,0,0,8,0,78,08:40,5,1,4,8,33.3,2017
257,Johnny Gaudreau\gaudrjo01,23,CGY,LW,72,18,43,61,-7,4,6.1,14,4,0,3,31,12,0,182,9.9,1331,18:29,14,9,0,0,,2017
258,Brendan Gaunce\gauncbr01,22,VAN,LW,57,0,5,5,-2,33,-0.3,0,0,0,0,5,0,0,51,0,541,09:29,12,94,84,80,51.2,2017
259,Cameron Gaunce\gauncca01,26,PIT,D,12,1,3,4,1,13,0.6,1,0,0,0,3,0,0,8,12.5,150,12:31,10,23,0,0,,2017
260,Frederik Gauthier\gauthfr01,21,TOR,C,21,2,1,3,2,23,0.3,2,0,0,0,1,0,0,15,13.3,204,09:42,17,17,120,115,51.1,2017
261,Luke Gazdic\gazdilu01,27,NJD,LW,11,0,0,0,-2,12,-0.2,0,0,0,0,0,0,0,3,0,78,07:08,6,16,0,0,,2017
262,Eric Gelinas\geliner01,25,COL,D,27,0,1,1,-4,12,0.2,0,0,0,0,1,0,0,29,0,313,11:35,16,32,0,1,0,2017
263,Ryan Getzlaf\getzlry01,31,ANA,C,74,15,58,73,7,49,7.6,7,6,2,3,43,14,1,138,10.9,1559,21:04,88,99,509,503,50.3,2017
264,Tom Gilbert\gilbeto01,34,LAK,D,18,1,4,5,-4,6,0.8,1,0,0,0,3,1,0,12,8.3,278,15:27,28,10,0,0,,2017
265,Brian Gionta\giontbr01,38,BUF,RW,82,15,20,35,-11,22,3,11,3,1,3,15,4,1,149,10.1,1362,16:36,30,54,46,60,43.4,2017
266,Stephen Gionta\giontst01,33,NYI,RW,26,1,5,6,9,2,0.6,1,0,0,0,5,0,0,17,5.9,291,11:12,7,56,56,64,46.7,2017
267,Mark Giordano\giordma01,33,CGY,D,81,12,27,39,22,59,9.4,7,3,2,4,15,11,1,151,7.9,1910,23:35,184,78,0,0,,2017
268,Dan Girardi\girarda01,32,NYR,D,63,4,11,15,8,16,3.3,3,0,1,3,10,0,1,56,7.1,1203,19:06,166,107,0,0,,2017
269,Zemgus Girgensons\girgeze01,23,BUF,C,75,7,9,16,-7,18,0.8,7,0,0,0,9,0,0,112,6.3,987,13:10,26,120,273,306,47.2,2017
270,Claude Giroux\giroucl01,29,PHI,C,82,14,44,58,-15,38,4.9,9,5,0,3,17,26,1,199,7,1568,19:07,28,68,977,771,55.9,2017
271,Tanner Glass\glassta01,33,NYR,LW,11,1,1,2,0,17,0.1,1,0,0,0,1,0,0,8,12.5,120,10:55,4,37,2,0,100,2017
272,Luke Glendening\glendlu01,27,DET,C,74,3,11,14,-10,26,0,3,0,0,0,10,1,0,76,3.9,956,12:55,62,150,307,261,54,2017
273,Nikolay Goldobin\goldoni01,21,TOT,RW,14,3,0,3,0,0,0.4,3,0,0,1,0,0,0,14,21.4,159,11:22,4,1,0,0,,2017
273,Nikolay Goldobin\goldoni01,21,VAN,RW,12,3,0,3,1,0,0.5,3,0,0,1,0,0,0,10,30,140,11:38,3,0,0,0,,2017
273,Nikolay Goldobin\goldoni01,21,SJS,LW,2,0,0,0,-1,0,-0.1,0,0,0,0,0,0,0,4,0,20,09:50,1,1,0,0,,2017
274,Alex Goligoski\goligal01,31,ARI,D,82,6,30,36,-9,28,5.9,4,1,1,0,22,7,1,112,5.4,1913,23:20,143,137,0,0,,2017
275,Cody Goloubef\golouco01,27,COL,D,33,0,5,5,-11,25,0.4,0,0,0,0,5,0,0,35,0,561,16:59,33,30,0,0,,2017
276,Barclay Goodrow\goodrba01,23,SJS,RW,3,0,1,1,0,0,0.1,0,0,0,0,1,0,0,3,0,34,11:18,1,3,0,0,,2017
277,Boyd Gordon\gordobo01,33,PHI,C,13,1,0,1,-5,2,-0.2,1,0,0,0,0,0,0,8,12.5,106,08:11,7,4,48,38,55.8,2017
278,Josh Gorges\gorgejo01,32,BUF,D,66,1,5,6,-3,50,2.1,1,0,0,0,5,0,0,40,2.5,1218,18:27,108,143,0,1,0,2017
279,Shayne Gostisbehere\gostish01,23,PHI,D,76,7,32,39,-21,32,5.2,5,2,0,1,11,21,0,198,3.5,1489,19:36,94,43,0,0,,2017
280,Yanni Gourde\gourdya01,25,TBL,C,20,6,2,8,-1,8,1,5,0,1,1,2,0,0,30,20,307,15:22,3,11,60,103,36.8,2017
281,Michael Grabner\grabnmi01,29,NYR,RW,76,27,13,40,22,10,6.3,26,0,1,3,11,0,2,162,16.7,1071,14:06,34,41,7,6,53.8,2017
282,Petter Granberg\granbpe01,24,NSH,D,10,0,0,0,0,10,0.1,0,0,0,0,0,0,0,4,0,96,09:38,9,17,0,0,,2017
283,Markus Granlund\granlma01,23,VAN,C,69,19,13,32,-19,14,3.2,16,3,0,3,9,4,0,122,15.6,1194,17:19,11,32,40,61,39.6,2017
284,Mikael Granlund\granlmi01,24,MIN,C,81,26,43,69,23,12,8.5,16,7,3,4,29,13,1,177,14.7,1525,18:49,50,50,16,17,48.5,2017
285,Derek Grant\grantde01,26,TOT,C,46,0,4,4,-5,24,-0.5,0,0,0,0,4,0,0,40,0,449,09:46,29,27,200,183,52.2,2017
285,Derek Grant\grantde01,26,BUF,C,40,0,3,3,-3,19,-0.4,0,0,0,0,3,0,0,34,0,397,09:55,25,25,172,159,52,2017
285,Derek Grant\grantde01,26,NSH,C,6,0,1,1,-2,5,-0.1,0,0,0,0,1,0,0,6,0,52,08:41,4,2,28,24,53.8,2017
286,Tyler Graovac\graovty01,23,MIN,C,52,7,2,9,7,10,1.1,7,0,0,2,2,0,0,48,14.6,512,09:50,15,52,163,180,47.5,2017
287,Kevin Gravel\graveke01,24,LAK,D,49,1,6,7,3,6,2.3,0,1,0,0,5,1,0,52,1.9,693,14:09,65,73,0,0,,2017
288,Mike Green\greenmi03,31,DET,D,72,14,22,36,-20,40,5.8,11,3,0,2,15,7,0,125,11.2,1696,23:33,92,67,0,0,,2017
289,Andy Greene\greenan01,34,NJD,D,66,4,9,13,-16,8,2.5,2,1,1,1,6,3,0,83,4.8,1448,21:57,124,50,0,0,,2017
290,Matt Greene\greenma01,33,LAK,D,26,1,1,2,3,19,1.2,1,0,0,0,1,0,0,14,7.1,343,13:11,27,71,0,0,,2017
291,A.J. Greer\greeraj01,20,COL,LW,5,0,1,1,-2,4,-0.1,0,0,0,0,1,0,0,8,0,68,13:39,3,4,0,0,,2017
292,Alexandre Grenier\grenial01,25,VAN,RW,3,0,0,0,-1,0,-0.1,0,0,0,0,0,0,0,1,0,19,06:29,0,3,2,0,100,2017
293,Seth Griffith\griffse01,24,TOT,C,24,0,5,5,6,8,0.3,0,0,0,0,4,1,0,21,0,306,12:44,5,30,2,6,25,2017
293,Seth Griffith\griffse01,24,FLA,C,21,0,5,5,6,8,0.4,0,0,0,0,4,1,0,18,0,277,13:12,5,27,2,6,25,2017
293,Seth Griffith\griffse01,24,TOR,C,3,0,0,0,0,0,-0.1,0,0,0,0,0,0,0,3,0,28,09:28,0,3,0,0,,2017
294,Mikhail Grigorenko\grigomi01,22,COL,C,75,10,13,23,-14,18,1.6,10,0,0,0,9,4,0,85,11.8,1057,14:05,26,27,111,81,57.8,2017
295,Rocco Grimaldi\grimaro01,23,COL,C,4,0,1,1,-3,2,-0.1,0,0,0,0,1,0,0,11,0,44,11:00,4,1,0,0,,2017
296,Nicklas Grossmann\grossni01,32,CGY,D,3,0,0,0,-4,2,-0.3,0,0,0,0,0,0,0,3,0,39,13:01,1,7,0,0,,2017
297,Eric Gryba\grybaer01,28,EDM,D,40,2,4,6,-5,65,1,2,0,0,2,4,0,0,45,4.4,646,16:08,47,145,0,0,,2017
298,Matt Grzelcyk\grzelma01,23,BOS,D,2,0,0,0,0,2,0,0,0,0,0,0,0,0,4,0,25,12:29,1,0,0,0,,2017
299,Radko Gudas\gudasra01,26,PHI,D,67,6,17,23,8,93,5.5,6,0,0,0,16,1,0,113,5.3,1293,19:18,124,280,0,0,,2017
300,Erik Gudbranson\gudbrer01,25,VAN,D,30,1,5,6,-14,18,0.5,1,0,0,1,5,0,0,40,2.5,610,20:20,44,66,0,0,,2017
301,Jake Guentzel\guentja01,22,PIT,C,40,16,17,33,7,10,4.4,15,1,0,0,15,2,0,81,19.8,635,15:53,18,61,8,8,50,2017
302,Brendan Guhle\guhlebr01,19,BUF,D,3,0,0,0,1,0,0.1,0,0,0,0,0,0,0,4,0,49,16:21,8,3,0,0,,2017
303,Carl Gunnarsson\gunnaca01,30,STL,D,56,0,6,6,-5,4,1,0,0,0,0,6,0,0,32,0,761,13:36,68,42,0,0,,2017
304,Denis Gurianov\guriade01,19,DAL,RW,1,0,0,0,-1,0,-0.1,0,0,0,0,0,0,0,0,,13,13:06,3,1,0,0,,2017
305,Carl Hagelin\hagelca01,28,PIT,LW,61,6,16,22,10,16,1.5,6,0,0,2,15,0,1,128,4.7,945,15:29,24,66,3,3,50,2017
306,Robert Hagg\haggro01,21,PHI,D,1,0,0,0,0,0,0,0,0,0,0,0,0,0,5,0,21,21:19,3,4,0,0,,2017
307,Ron Hainsey\hainsro01,35,TOT,D,72,4,13,17,-8,21,3.2,3,0,1,1,11,0,2,71,5.6,1586,22:02,120,93,0,0,,2017
307,Ron Hainsey\hainsro01,35,CAR,D,56,4,10,14,-16,17,2.2,3,0,1,1,9,0,1,62,6.5,1250,22:20,92,79,0,0,,2017
307,Ron Hainsey\hainsro01,35,PIT,D,16,0,3,3,8,4,1,0,0,0,0,2,0,1,9,0,336,21:00,28,14,0,0,,2017
308,Micheal Haley\haleymi01,30,SJS,C,58,2,10,12,6,128,1,2,0,0,1,10,0,0,37,5.4,532,09:11,23,129,66,83,44.3,2017
309,Taylor Hall\hallta02,25,NJD,LW,72,20,33,53,-9,32,5.9,13,7,0,4,25,8,0,238,8.4,1392,19:20,31,59,8,10,44.4,2017
310,Dan Hamhuis\hamhuda01,34,DAL,D,79,1,15,16,-7,23,2.2,0,1,0,0,13,0,2,83,1.2,1529,19:22,100,93,0,0,,2017
311,Dougie Hamilton\hamildo01,23,CGY,D,81,13,37,50,12,64,9.5,11,2,0,5,24,12,1,222,5.9,1594,19:41,94,68,0,0,,2017
312,Freddie Hamilton\hamilfr01,25,CGY,C,26,2,0,2,-3,8,-0.1,2,0,0,1,0,0,0,30,6.7,254,09:47,1,46,75,51,59.5,2017
313,Travis Hamonic\hamontr01,26,NYI,D,49,3,11,14,-21,60,0.6,3,0,0,0,10,1,0,74,4.1,1002,20:27,108,58,0,0,,2017
314,Noah Hanifin\hanifno01,20,CAR,D,81,4,25,29,-19,26,3.8,2,2,0,1,16,9,0,108,3.7,1452,17:55,73,57,0,0,,2017
315,Joel Hanley\hanlejo01,25,MTL,D,7,0,0,0,-3,4,-0.2,0,0,0,0,0,0,0,5,0,71,10:09,4,8,0,0,,2017
316,Markus Hannikainen\hannima01,23,CBJ,LW,10,1,1,2,0,6,0.2,1,0,0,0,1,0,0,8,12.5,91,09:08,5,16,0,0,,2017
317,Jannik Hansen\hanseja01,30,TOT,RW,43,8,12,20,2,34,2.2,8,0,0,1,12,0,0,73,11,690,16:03,15,43,0,1,0,2017
317,Jannik Hansen\hanseja01,30,VAN,RW,28,6,7,13,2,27,1.5,6,0,0,1,7,0,0,56,10.7,458,16:21,8,20,0,0,,2017
317,Jannik Hansen\hanseja01,30,SJS,RW,15,2,5,7,0,7,0.6,2,0,0,0,5,0,0,17,11.8,233,15:30,7,23,0,1,0,2017
318,Martin Hanzal\hanzama01,29,TOT,C,71,20,19,39,-17,53,3.7,15,5,0,2,15,4,0,169,11.8,1258,17:43,58,145,767,593,56.4,2017
318,Martin Hanzal\hanzama01,29,ARI,C,51,16,10,26,-15,43,2.5,12,4,0,2,6,4,0,126,12.7,948,18:35,45,105,596,468,56,2017
318,Martin Hanzal\hanzama01,29,MIN,C,20,4,9,13,-2,10,1.2,3,1,0,0,9,0,0,43,9.3,310,15:31,13,40,171,125,57.8,2017
319,Shane Harper\harpesh01,27,FLA,RW,14,2,1,3,-1,18,0.3,2,0,0,0,1,0,0,13,15.4,144,10:18,0,19,0,0,,2017
320,Ben Harpur\harpube01,22,OTT,D,6,0,0,0,-1,0,0,0,0,0,0,0,0,0,3,0,107,17:48,3,5,0,0,,2017
321,Scott Harrington\harrisc01,23,CBJ,D,22,1,2,3,3,10,0.9,1,0,0,0,2,0,0,16,6.3,286,13:00,24,21,0,0,,2017
322,Ryan Hartman\hartmry01,22,CHI,LW,76,19,12,31,13,70,4.2,18,1,0,4,12,0,0,170,11.2,970,12:46,30,121,25,37,40.3,2017
323,Scott Hartnell\hartnsc01,34,CBJ,LW,78,13,24,37,14,63,4.6,11,2,0,1,23,1,0,104,12.5,941,12:04,40,94,3,3,50,2017
324,Garnet Hathaway\hathaga01,25,CGY,RW,26,1,4,5,0,44,0.3,1,0,0,0,4,0,0,22,4.5,238,09:08,14,56,10,9,52.6,2017
325,Erik Haula\haulaer01,25,MIN,C,72,15,11,26,5,28,2.8,14,1,0,4,11,0,0,134,11.2,995,13:49,38,39,404,346,53.9,2017
326,John Hayden\haydejo01,21,CHI,LW,12,1,3,4,3,4,0.4,1,0,0,0,3,0,0,22,4.5,140,11:41,2,44,0,0,,2017
327,Jimmy Hayes\hayesji01,27,BOS,RW,58,2,3,5,-3,29,-0.1,2,0,0,1,3,0,0,74,2.7,535,09:14,10,74,14,41,25.5,2017
328,Kevin Hayes\hayeske01,24,NYR,RW,76,17,32,49,10,18,5.3,15,1,1,4,20,6,6,143,11.9,1258,16:34,30,40,442,526,45.7,2017
329,Victor Hedman\hedmavi01,26,TBL,D,79,16,56,72,3,47,12,12,4,0,5,27,29,0,166,9.6,1936,00:30,132,93,0,0,,2017
330,Tim Heed\heedti01,26,SJS,D,1,0,0,0,0,0,0,0,0,0,0,0,0,0,1,0,16,16:29,2,0,0,0,,2017
331,Danton Heinen\heineda01,21,BOS,C,8,0,0,0,-3,2,-0.3,0,0,0,0,0,0,0,7,0,106,13:14,2,6,0,0,,2017
332,Seth Helgeson\helgese01,26,NJD,D,9,1,0,1,2,15,0.6,1,0,0,0,0,0,0,3,33.3,121,13:28,11,16,0,0,,2017
333,Darren Helm\helmda01,30,DET,C,50,8,9,17,-6,20,1.4,6,2,0,1,6,2,1,98,8.2,768,15:22,18,71,216,204,51.4,2017
334,Ales Hemsky\hemskal01,33,DAL,RW,15,4,3,7,-1,0,0.8,3,1,0,0,2,1,0,30,13.3,216,14:25,4,1,0,0,,2017
335,Matt Hendricks\hendrma01,35,EDM,LW,42,4,3,7,-3,29,0.3,4,0,0,1,3,0,0,42,9.5,451,10:45,39,79,132,100,56.9,2017
336,Samuel Henley\henlesa01,23,COL,C,1,1,0,1,1,2,0.3,1,0,0,0,0,0,0,1,100,5,05:18,0,2,0,1,0,2017
337,Adam Henrique\henriad01,26,NJD,C,82,20,20,40,-20,38,3.9,12,6,2,2,15,4,1,142,14.1,1490,18:10,67,87,585,628,48.2,2017
338,Tomas Hertl\hertlto01,23,SJS,C,49,10,12,22,-8,14,1.9,9,1,0,4,11,1,0,100,10,844,17:13,42,76,245,229,51.7,2017
339,Thomas Hickey\hicketh01,27,NYI,D,76,4,16,20,-1,35,3.2,4,0,0,2,13,3,0,87,4.6,1331,17:31,103,89,0,0,,2017
340,Vinnie Hinostroza\hinosvi01,22,CHI,LW,49,6,8,14,-1,17,1.1,6,0,0,2,8,0,0,76,7.9,587,11:59,19,31,68,103,39.8,2017
341,Niklas Hjalmarsson\hjalmni01,29,CHI,D,73,5,13,18,12,20,4.4,5,0,0,0,12,0,1,61,8.2,1569,21:30,181,23,0,0,,2017
342,Joshua Ho-Sang\hosanjo01,21,NYI,RW,21,4,6,10,1,12,1,3,1,0,0,5,1,0,22,18.2,346,16:27,2,4,0,2,0,2017
343,Mike Hoffman\hoffmmi02,27,OTT,LW,74,26,35,61,17,51,8.3,13,13,0,8,22,13,0,224,11.6,1302,17:36,21,41,12,9,57.1,2017
344,Nick Holden\holdeni01,29,NYR,D,80,11,23,34,13,35,6.8,8,3,0,2,21,1,1,84,13.1,1649,20:37,88,164,0,1,0,2017
345,Peter Holland\hollape01,26,TOT,C,48,5,7,12,-16,22,0.2,4,1,0,0,7,0,0,79,6.3,612,12:45,9,37,228,274,45.4,2017
345,Peter Holland\hollape01,26,ARI,C,40,5,6,11,-14,18,0.3,4,1,0,0,6,0,0,66,7.6,526,13:09,8,34,202,244,45.3,2017
345,Peter Holland\hollape01,26,TOR,C,8,0,1,1,-2,4,-0.1,0,0,0,0,1,0,0,13,0,86,10:43,1,3,26,30,46.4,2017
346,Korbinian Holzer\holzeko01,28,ANA,D,32,2,5,7,0,23,1.5,2,0,0,0,5,0,0,14,14.3,432,13:31,34,71,0,0,,2017
347,Julius Honka\honkaju01,21,DAL,D,16,1,4,5,-4,4,0.5,1,0,0,1,3,1,0,34,2.9,270,16:52,15,9,0,0,,2017
348,Patric Hornqvist\hornqpa01,30,PIT,RW,70,21,23,44,16,28,5.5,11,10,0,6,16,7,0,223,9.4,1117,15:57,62,227,3,8,27.3,2017
349,Bo Horvat\horvabo01,21,VAN,C,81,20,32,52,-7,27,5.7,15,3,2,1,25,7,0,158,12.7,1461,18:02,41,65,756,742,50.5,2017
350,Marian Hossa\hossama01,38,CHI,RW,73,26,19,45,7,8,5.8,20,5,1,7,13,6,0,167,15.6,1231,16:51,36,32,5,9,35.7,2017
351,Quinton Howden\howdequ01,25,WPG,C,5,0,0,0,1,0,0,0,0,0,0,0,0,0,5,0,43,08:39,0,4,0,2,0,2017
352,Marek Hrivik\hrivima01,25,NYR,LW,16,0,2,2,-3,2,-0.2,0,0,0,0,1,1,0,15,0,167,10:25,5,19,32,48,40,2017
353,Jonathan Huberdeau\huberjo01,23,FLA,LW,31,10,16,26,-2,13,3.1,7,3,0,2,12,4,0,86,11.6,556,17:55,7,18,4,5,44.4,2017
354,Jiri Hudler\hudleji01,33,DAL,RW,32,3,8,11,-3,4,0.7,2,1,0,1,8,0,0,27,11.1,379,11:51,3,9,3,2,60,2017
355,Charles Hudon\hudonch01,22,MTL,LW,3,0,2,2,1,2,0.2,0,0,0,0,2,0,0,3,0,36,11:56,0,11,0,0,,2017
356,Brad Hunt\huntbr01,28,TOT,D,12,1,5,6,-1,2,0.9,0,1,0,0,4,1,0,14,7.1,174,14:30,3,0,0,0,,2017
356,Brad Hunt\huntbr01,28,STL,D,9,1,4,5,-2,2,0.6,0,1,0,0,3,1,0,12,8.3,122,13:36,1,0,0,0,,2017
356,Brad Hunt\huntbr01,28,NSH,D,3,0,1,1,1,0,0.2,0,0,0,0,1,0,0,2,0,52,17:13,2,0,0,0,,2017
357,Matt Hunwick\hunwima01,31,TOR,D,72,1,18,19,8,18,3.6,1,0,0,0,18,0,0,73,1.4,1294,17:59,90,91,0,0,,2017
358,Ben Hutton\huttobe01,23,VAN,D,71,5,14,19,-22,31,2.9,3,2,0,1,5,9,0,130,3.8,1455,20:30,106,46,0,0,,2017
359,Zach Hyman\hymanza01,24,TOR,C,82,10,18,28,2,30,1.8,6,0,4,3,18,0,0,156,6.4,1369,16:42,43,109,11,18,37.9,2017
360,Jarome Iginla\iginlja01,39,TOT,RW,80,14,13,27,-30,70,1.6,7,7,0,4,9,4,0,153,9.2,1210,15:08,21,116,16,14,53.3,2017
360,Jarome Iginla\iginlja01,39,COL,RW,61,8,10,18,-21,54,0.7,4,4,0,0,6,4,0,120,6.7,900,14:45,17,79,12,7,63.2,2017
360,Jarome Iginla\iginlja01,39,LAK,RW,19,6,3,9,-9,16,0.9,3,3,0,4,3,0,0,33,18.2,310,16:20,4,37,4,7,36.4,2017
361,Matt Irwin\irwinma01,29,NSH,D,74,3,11,14,15,26,4,3,0,0,1,9,0,2,98,3.1,1204,16:16,121,115,0,0,,2017
362,Jaromir Jagr\jagrja01,44,FLA,RW,82,16,30,46,2,56,4.9,8,8,0,2,25,5,0,181,8.8,1394,17:00,4,21,1,1,50,2017
363,Mark Jankowski\jankoma01,22,CGY,C,1,0,0,0,0,0,0,0,0,0,0,0,0,0,0,,10,10:18,0,1,5,3,62.5,2017
364,Calle Jarnkrok\jarnkca01,25,NSH,C,81,15,16,31,-1,25,2.9,12,2,1,1,12,2,2,134,11.2,1274,15:44,29,49,452,463,49.4,2017
365,Dmitrij Jaskin\jaskidm01,23,STL,RW,51,1,10,11,5,18,0.6,1,0,0,0,10,0,0,55,1.8,589,11:33,19,98,5,5,50,2017
366,Boone Jenner\jennebo01,23,CBJ,C,82,18,16,34,14,52,4.1,16,0,2,4,15,1,0,211,8.5,1317,16:04,80,216,92,92,50,2017
367,Nick Jensen\jenseni02,26,DET,D,49,4,9,13,-7,12,2.3,4,0,0,0,8,0,1,59,6.8,870,17:45,56,55,0,0,,2017
368,Nicklas Jensen\jenseni01,23,NYR,RW,7,0,0,0,-2,0,-0.2,0,0,0,0,0,0,0,8,0,65,09:13,2,7,0,0,,2017
369,Ryan Johansen\johanry01,24,NSH,C,82,14,47,61,1,60,5.8,9,4,1,3,28,19,0,154,9.1,1545,18:50,28,77,803,669,54.6,2017
370,Marcus Johansson\johanma03,26,WSH,LW,82,24,34,58,25,10,7.5,19,5,0,5,20,14,0,129,18.6,1394,17:00,22,32,13,15,46.4,2017
371,Stephen Johns\johnsst03,24,DAL,D,61,4,6,10,-10,36,1.3,4,0,0,1,5,1,0,91,4.4,1114,18:15,130,159,0,0,,2017
372,Erik Johnson\johnser01,28,COL,D,46,2,15,17,-6,9,2.9,2,0,0,1,9,6,0,96,2.1,1016,22:05,98,87,0,0,,2017
373,Jack Johnson\johnsja02,30,CBJ,D,82,5,18,23,23,32,6.3,4,1,0,1,16,1,1,116,4.3,1789,21:49,134,94,1,0,100,2017
374,Tyler Johnson\johnsty01,26,TBL,C,66,19,26,45,-5,28,4.8,13,6,0,3,15,11,0,130,14.6,1242,18:49,30,46,583,539,52,2017
375,Ryan Johnston\johnsry02,24,MTL,D,7,0,0,0,-3,4,-0.2,0,0,0,0,0,0,0,3,0,69,09:52,2,1,0,0,,2017
376,Jussi Jokinen\jokinju01,33,FLA,LW,69,11,17,28,-15,39,1.9,6,4,1,2,11,6,0,118,9.3,1201,17:25,33,28,75,69,52.1,2017
377,Jyrki Jokipakka\jokipjy01,25,TOT,D,41,1,5,6,-4,12,1.1,1,0,0,0,5,0,0,29,3.4,592,14:26,32,31,0,0,,2017
377,Jyrki Jokipakka\jokipjy01,25,CGY,D,38,1,5,6,-3,12,1.1,1,0,0,0,5,0,0,29,3.4,548,14:26,30,25,0,0,,2017
377,Jyrki Jokipakka\jokipjy01,25,OTT,D,3,0,0,0,-1,0,0,0,0,0,0,0,0,0,0,,43,14:28,2,6,0,0,,2017
378,Connor Jones\jonesco01,26,NYI,C,4,0,0,0,1,2,0,0,0,0,0,0,0,0,2,0,47,11:51,3,13,8,5,61.5,2017
379,Seth Jones\jonesse01,22,CBJ,D,75,12,30,42,6,24,7.8,11,1,0,3,24,6,0,152,7.9,1755,23:24,118,61,0,0,,2017
380,Josh Jooris\joorijo01,26,TOT,RW,54,4,8,12,-2,16,0.6,4,0,0,0,7,0,1,75,5.3,659,12:12,30,49,222,228,49.3,2017
380,Josh Jooris\joorijo01,26,ARI,RW,42,3,7,10,-3,10,0.4,3,0,0,0,6,0,1,64,4.7,555,13:13,24,28,192,199,49.1,2017
380,Josh Jooris\joorijo01,26,NYR,RW,12,1,1,2,1,6,0.2,1,0,0,0,1,0,0,11,9.1,103,08:36,6,21,30,29,50.8,2017
381,Jacob Josefson\josefja01,25,NJD,C,38,1,9,10,-1,16,0.6,1,0,0,1,8,1,0,44,2.3,465,12:15,12,31,162,151,51.8,2017
382,Roman Josi\josiro01,26,NSH,D,72,12,37,49,7,18,8.7,5,7,0,1,25,11,1,217,5.5,1805,01:04,119,54,0,0,,2017
383,Tyson Jost\jostty01,18,COL,C,6,1,0,1,-5,0,-0.1,1,0,0,0,0,0,0,9,11.1,94,15:41,3,3,28,42,40,2017
384,Tomas Jurco\jurcoto01,24,TOT,LW,29,1,0,1,-12,4,-0.8,1,0,0,0,0,0,0,35,2.9,308,10:38,9,21,0,1,0,2017
384,Tomas Jurco\jurcoto01,24,DET,RW,16,0,0,0,-8,2,-0.6,0,0,0,0,0,0,0,12,0,161,10:02,3,6,0,1,0,2017
384,Tomas Jurco\jurcoto01,24,CHI,LW,13,1,0,1,-4,2,-0.2,1,0,0,0,0,0,0,23,4.3,148,11:22,6,15,0,0,,2017
385,Nazem Kadri\kadrina01,26,TOR,C,82,32,29,61,-7,95,7.6,20,12,0,6,24,5,0,236,13.6,1360,16:35,31,124,543,587,48.1,2017
386,Sergey Kalinin\kalinse01,25,NJD,C,43,2,2,4,-14,15,-0.7,2,0,0,0,2,0,0,38,5.3,550,12:48,20,53,72,102,41.4,2017
387,Vladislav Kamenev\kamenvl01,20,NSH,LW,2,0,0,0,-1,2,-0.1,0,0,0,0,0,0,0,1,0,20,10:04,1,1,6,7,46.2,2017
388,Steven Kampfer\kampfst01,28,TOT,D,11,1,1,2,-2,6,0.2,1,0,0,0,1,0,0,10,10,146,13:15,10,24,0,0,,2017
388,Steven Kampfer\kampfst01,28,NYR,D,10,1,1,2,-1,2,0.3,1,0,0,0,1,0,0,10,10,129,12:54,9,23,0,0,,2017
388,Steven Kampfer\kampfst01,28,FLA,D,1,0,0,0,-1,4,-0.1,0,0,0,0,0,0,0,0,,17,16:48,1,1,0,0,,2017
389,Evander Kane\kaneev01,25,BUF,LW,70,28,15,43,-17,113,5.1,25,3,0,5,10,5,0,260,10.8,1344,19:12,29,109,55,67,45.1,2017
390,Patrick Kane\kanepa01,28,CHI,RW,82,34,55,89,11,32,10.8,27,7,0,5,39,16,0,292,11.6,1754,21:24,15,28,7,44,13.7,2017
391,Kasperi Kapanen\kapanka01,20,TOR,RW,8,1,0,1,-2,0,0,1,0,0,0,0,0,0,11,9.1,86,10:42,2,6,0,0,,2017
392,Michael Kapla\kaplami01,22,NJD,D,5,0,0,0,-1,0,0,0,0,0,0,0,0,0,4,0,87,17:26,5,5,0,0,,2017
393,Erik Karlsson\karlser01,26,OTT,D,77,17,54,71,10,28,12.9,13,4,0,5,29,23,2,218,7.8,2066,02:50,201,67,0,0,,2017
394,Melker Karlsson\karlsme01,26,SJS,C,67,11,11,22,7,22,2.6,9,0,2,1,11,0,0,73,15.1,858,12:48,59,67,1,5,16.7,2017
395,William Karlsson\karlswi01,24,CBJ,C,81,6,19,25,10,10,2,5,1,0,3,17,0,2,96,6.3,1084,13:23,24,35,435,525,45.3,2017
396,Ondrej Kase\kaseon01,21,ANA,RW,53,5,10,15,-1,18,1.2,5,0,0,2,10,0,0,77,6.5,625,11:47,14,42,1,6,14.3,2017
397,Zack Kassian\kassiza01,26,EDM,RW,79,7,17,24,4,101,2,7,0,0,0,17,0,0,110,6.4,972,12:18,16,201,4,7,36.4,2017
398,Bracken Kearns\kearnbr01,35,NYI,C,2,0,0,0,-1,2,-0.1,0,0,0,0,0,0,0,3,0,22,11:12,2,5,10,7,58.8,2017
399,Duncan Keith\keithdu01,33,CHI,D,80,6,47,53,22,16,9.5,4,2,0,2,34,13,0,183,3.3,2049,01:37,107,24,0,0,,2017
400,Clayton Keller\kellecl01,18,ARI,LW,3,0,2,2,-3,0,0,0,0,0,0,1,1,0,0,,38,12:40,0,0,0,0,,2017
401,Chris Kelly\kellych01,36,OTT,C,82,5,7,12,-17,23,-0.4,4,0,1,2,7,0,0,85,5.9,979,11:56,48,71,223,278,44.5,2017
402,Adrian Kempe\kempead01,20,LAK,LW,25,2,4,6,-3,6,0.4,2,0,0,1,1,2,1,32,6.3,306,12:14,7,23,67,86,43.8,2017
403,Michal Kempny\kempnmi01,26,CHI,D,50,2,6,8,1,22,1.6,2,0,0,0,6,0,0,67,3,748,14:58,59,76,0,0,,2017
404,Nicolas Kerdiles\kerdini01,23,ANA,LW,1,0,0,0,1,0,0,0,0,0,0,0,0,0,0,,11,11:08,2,0,1,0,100,2017
405,Tanner Kero\kerota01,24,CHI,RW,47,6,10,16,15,8,1.9,6,0,0,0,10,0,0,60,10,634,13:29,51,41,209,262,44.4,2017
406,Ryan Kesler\keslery01,32,ANA,C,82,22,36,58,8,83,6.5,14,8,0,2,24,12,0,186,11.8,1747,21:18,75,146,1029,764,57.4,2017
407,Phil Kessel\kesseph01,29,PIT,RW,82,23,47,70,3,20,7.3,15,8,0,4,25,22,0,229,10,1471,17:56,15,12,5,10,33.3,2017
408,Jujhar Khaira\khairju01,22,EDM,LW,10,1,0,1,1,2,0.1,1,0,0,1,0,0,0,10,10,93,09:15,5,20,7,12,36.8,2017
409,Alex Killorn\killoal01,27,TBL,LW,81,19,17,36,-9,66,3.3,14,4,1,4,10,6,1,176,10.8,1458,18:00,25,99,4,8,33.3,2017
410,Jakub Kindl\kindlja01,29,FLA,D,39,0,4,4,-11,28,0.2,0,0,0,0,4,0,0,41,0,573,14:41,37,49,0,0,,2017
411,Dwight King\kingdw01,27,TOT,LW,80,9,7,16,-2,12,1.1,9,0,0,1,7,0,0,110,8.2,1153,14:24,28,120,4,12,25,2017
411,Dwight King\kingdw01,27,LAK,LW,63,8,7,15,0,10,1.3,8,0,0,1,7,0,0,89,9,945,15:00,21,96,4,9,30.8,2017
411,Dwight King\kingdw01,27,MTL,LW,17,1,0,1,-2,2,-0.2,1,0,0,0,0,0,0,21,4.8,208,12:14,7,24,0,3,0,2017
412,Oscar Klefbom\klefbos01,23,EDM,D,82,12,26,38,7,6,7.6,9,3,0,3,12,13,1,201,6,1834,22:22,146,43,0,0,,2017
413,Kevin Klein\kleinke01,32,NYR,D,60,3,11,14,5,31,2.8,3,0,0,0,9,1,1,54,5.6,1058,17:38,123,135,0,0,,2017
414,John Klingberg\klingjo01,24,DAL,D,80,13,36,49,2,34,8.1,9,4,0,3,23,13,0,124,10.5,1868,23:21,117,42,1,0,100,2017
415,Slater Koekkoek\koekksl01,22,TBL,D,29,0,4,4,-4,8,0.5,0,0,0,0,4,0,0,27,0,377,12:59,27,25,0,0,,2017
416,Mikko Koivu\koivumi01,33,MIN,C,80,18,40,58,27,34,6.6,16,2,0,4,20,18,2,139,12.9,1529,19:07,65,32,938,761,55.2,2017
417,Leo Komarov\komarle01,30,TOR,C,82,14,18,32,6,31,2.8,9,4,1,1,11,6,1,114,12.3,1400,17:04,50,232,91,111,45,2017
418,Travis Konecny\konectr01,19,PHI,C,70,11,17,28,-2,49,2.7,8,3,0,0,16,1,0,133,8.3,986,14:05,26,92,0,5,0,2017
419,Anze Kopitar\kopitan01,29,LAK,C,76,12,40,52,-10,28,4.6,7,5,0,0,25,14,1,150,8,1578,20:46,59,78,892,801,52.7,2017
420,Lauri Korpikoski\korpila01,30,TOT,LW,69,8,12,20,5,10,1.8,8,0,0,0,11,0,1,108,7.4,856,12:24,36,37,0,7,0,2017
420,Lauri Korpikoski\korpila01,30,DAL,LW,60,8,12,20,5,10,1.9,8,0,0,0,11,0,1,104,7.7,782,13:02,32,34,0,7,0,2017
420,Lauri Korpikoski\korpila01,30,CBJ,LW,9,0,0,0,0,0,-0.1,0,0,0,0,0,0,0,4,0,74,08:15,4,3,0,0,,2017
421,Kalle Kossila\kossika01,23,ANA,LW,1,0,0,0,0,0,0,0,0,0,0,0,0,0,1,0,7,06:54,0,1,3,4,42.9,2017
422,Chris Kreider\kreidch01,25,NYR,LW,75,28,25,53,6,58,6.8,22,6,0,4,18,7,0,186,15.1,1275,17:00,30,132,5,4,55.6,2017
423,David Krejci\krejcda01,30,BOS,C,82,23,31,54,-12,26,6,15,8,0,3,25,6,0,158,14.6,1498,18:16,51,40,657,620,51.4,2017
424,Niklas Kronwall\kronwni01,36,DET,D,57,2,11,13,-7,32,2.3,2,0,0,0,5,6,0,67,3,1109,19:27,81,77,0,0,,2017
425,Torey Krug\krugto01,25,BOS,D,81,8,43,51,-10,37,7.9,2,6,0,1,24,19,0,208,3.8,1750,21:36,82,59,0,1,0,2017
426,Marcus Kruger\krugema01,26,CHI,C,70,5,12,17,7,34,0.9,5,0,0,0,12,0,0,83,6,981,14:01,62,31,357,370,49.1,2017
427,Nikita Kucherov\kucheni01,23,TBL,RW,74,40,45,85,13,38,12,23,17,0,7,30,15,0,246,16.3,1438,19:26,20,30,0,0,,2017
428,Tom Kuhnhackl\kuhnhto01,25,PIT,RW,57,4,12,16,8,18,1.3,3,0,1,0,11,0,1,49,8.2,607,10:39,42,112,2,2,50,2017
429,Brett Kulak\kulakbr01,23,CGY,D,21,0,3,3,-3,12,0.4,0,0,0,0,3,0,0,19,0,299,14:15,13,14,0,0,,2017
430,Nikolai Kulemin\kulemni01,30,NYI,LW,72,12,11,23,3,18,2.2,10,1,1,4,9,1,1,74,16.2,995,13:49,45,78,14,13,51.9,2017
431,Dmitry Kulikov\kulikdm01,26,BUF,D,47,2,3,5,-26,26,-0.1,1,1,0,0,1,2,0,42,4.8,1029,21:54,72,60,0,0,,2017
432,Chris Kunitz\kunitch01,37,PIT,LW,71,9,20,29,0,36,1.9,9,0,0,3,15,5,0,134,6.7,1101,15:31,28,216,3,10,23.1,2017
433,Sean Kuraly\kuralse01,24,BOS,C,8,0,1,1,-1,2,0,0,0,0,0,1,0,0,11,0,74,09:12,1,9,1,2,33.3,2017
434,Evgeny Kuznetsov\kuzneev01,24,WSH,C,82,19,40,59,18,46,6.7,16,3,0,4,29,11,0,170,11.2,1390,16:57,18,57,456,581,44,2017
435,Kevin Labanc\labanke01,21,SJS,RW,55,8,12,20,9,22,2.3,8,0,0,2,10,2,0,70,11.4,752,13:41,14,19,2,2,50,2017
436,Joseph Labate\labatjo01,23,VAN,C,13,0,0,0,-2,21,-0.2,0,0,0,0,0,0,0,5,0,88,06:46,2,23,1,0,100,2017
437,Andrew Ladd\laddan01,31,NYI,LW,78,23,8,31,-14,45,3.1,19,3,1,4,6,2,0,142,16.2,1262,16:11,54,112,4,6,40,2017
438,Paul Ladue\laduepa01,24,LAK,D,22,0,8,8,-5,4,1,0,0,0,0,4,4,0,27,0,339,15:24,13,17,0,0,,2017
439,Patrik Laine\lainepa01,18,WPG,RW,73,36,28,64,7,26,8.9,27,9,0,5,23,5,0,204,17.6,1308,17:55,33,80,0,3,0,2017
440,Anton Lander\landean01,25,EDM,C,22,1,3,4,2,6,0.3,1,0,0,0,3,0,0,12,8.3,215,09:46,7,28,79,62,56,2017
441,Gabriel Landeskog\landega01,24,COL,LW,72,18,15,33,-25,62,2.7,12,5,1,2,14,1,0,169,10.7,1352,18:47,41,143,62,63,49.6,2017
442,Nick Lappin\lappini01,24,NJD,RW,43,4,3,7,-17,17,-0.2,4,0,0,0,3,0,0,57,7,504,11:43,10,35,2,5,28.6,2017
443,Dylan Larkin\larkidy01,20,DET,C,80,17,15,32,-28,37,2.3,11,5,1,1,13,2,0,178,9.6,1292,16:09,22,67,196,236,45.4,2017
444,Philip Larsen\larseph01,27,VAN,D,26,1,5,6,-8,4,0.7,1,0,0,0,3,2,0,32,3.1,428,16:28,22,12,0,0,,2017
445,Adam Larsson\larssad01,24,EDM,D,79,4,15,19,21,55,5.5,4,0,0,0,15,0,0,85,4.7,1592,20:09,160,253,0,0,,2017
446,Jacob Larsson\larssja01,19,ANA,D,4,0,0,0,-1,2,0,0,0,0,0,0,0,0,2,0,66,16:26,1,1,0,0,,2017
447,Johan Larsson\larssjo02,24,BUF,C,36,6,5,11,-7,20,0.7,5,1,0,2,5,0,0,49,12.2,607,16:51,23,33,261,271,49.1,2017
448,Brian Lashoff\lashobr01,26,DET,D,5,0,0,0,-3,0,-0.2,0,0,0,0,0,0,0,1,0,63,12:31,4,8,0,0,,2017
449,Scott Laughton\laughsc01,22,PHI,C,2,0,0,0,0,0,0,0,0,0,0,0,0,0,4,0,20,10:15,0,3,11,9,55,2017
450,Curtis Lazar\lazarcu01,21,TOT,RW,37,1,3,4,-8,4,-0.3,1,0,0,0,3,0,0,26,3.8,338,09:08,17,66,39,60,39.4,2017
450,Curtis Lazar\lazarcu01,21,OTT,RW,33,0,1,1,-10,4,-0.8,0,0,0,0,1,0,0,24,0,291,08:49,16,57,28,47,37.3,2017
450,Curtis Lazar\lazarcu01,21,CGY,RW,4,1,2,3,2,0,0.4,1,0,0,0,2,0,0,2,50,47,11:47,1,9,11,13,45.8,2017
451,Nick Leddy\leddyni01,25,NYI,D,81,11,35,46,-3,12,7,8,3,0,1,23,12,0,137,8,1840,22:43,109,77,0,0,,2017
452,Anders Lee\leean01,26,NYI,LW,81,34,18,52,9,56,7.7,25,9,0,6,13,5,0,191,17.8,1263,15:35,34,172,7,11,38.9,2017
453,Artturi Lehkonen\lehkoar01,21,MTL,LW,73,18,10,28,-1,8,3.4,15,2,1,3,8,2,0,158,11.4,1012,13:52,25,72,2,2,50,2017
454,Jori Lehtera\lehtejo01,29,STL,C,64,7,15,22,-6,34,1.4,7,0,0,1,12,3,0,67,10.4,971,15:11,29,64,409,423,49.2,2017
455,Taylor Leier\leierta01,22,PHI,LW,10,1,1,2,-1,4,0.1,1,0,0,0,1,0,0,7,14.3,91,09:04,0,7,0,1,0,2017
456,Josh Leivo\leivojo01,23,TOR,LW,13,2,8,10,2,4,1.1,1,1,0,0,6,2,0,27,7.4,163,12:34,4,5,1,1,50,2017
457,Brett Lernout\lernobr01,21,MTL,D,2,0,0,0,-1,0,0,0,0,0,0,0,0,0,3,0,38,19:00,3,8,0,0,,2017
458,Kris Letang\letankr01,29,PIT,D,41,5,29,34,2,32,4.5,3,2,0,2,16,12,1,122,4.1,1046,01:31,70,70,0,0,,2017
459,Mark Letestu\letesma01,31,EDM,C,78,16,19,35,-2,17,3.7,3,11,2,6,15,3,1,120,13.3,1111,14:14,34,71,452,444,50.4,2017
460,Trevor Lewis\lewistr01,30,LAK,C,82,12,12,24,-6,30,2.2,11,1,0,3,11,1,0,145,8.3,1170,14:16,30,174,44,66,40,2017
461,Michael Liambas\liambmi01,27,NSH,LW,1,0,0,0,-1,0,-0.1,0,0,0,0,0,0,0,0,,5,04:42,0,1,0,0,,2017
462,John-Michael Liles\lilesjo01,36,BOS,D,36,0,5,5,1,4,1.3,0,0,0,0,2,3,0,36,0,583,16:12,41,25,2,0,100,2017
463,Oscar Lindberg\lindbos02,25,NYR,C,65,8,12,20,2,32,1.8,8,0,0,1,11,1,0,86,9.3,704,10:50,36,94,299,276,52,2017
464,Petteri Lindbohm\lindbpe02,23,STL,D,7,0,0,0,-4,4,-0.2,0,0,0,0,0,0,0,10,0,91,12:59,5,10,0,0,,2017
465,Esa Lindell\lindees01,22,DAL,D,73,6,12,18,8,22,4.2,6,0,0,2,10,2,0,99,6.1,1597,21:52,119,93,0,1,0,2017
466,Anton Lindholm\lindhan01,22,COL,D,12,0,0,0,-8,2,-0.4,0,0,0,0,0,0,0,7,0,177,14:45,12,38,0,0,,2017
467,Elias Lindholm\lindhel01,22,CAR,C,72,11,34,45,-2,16,4.1,8,2,1,0,21,9,4,151,7.3,1309,18:11,43,99,353,282,55.6,2017
468,Hampus Lindholm\lindhha01,23,ANA,D,66,6,14,20,13,36,5.6,5,1,0,2,10,4,0,94,6.4,1482,22:27,94,98,2,0,100,2017
469,Bryan Little\littlbr01,29,WPG,C,59,21,26,47,-7,18,5.3,15,6,0,3,20,6,0,119,17.6,1036,17:33,23,35,610,487,55.6,2017
470,Matthew Lorito\loritma01,26,DET,LW,2,0,1,1,0,0,0.1,0,0,0,0,1,0,0,6,0,29,14:26,0,0,0,0,,2017
471,Ben Lovejoy\lovejbe01,32,NJD,D,82,1,6,7,-7,39,2.5,1,0,0,1,6,0,0,84,1.2,1703,20:46,149,82,0,0,,2017
472,Adam Lowry\lowryad01,23,WPG,C,82,15,14,29,1,52,2.4,10,5,0,1,9,4,1,122,12.3,1316,16:03,56,217,658,637,50.8,2017
473,Milan Lucic\lucicmi01,28,EDM,LW,82,23,27,50,-3,50,5.7,11,12,0,3,14,13,0,175,13.1,1407,17:10,20,202,4,3,57.1,2017
474,Roman Lyubimov\lyubiro01,25,PHI,LW,47,4,2,6,-2,8,0.3,4,0,0,1,2,0,0,41,9.8,450,09:35,16,28,1,6,14.3,2017
475,Olli Maatta\maattol01,22,PIT,D,55,1,6,7,17,12,2.3,1,0,0,0,6,0,0,66,1.5,994,18:04,102,72,0,0,,2017
476,Clarke MacArthur\macarcl01,31,OTT,LW,4,0,0,0,-1,0,-0.1,0,0,0,0,0,0,0,5,0,54,13:29,1,4,0,1,0,2017
477,Andrew MacDonald\macdoan01,30,PHI,D,73,2,16,18,-5,26,3.7,2,0,0,0,15,0,1,65,3.1,1468,20:06,151,39,0,0,,2017
478,Derek MacKenzie\mackede01,35,FLA,C,82,6,10,16,-7,50,0.6,4,0,2,1,7,0,3,91,6.6,1030,12:34,45,192,386,386,50,2017
479,Nathan MacKinnon\mackina01,21,COL,C,82,16,37,53,-14,16,4.8,12,2,2,4,25,12,0,251,6.4,1635,19:57,30,56,768,752,50.5,2017
480,Denis Malgin\malgide01,20,FLA,C,47,6,4,10,-5,8,0.8,4,2,0,1,4,0,0,67,9,528,11:14,15,34,67,117,36.4,2017
481,Evgeni Malkin\malkiev01,30,PIT,C,62,33,39,72,18,77,9.9,22,11,0,6,27,12,0,191,17.3,1154,18:37,25,40,365,481,43.1,2017
482,Sean Malone\malonse01,21,BUF,C,1,0,0,0,0,0,0,0,0,0,0,0,0,0,1,0,12,12:12,1,0,5,3,62.5,2017
483,Brandon Manning\mannibr01,26,PHI,D,65,3,9,12,-12,83,2.1,2,0,1,1,9,0,0,84,3.6,1174,18:03,79,121,0,1,0,2017
484,Josh Manson\mansojo01,25,ANA,D,82,5,12,17,14,82,5.3,4,0,1,1,11,0,1,88,5.7,1527,18:38,79,227,0,0,,2017
485,Anthony Mantha\manthan01,22,DET,RW,60,17,19,36,10,53,4.9,16,1,0,3,17,2,0,133,12.8,954,15:54,33,46,5,6,45.5,2017
486,Brad Marchand\marchbr03,28,BOS,LW,80,39,46,85,18,81,12.6,27,9,3,8,29,15,2,226,17.3,1555,19:26,35,51,13,23,36.1,2017
487,Alexey Marchenko\marchal01,25,TOT,D,41,1,7,8,7,12,2.3,1,0,0,0,6,0,1,36,2.8,695,16:57,59,22,0,0,,2017
487,Alexey Marchenko\marchal01,25,DET,D,30,0,6,6,6,12,1.8,0,0,0,0,5,0,1,27,0,539,17:59,44,8,0,0,,2017
487,Alexey Marchenko\marchal01,25,TOR,D,11,1,1,2,1,0,0.5,1,0,0,0,1,0,0,9,11.1,156,14:09,15,14,0,0,,2017
488,Jonathan Marchessault\audymjo01,26,FLA,C,75,30,21,51,-21,38,6.2,22,8,0,6,11,10,0,193,15.5,1268,16:55,17,105,122,148,45.2,2017
489,Martin Marincin\marinma01,24,TOR,D,25,1,6,7,3,16,1.4,1,0,0,0,5,0,1,22,4.5,451,18:03,27,25,0,0,,2017
490,Andrei Markov\markoan01,38,MTL,D,62,6,30,36,18,16,7.5,5,1,0,1,18,11,1,98,6.1,1354,21:50,73,39,0,0,,2017
491,Patrick Marleau\marlepa01,37,SJS,LW,82,27,19,46,4,28,6,20,7,0,6,10,9,0,190,14.2,1407,17:09,32,82,115,99,53.7,2017
492,Mitch Marner\marnemi01,19,TOR,C,77,19,42,61,0,38,6.6,15,4,0,5,25,17,0,176,10.8,1294,16:49,39,41,14,23,37.8,2017
493,Pat Maroon\maroopa01,28,EDM,LW,81,27,15,42,13,95,6,24,3,0,5,12,3,0,178,15.2,1356,16:44,23,189,6,9,40,2017
494,Matt Martin\martima02,27,TOR,LW,82,5,4,9,0,123,0.2,5,0,0,0,4,0,0,66,7.6,730,08:54,26,300,0,11,0,2017
495,Paul Martin\martipa01,35,SJS,D,81,4,22,26,10,20,5.8,4,0,0,1,22,0,0,57,7,1557,19:14,124,41,0,0,,2017
496,Alec Martinez\martial01,29,LAK,D,82,9,30,39,-17,24,6.8,6,2,1,3,17,13,0,144,6.3,1775,21:38,167,137,0,1,0,2017
497,Jordan Martinook\martijo01,24,ARI,LW,77,11,14,25,-8,40,1.7,9,1,1,2,11,1,2,109,10.1,1207,15:41,68,50,460,577,44.4,2017
498,Andreas Martinsen\martian01,26,TOT,LW,64,3,4,7,-14,32,-0.4,3,0,0,0,3,0,1,73,4.1,637,09:57,28,173,3,1,75,2017
498,Andreas Martinsen\martian01,26,COL,LW,55,3,4,7,-10,32,-0.1,3,0,0,0,3,0,1,59,5.1,530,09:38,25,146,3,0,100,2017
498,Andreas Martinsen\martian01,26,MTL,LW,9,0,0,0,-4,0,-0.3,0,0,0,0,0,0,0,14,0,107,11:54,3,27,0,1,0,2017
499,Mike Matheson\mathemi01,22,FLA,D,81,7,10,17,-5,36,4.4,7,0,0,0,8,1,1,179,3.9,1705,21:03,118,69,1,0,100,2017
500,Auston Matthews\matthau01,19,TOR,C,82,40,29,69,2,14,9.7,32,8,0,8,16,13,0,279,14.3,1446,17:38,61,21,530,600,46.9,2017
501,Shawn Matthias\matthsh01,28,WPG,LW,45,8,4,12,0,13,1.1,7,0,1,1,4,0,0,51,15.7,610,13:34,19,47,5,11,31.3,2017
502,Scott Mayfield\mayfisc01,24,NYI,D,25,2,7,9,-1,35,1.3,2,0,0,0,7,0,0,39,5.1,354,14:08,36,37,0,0,,2017
503,Jamie McBain\mcbaija02,28,ARI,D,3,0,0,0,-1,0,0,0,0,0,0,0,0,0,3,0,50,16:40,4,0,0,0,,2017
504,Jake McCabe\mccabja01,23,BUF,D,76,3,17,20,-7,26,4,2,1,0,1,14,3,0,79,3.8,1574,20:42,114,73,0,0,,2017
505,Jared McCann\mccanja01,20,FLA,C,29,1,6,7,-1,4,0.3,1,0,0,0,5,1,0,44,2.3,337,11:38,6,28,41,64,39,2017
506,Michael McCarron\mccarmi01,21,MTL,RW,31,1,4,5,-4,41,0,1,0,0,0,4,0,0,31,3.2,307,09:53,11,75,76,99,43.4,2017
507,Jay McClement\mccleja01,33,CAR,C,65,5,3,8,-8,18,0,4,0,1,1,3,0,0,37,13.5,740,11:23,40,49,253,272,48.2,2017
508,Max McCormick\mccorma01,24,OTT,RW,7,0,0,0,-3,0,-0.2,0,0,0,0,0,0,0,7,0,47,06:46,1,13,15,9,62.5,2017
509,Ian McCoshen\mccosia01,21,FLA,D,3,0,1,1,0,0,0.2,0,0,0,0,1,0,0,0,,40,13:15,2,3,0,0,,2017
510,Connor McDavid\mcdavco01,20,EDM,C,82,30,70,100,27,26,12.8,26,3,1,6,45,24,1,251,12,1733,21:08,29,34,348,458,43.2,2017
511,Ryan McDonagh\mcdonry01,27,NYR,D,77,6,36,42,20,37,7.8,4,1,1,1,22,14,0,153,3.9,1876,00:21,160,80,0,0,,2017
512,Colin McDonald\mcdonco01,32,PHI,C,3,1,0,1,1,0,0.2,1,0,0,0,0,0,0,5,20,27,09:01,0,9,0,1,0,2017
513,Evan McEneny\mceneev01,22,VAN,D,1,0,0,0,-1,0,-0.1,0,0,0,0,0,0,0,1,0,15,15:08,0,0,0,0,,2017
514,Brock McGinn\mcginbr01,22,CAR,LW,57,7,9,16,-11,6,1.1,7,0,0,1,8,0,1,74,9.5,684,12:00,22,91,1,3,25,2017
515,Jamie McGinn\mcginja01,28,ARI,LW,72,9,8,17,-23,23,0.4,9,0,0,2,6,2,0,116,7.8,948,13:10,18,116,1,2,33.3,2017
516,Dylan McIlrath\mcilrdy01,24,TOT,D,6,1,0,1,-2,14,0.1,1,0,0,0,0,0,0,3,33.3,57,09:31,4,15,0,0,,2017
516,Dylan McIlrath\mcilrdy01,24,FLA,D,5,1,0,1,-2,10,0.1,1,0,0,0,0,0,0,3,33.3,48,09:34,4,13,0,0,,2017
516,Dylan McIlrath\mcilrdy01,24,NYR,D,1,0,0,0,0,4,0,0,0,0,0,0,0,0,0,,9,09:14,0,2,0,0,,2017
517,Greg McKegg\mckeggr01,24,TOT,C,46,3,4,7,-3,22,0.3,3,0,0,0,4,0,0,36,8.3,456,09:54,16,48,90,90,50,2017
517,Greg McKegg\mckeggr01,24,FLA,C,31,3,3,6,-5,11,0.3,3,0,0,0,3,0,0,28,10.7,317,10:13,12,33,43,40,51.8,2017
517,Greg McKegg\mckeggr01,24,TBL,C,15,0,1,1,2,11,0,0,0,0,0,1,0,0,8,0,139,09:16,4,15,47,50,48.5,2017
518,Curtis McKenzie\mckencu01,25,DAL,LW,53,6,10,16,5,72,1.6,6,0,0,3,10,0,0,66,9.1,575,10:51,31,103,3,3,50,2017
519,Cody McLeod\mcleoco01,32,TOT,LW,59,5,1,6,-3,145,0.4,5,0,0,0,1,0,0,30,16.7,423,07:10,14,150,0,1,0,2017
519,Cody McLeod\mcleoco01,32,NSH,LW,31,4,1,5,-1,93,0.5,4,0,0,0,1,0,0,18,22.2,258,08:20,12,100,0,1,0,2017
519,Cody McLeod\mcleoco01,32,COL,LW,28,1,0,1,-2,52,-0.1,1,0,0,0,0,0,0,12,8.3,165,05:53,2,50,0,0,,2017
520,Brayden McNabb\mcnabbr01,26,LAK,D,49,2,2,4,1,54,2,2,0,0,0,2,0,0,47,4.3,738,15:04,54,110,0,0,,2017
521,Mark McNeill\mcneima01,23,DAL,RW,1,0,0,0,-1,0,-0.1,0,0,0,0,0,0,0,1,0,14,13:49,1,0,0,2,0,2017
522,Adam McQuaid\mcquaad01,30,BOS,D,77,2,8,10,4,71,3.3,2,0,0,1,7,0,1,64,3.1,1405,18:15,144,157,0,0,,2017
523,Wade Megan\meganwa01,26,STL,C,3,1,0,1,1,0,0.2,1,0,0,0,0,0,0,6,16.7,26,08:48,0,2,13,14,48.1,2017
524,Jaycob Megna\megnaja02,24,ANA,D,1,0,0,0,1,0,0.1,0,0,0,0,0,0,0,0,,15,15:20,0,0,0,0,,2017
525,Jayson Megna\megnaja01,26,VAN,C,58,4,4,8,-4,6,0.1,4,0,0,0,3,1,0,72,5.6,721,12:26,23,87,2,14,12.5,2017
526,Timo Meier\meierti01,20,SJS,RW,34,3,3,6,1,10,0.4,3,0,0,1,3,0,0,85,3.5,424,12:28,5,64,1,4,20,2017
527,Julian Melchiori\melchju01,25,WPG,D,18,0,2,2,0,8,0.3,0,0,0,0,2,0,0,15,0,331,18:22,31,30,0,0,,2017
528,Jonathon Merrill\merrijo01,24,NJD,D,51,1,5,6,-9,24,1.3,1,0,0,0,5,0,0,48,2.1,947,18:34,67,39,0,0,,2017
529,Marc Methot\methoma01,31,OTT,D,68,0,12,12,13,24,3.9,0,0,0,0,12,0,0,69,0,1348,19:49,77,164,0,0,,2017
530,Milan Michalek\michami01,32,TOR,LW,5,1,1,2,-2,2,0.1,1,0,0,0,1,0,0,6,16.7,71,14:16,9,7,0,1,0,2017
531,Zbynek Michalek\michazb01,34,ARI,D,3,0,0,0,1,0,0.1,0,0,0,0,0,0,0,3,0,53,17:40,5,7,0,0,,2017
532,Sonny Milano\milanso01,20,CBJ,LW,4,0,0,0,-3,0,-0.2,0,0,0,0,0,0,0,2,0,47,11:41,2,3,0,0,,2017
533,Colin Miller\milleco02,24,BOS,D,61,6,7,13,0,55,3.3,5,1,0,0,6,1,0,85,7.1,965,15:49,36,85,0,0,,2017
534,Drew Miller\milledr01,32,DET,LW,55,5,2,7,-12,18,0,5,0,0,1,2,0,0,43,11.6,565,10:17,52,71,2,1,66.7,2017
535,J.T. Miller\millejt01,23,NYR,LW,82,22,34,56,17,21,6.8,17,2,3,6,28,5,1,132,16.7,1342,16:22,56,101,157,200,44,2017
536,Kevan Miller\milleke03,29,BOS,D,58,3,10,13,1,50,3.1,3,0,0,1,9,0,1,49,6.1,1032,17:48,76,121,0,0,,2017
537,Garrett Mitchell\mitchga01,25,WSH,RW,1,0,0,0,0,0,0,0,0,0,0,0,0,0,0,,9,08:48,0,2,0,1,0,2017
538,John Mitchell\mitchjo01,32,COL,C,65,3,4,7,-12,45,-0.6,3,0,0,1,4,0,0,57,5.3,816,12:33,45,88,298,240,55.4,2017
539,Torrey Mitchell\mitchto01,32,MTL,C,78,8,9,17,5,38,1.3,8,0,0,1,9,0,0,68,11.8,983,12:36,56,47,410,342,54.5,2017
540,Zack Mitchell\mitchza01,24,MIN,RW,11,0,0,0,-1,0,-0.2,0,0,0,0,0,0,0,10,0,93,08:26,3,14,11,8,57.9,2017
541,Griffen Molino\molingr01,23,VAN,C,5,0,0,0,-2,0,-0.2,0,0,0,0,0,0,0,3,0,53,10:35,1,1,0,0,,2017
542,Sean Monahan\monahse01,22,CGY,C,82,27,31,58,-1,20,6.9,18,8,1,4,22,9,0,199,13.6,1441,17:35,25,34,743,701,51.5,2017
543,Brandon Montour\montobr01,22,ANA,D,27,2,4,6,11,14,2.3,2,0,0,0,3,1,0,50,4,469,17:23,24,21,0,0,,2017
544,Dominic Moore\mooredo01,36,BOS,C,82,11,14,25,2,44,2.6,8,0,3,1,13,0,1,96,11.5,1061,12:57,42,63,357,297,54.6,2017
545,John Moore\moorejo01,26,NJD,D,63,12,10,22,-7,39,4.8,11,1,0,1,8,2,0,102,11.8,1196,18:59,61,68,0,0,,2017
546,Samuel Morin\morinsa01,21,PHI,D,1,0,0,0,0,0,0,0,0,0,0,0,0,0,2,0,18,17:47,0,7,0,0,,2017
547,Josh Morrissey\morrijo04,21,WPG,D,82,6,14,20,6,38,3.7,5,1,0,3,14,0,0,99,6.1,1598,19:29,139,145,0,0,,2017
548,Joseph Morrow\morrojo02,24,BOS,D,17,0,1,1,-4,8,0.1,0,0,0,0,1,0,0,19,0,264,15:32,19,29,0,0,,2017
549,Tyler Motte\mottety01,21,CHI,LW,33,4,3,7,2,14,0.6,4,0,0,0,3,0,0,46,8.7,376,11:23,24,27,4,6,40,2017
550,Matt Moulson\moulsma01,33,BUF,LW,81,14,18,32,-4,10,3.5,3,11,0,2,11,7,0,134,10.4,940,11:36,18,37,1,3,25,2017
551,Mirco Mueller\muellmi01,21,SJS,D,4,1,1,2,2,0,0.5,1,0,0,0,1,0,0,3,33.3,38,09:36,3,2,0,0,,2017
552,Connor Murphy\murphco02,23,ARI,D,77,2,15,17,-13,45,2.5,1,0,1,1,15,0,0,81,2.5,1477,19:11,119,201,0,0,,2017
553,Ryan Murphy\murphry01,23,CAR,D,27,0,2,2,-11,8,-0.3,0,0,0,0,2,0,0,17,0,356,13:10,31,2,0,0,,2017
554,Ryan Murray\murrary01,23,CBJ,D,60,2,9,11,3,24,2.4,2,0,0,0,7,1,1,52,3.8,1100,18:20,96,23,0,0,,2017
555,Jake Muzzin\muzzija01,27,LAK,D,82,9,19,28,-21,46,5.4,5,4,0,1,13,6,0,184,4.9,1828,22:18,122,162,0,0,,2017
556,Tyler Myers\myersty01,26,WPG,D,11,2,3,5,5,13,1.2,2,0,0,0,2,0,1,16,12.5,244,22:12,21,12,0,0,,2017
557,Jakub Nakladal\naklaja01,29,CAR,D,3,0,0,0,-4,0,-0.3,0,0,0,0,0,0,0,3,0,44,14:30,4,2,0,0,,2017
558,Vladislav Namestnikov\namesvl01,24,TBL,C,74,10,18,28,-4,31,2.2,7,3,0,0,14,3,1,114,8.8,1094,14:47,31,72,209,271,43.5,2017
559,Rick Nash\nashri01,32,NYR,RW,67,23,15,38,9,26,5,16,6,1,3,12,3,0,195,11.8,1103,16:28,35,63,0,1,0,2017
560,Riley Nash\nashri02,27,BOS,C,81,7,10,17,-1,14,1,6,0,1,2,8,0,2,125,5.6,1118,13:48,36,67,276,286,49.1,2017
561,James Neal\nealja01,29,NSH,RW,70,23,18,41,-10,35,4.6,18,5,0,5,10,8,0,202,11.4,1239,17:42,18,84,3,3,50,2017
562,Chris Neil\neilch01,37,OTT,RW,53,1,3,4,-11,63,-0.6,1,0,0,0,3,0,0,42,2.4,401,07:34,20,108,0,0,,2017
563,Brock Nelson\nelsobr01,25,NYI,LW,81,20,25,45,-6,36,4.7,19,1,0,4,19,5,1,173,11.6,1268,15:39,48,50,346,445,43.7,2017
564,Casey Nelson\nelsoca01,24,BUF,D,11,0,0,0,-3,4,-0.1,0,0,0,0,0,0,0,10,0,139,12:36,5,15,0,0,,2017
565,Patrik Nemeth\nemetpa01,24,DAL,D,40,0,3,3,-4,14,0.3,0,0,0,0,3,0,0,46,0,631,15:47,47,45,0,0,,2017
566,Aaron Ness\nessaa01,26,WSH,D,2,0,0,0,-1,0,-0.1,0,0,0,0,0,0,0,0,,26,12:50,2,2,0,0,,2017
567,Nikita Nesterov\nesteni01,23,TOT,D,48,4,13,17,0,24,3.1,3,1,0,0,12,1,0,63,6.3,782,16:17,21,84,0,0,,2017
567,Nikita Nesterov\nesteni01,23,TBL,D,35,3,9,12,-3,20,2,2,1,0,0,8,1,0,46,6.5,580,16:35,17,56,0,0,,2017
567,Nikita Nesterov\nesteni01,23,MTL,D,13,1,4,5,3,4,1.1,1,0,0,0,4,0,0,17,5.9,201,15:29,4,28,0,0,,2017
568,Andrej Nestrasil\nestran01,25,CAR,C,19,1,4,5,-3,2,0.2,1,0,0,0,4,0,0,27,3.7,207,10:54,6,10,3,7,30,2017
569,Nino Niederreiter\niedeni01,24,MIN,RW,82,25,32,57,17,53,7.4,17,8,0,3,26,6,0,186,13.4,1236,15:04,20,120,0,1,0,2017
570,Frans Nielsen\nielsfr01,32,DET,C,79,17,24,41,-19,18,3.6,11,4,2,0,13,11,0,162,10.5,1355,17:09,54,64,653,561,53.8,2017
571,Matthew Nieto\nietoma01,24,TOT,LW,59,7,6,13,-12,8,0.4,7,0,0,1,5,0,1,85,8.2,881,14:55,34,40,2,4,33.3,2017
571,Matthew Nieto\nietoma01,24,COL,LW,43,7,4,11,-9,4,0.6,7,0,0,1,3,0,1,61,11.5,685,15:56,26,18,2,2,50,2017
571,Matthew Nieto\nietoma01,24,SJS,LW,16,0,2,2,-3,4,-0.2,0,0,0,0,2,0,0,24,0,195,12:13,8,22,0,2,0,2017
572,Boo Nieves\nievecr01,23,NYR,C,1,0,0,0,-1,0,-0.1,0,0,0,0,0,0,0,0,,12,11:44,1,0,3,7,30,2017
573,Matt Niskanen\niskama01,30,WSH,D,78,5,34,39,20,32,7.4,4,1,0,2,25,8,1,154,3.2,1730,22:11,93,147,0,0,,2017
574,Stefan Noesen\noesest01,23,TOT,RW,44,8,2,10,6,24,1.6,8,0,0,0,2,0,0,63,12.7,490,11:08,10,50,26,41,38.8,2017
574,Stefan Noesen\noesest01,23,NJD,RW,32,6,2,8,4,22,1.2,6,0,0,0,2,0,0,51,11.8,411,12:50,9,40,5,7,41.7,2017
574,Stefan Noesen\noesest01,23,ANA,RW,12,2,0,2,2,2,0.4,2,0,0,0,0,0,0,12,16.7,79,06:33,1,10,21,34,38.2,2017
575,Nelson Nogier\nogiene01,20,WPG,D,10,0,0,0,-1,5,-0.1,0,0,0,0,0,0,0,8,0,117,11:43,5,12,0,0,,2017
576,Jordan Nolan\nolanjo01,27,LAK,C,46,4,4,8,-3,44,0.5,4,0,0,0,4,0,0,39,10.3,499,10:51,7,62,2,4,33.3,2017
577,Joakim Nordstrom\nordsjo02,24,CAR,LW,82,7,5,12,-12,17,0,6,0,1,2,5,0,0,104,6.7,1043,12:43,41,148,9,20,31,2017
578,Tomas Nosek\nosekto01,24,DET,LW,11,1,0,1,-1,2,0,1,0,0,0,0,0,0,19,5.3,111,10:07,5,10,37,31,54.4,2017
579,Ryan Nugent-Hopkins\nugenry01,23,EDM,C,82,18,25,43,-10,29,4,13,5,0,4,19,6,0,200,9,1451,17:42,35,47,556,712,43.8,2017
580,Darnell Nurse\nurseda01,21,EDM,D,44,5,6,11,0,33,2.4,5,0,0,0,6,0,0,85,5.9,749,17:01,53,107,0,0,,2017
581,Markus Nutivaara\nutivma01,22,CBJ,D,66,2,5,7,7,6,2.2,2,0,0,0,5,0,0,66,3,872,13:13,38,36,0,0,,2017
582,Alexander Nylander\nylanal01,18,BUF,RW,4,0,1,1,-2,0,0,0,0,0,0,1,0,0,4,0,49,12:20,2,1,0,2,0,2017
583,William Nylander\nylanwi01,20,TOR,C,81,22,39,61,-3,32,6.8,13,9,0,2,22,17,0,205,10.7,1297,16:01,16,25,49,73,40.2,2017
584,Gustav Nyquist\nyquigu01,27,DET,RW,76,12,36,48,0,18,4.7,10,2,0,2,29,7,0,165,7.3,1325,17:26,20,54,4,1,80,2017
585,Liam O'Brien\obrieli01,22,WSH,LW,1,0,0,0,0,0,0,0,0,0,0,0,0,0,0,,6,06:08,0,1,0,0,,2017
586,Rob O'Gara\ogararo01,23,BOS,D,3,0,0,0,1,0,0.1,0,0,0,0,0,0,0,2,0,48,16:01,7,3,0,0,,2017
587,Danny O'Regan\oregada01,23,SJS,C,3,1,0,1,-2,0,0.1,0,1,0,0,0,0,0,5,20,35,11:33,1,1,14,17,45.2,2017
588,Cal O'Reilly\oreilca01,30,BUF,C,11,0,1,1,-6,0,-0.3,0,0,0,0,1,0,0,3,0,87,07:56,3,2,32,34,48.5,2017
589,Ryan O'Reilly\oreilry01,25,BUF,C,72,20,35,55,-1,10,6,11,8,1,3,18,16,1,189,10.6,1545,21:28,45,21,1039,752,58,2017
590,Johnny Oduya\oduyajo01,35,TOT,D,52,2,7,9,-4,18,1.4,2,0,0,0,7,0,0,37,5.4,950,18:16,123,29,0,0,,2017
590,Johnny Oduya\oduyajo01,35,DAL,D,37,1,6,7,-2,10,1.1,1,0,0,0,6,0,0,24,4.2,672,18:10,81,21,0,0,,2017
590,Johnny Oduya\oduyajo01,35,CHI,D,15,1,1,2,-2,8,0.3,1,0,0,0,1,0,0,13,7.7,278,18:31,42,8,0,0,,2017
591,Jordan Oesterle\oestejo01,24,EDM,D,2,0,0,0,-1,0,-0.1,0,0,0,0,0,0,0,2,0,35,17:17,3,2,0,0,,2017
592,Kyle Okposo\okposky01,28,BUF,RW,65,19,26,45,-7,24,5,12,7,0,2,10,16,0,156,12.2,1233,18:58,25,53,54,45,54.5,2017
593,Jamie Oleksiak\oleksja01,24,DAL,D,41,5,2,7,-4,37,1.4,5,0,0,1,1,0,1,33,15.2,665,16:13,53,51,0,0,,2017
594,Steven Oleksy\oleksst01,30,PIT,D,11,0,1,1,2,24,0.3,0,0,0,0,1,0,0,11,0,151,13:42,19,20,0,0,,2017
595,Gustav Olofsson\olofsgu01,22,MIN,D,13,0,3,3,-1,2,0.3,0,0,0,0,2,1,0,7,0,175,13:29,16,10,0,0,,2017
596,Dmitry Orlov\orlovdm01,25,WSH,D,82,6,27,33,30,51,7.7,5,1,0,0,22,5,0,125,4.8,1602,19:32,94,122,0,0,,2017
597,Brooks Orpik\orpikbr01,36,WSH,D,79,0,14,14,32,48,5,0,0,0,0,14,0,0,93,0,1405,17:47,132,181,0,0,,2017
598,T.J. Oshie\oshietj01,30,WSH,RW,68,33,23,56,28,36,8.7,25,7,1,4,15,6,2,143,23.1,1214,17:51,50,95,87,93,48.3,2017
599,Steve Ott\ottst01,34,TOT,C,53,3,4,7,-8,80,-0.1,3,0,0,0,4,0,0,45,6.7,570,10:46,23,144,153,125,55,2017
599,Steve Ott\ottst01,34,DET,C,42,3,3,6,-6,63,0.1,3,0,0,0,3,0,0,33,9.1,439,10:28,17,101,102,74,58,2017
599,Steve Ott\ottst01,34,MTL,C,11,0,1,1,-2,17,-0.2,0,0,0,0,1,0,0,12,0,131,11:56,6,43,51,51,50,2017
600,Xavier Ouellet\ouellxa01,23,DET,D,66,3,9,12,2,51,3.2,3,0,0,0,9,0,0,89,3.4,1186,17:58,87,73,0,2,0,2017
601,Alex Ovechkin\ovechal01,31,WSH,LW,82,33,36,69,6,50,8.7,16,17,0,7,27,9,0,313,10.5,1506,18:22,29,216,0,1,0,2017
602,Magnus Paajarvi\paajama01,25,STL,LW,32,8,5,13,9,6,2.1,7,1,0,3,5,0,0,51,15.7,389,12:09,16,29,1,2,33.3,2017
603,Max Pacioretty\pacioma01,28,MTL,LW,81,35,32,67,15,38,9.3,26,8,1,7,26,5,1,268,13.1,1553,19:11,35,63,27,23,54,2017
604,Jean-Gabriel Pageau\pageaje01,24,OTT,C,82,12,21,33,13,24,3.4,12,0,0,2,19,0,2,169,7.1,1323,16:08,79,161,558,460,54.8,2017
605,Iiro Pakarinen\pakarii01,25,EDM,RW,14,2,2,4,2,2,0.5,2,0,0,1,2,0,0,15,13.3,125,08:55,6,30,0,1,0,2017
606,Ondrej Palat\palaton01,25,TBL,LW,75,17,35,52,8,39,5.6,12,5,0,3,25,10,0,162,10.5,1434,19:07,66,141,9,25,26.5,2017
607,Kyle Palmieri\palmiky01,25,NJD,RW,80,26,27,53,2,46,7.1,17,8,1,3,16,11,0,192,13.5,1388,17:21,36,124,12,17,41.4,2017
608,Artemi Panarin\panarar01,25,CHI,LW,82,31,43,74,18,21,9.4,22,9,0,5,35,8,0,211,14.7,1597,19:28,14,23,2,8,20,2017
609,Richard Panik\panikri01,25,CHI,RW,82,22,22,44,14,58,5.6,18,4,0,5,17,5,0,155,14.2,1208,14:44,45,147,2,5,28.6,2017
610,Cedric Paquette\paquece01,23,TBL,C,58,4,6,10,-6,80,0.2,4,0,0,0,6,0,0,68,5.9,668,11:31,46,144,200,234,46.1,2017
611,Colton Parayko\parayco01,23,STL,D,81,4,31,35,7,32,6.7,0,4,0,2,24,6,1,188,2.1,1717,21:12,117,80,0,0,,2017
612,Adam Pardy\pardyad01,32,NSH,D,4,0,0,0,-1,6,-0.1,0,0,0,0,0,0,0,4,0,44,11:00,3,3,0,0,,2017
613,P.A. Parenteau\parenpi01,33,TOT,RW,67,13,15,28,-18,35,2.5,9,4,0,2,11,4,0,123,10.6,985,14:42,9,60,6,14,30,2017
613,P.A. Parenteau\parenpi01,33,NJD,RW,59,13,14,27,-16,35,2.6,9,4,0,2,10,4,0,109,11.9,884,14:59,8,51,6,13,31.6,2017
613,P.A. Parenteau\parenpi01,33,NSH,RW,8,0,1,1,-2,0,-0.1,0,0,0,0,1,0,0,14,0,101,12:34,1,9,0,1,0,2017
614,Zach Parise\parisza01,32,MIN,LW,69,19,23,42,-3,30,4.3,13,6,0,4,17,6,0,194,9.8,1203,17:26,69,46,8,5,61.5,2017
615,David Pastrnak\pastrda01,20,BOS,RW,75,34,36,70,11,34,10.3,24,10,0,6,22,14,0,262,13,1349,17:59,32,72,2,1,66.7,2017
616,Greg Pateryn\patergr01,26,TOT,D,36,1,8,9,-1,10,1.5,1,0,0,0,8,0,0,42,2.4,555,15:25,66,69,0,0,,2017
616,Greg Pateryn\patergr01,26,MTL,D,24,1,5,6,1,4,1.2,1,0,0,0,5,0,0,28,3.6,345,14:23,43,44,0,0,,2017
616,Greg Pateryn\patergr01,26,DAL,D,12,0,3,3,-2,6,0.3,0,0,0,0,3,0,0,14,0,210,17:31,23,25,0,0,,2017
617,Nick Paul\paulni01,21,OTT,LW,1,0,0,0,-2,0,-0.1,0,0,0,0,0,0,0,4,0,16,16:29,0,3,5,8,38.5,2017
618,Joe Pavelski\paveljo01,32,SJS,C,81,29,39,68,11,34,8.7,21,7,1,7,24,15,0,233,12.4,1549,19:07,73,130,448,407,52.4,2017
619,Tanner Pearson\pearsta01,24,LAK,LW,80,24,20,44,5,13,6,20,3,1,5,14,5,1,187,12.8,1306,16:19,31,124,10,14,41.7,2017
620,Matthew Peca\pecama01,23,TBL,C,10,1,1,2,-3,2,0,1,0,0,0,1,0,0,9,11.1,114,11:27,2,9,32,40,44.4,2017
621,Adam Pelech\pelecad01,22,NYI,D,44,3,7,10,-5,6,1.4,3,0,0,0,7,0,0,40,7.5,741,16:50,68,73,0,0,,2017
622,Brendan Perlini\perlibr01,20,ARI,LW,57,14,7,21,-4,20,2.3,11,3,0,2,5,2,0,92,15.2,846,14:50,15,42,1,1,50,2017
623,Mathieu Perreault\perrema01,29,WPG,C,65,13,32,45,-11,30,4,10,3,0,3,20,12,0,134,9.7,1059,16:17,26,97,97,92,51.3,2017
624,David Perron\perroda01,28,STL,LW,82,18,28,46,-2,54,4.7,14,3,1,3,18,10,0,151,11.9,1418,17:18,28,87,32,34,48.5,2017
625,Corey Perry\perryco01,31,ANA,RW,82,19,34,53,2,76,5.8,14,5,0,3,19,15,0,215,8.8,1453,17:43,35,81,7,13,35,2017
626,Brett Pesce\pescebr01,22,CAR,D,82,2,18,20,23,20,6.5,2,0,0,0,16,2,0,109,1.8,1739,21:12,148,57,0,0,,2017
627,Nic Petan\petanni01,21,WPG,LW,54,1,12,13,-13,12,-0.1,1,0,0,0,4,8,0,57,1.8,589,10:54,10,12,145,170,46,2017
628,Alexander Petrovic\petroal01,24,FLA,D,49,1,13,14,-1,79,2.7,1,0,0,0,13,0,0,55,1.8,889,18:09,55,106,0,0,,2017
629,Jeff Petry\petryje01,29,MTL,D,80,8,20,28,3,22,6,6,2,0,1,15,5,0,172,4.7,1769,22:07,145,171,0,0,,2017
630,Dion Phaneuf\phanedi01,31,OTT,D,81,9,21,30,-6,100,5.9,4,4,1,2,9,12,0,156,5.8,1866,23:02,156,132,0,0,,2017
631,Blake Pietila\pietibl01,23,NJD,LW,10,0,1,1,-5,4,-0.3,0,0,0,0,1,0,0,9,0,130,13:02,5,16,23,22,51.1,2017
632,Alex Pietrangelo\pietral01,27,STL,D,80,14,34,48,3,24,9.2,8,6,0,4,21,13,0,181,7.7,2023,01:17,158,38,0,1,0,2017
633,Brandon Pirri\pirribr01,25,NYR,RW,60,8,10,18,-8,25,1.1,3,5,0,3,6,4,0,96,8.3,737,12:17,20,41,140,103,57.6,2017
634,Tyler Pitlick\pitlity01,25,EDM,RW,31,8,3,11,0,6,1.6,8,0,0,1,3,0,0,54,14.8,308,09:55,13,70,8,7,53.3,2017
635,Tomas Plekanec\plekato01,34,MTL,C,78,10,18,28,10,24,2.4,5,3,2,3,14,4,0,139,7.2,1312,16:49,45,57,692,660,51.2,2017
636,Brayden Point\pointbr01,20,TBL,C,68,18,22,40,4,14,4.7,13,5,0,2,15,7,0,122,14.8,1165,17:08,31,39,238,294,44.7,2017
637,Roman Polak\polakro01,30,TOR,D,75,4,7,11,10,65,3.2,4,0,0,1,7,0,0,64,6.3,1344,17:55,133,232,0,1,0,2017
638,Jason Pominville\pominja01,34,MIN,RW,78,13,34,47,2,4,4.6,13,0,0,2,27,7,0,176,7.4,1110,14:14,39,44,39,39,50,2017
639,Kevin Porter\porteke01,30,PIT,C,2,0,0,0,-1,0,-0.1,0,0,0,0,0,0,0,0,,23,11:15,1,5,7,12,36.8,2017
640,Paul Postma\postmpa01,27,WPG,D,65,1,13,14,3,15,2.1,1,0,0,0,13,0,0,50,2,706,10:51,42,36,0,0,,2017
641,Andrew Poturalski\poturan01,23,CAR,C,2,0,0,0,-3,0,-0.2,0,0,0,0,0,0,0,1,0,25,12:16,1,1,12,12,50,2017
642,Benoit Pouliot\poulibe01,30,EDM,LW,67,8,6,14,-5,34,0.6,8,0,0,1,6,0,0,77,10.4,942,14:03,39,39,7,21,25,2017
643,Derrick Pouliot\poulide01,23,PIT,D,11,0,0,0,-4,4,-0.3,0,0,0,0,0,0,0,11,0,164,14:53,8,14,0,0,,2017
644,Shane Prince\princsh01,24,NYI,LW,50,5,13,18,-9,18,1,4,1,0,2,11,2,0,71,7,649,12:58,12,36,4,3,57.1,2017
645,Nate Prosser\prossna01,30,MIN,D,39,2,5,7,0,12,1.2,2,0,0,0,4,1,0,20,10,496,12:44,63,30,0,0,,2017
646,Dalton Prout\proutda01,26,TOT,D,29,0,6,6,-1,44,1,0,0,0,0,6,0,0,13,0,405,13:58,24,44,0,0,,2017
646,Dalton Prout\proutda01,26,CBJ,D,15,0,3,3,4,14,0.8,0,0,0,0,3,0,0,6,0,196,13:04,16,24,0,0,,2017
646,Dalton Prout\proutda01,26,NJD,D,14,0,3,3,-5,30,0.2,0,0,0,0,3,0,0,7,0,209,14:56,8,20,0,0,,2017
647,Ivan Provorov\provoiv01,20,PHI,D,82,6,24,30,-7,34,5.7,6,0,0,1,19,5,0,161,3.7,1802,21:59,166,111,0,0,,2017
648,Matt Puempel\puempma01,24,TOT,LW,40,6,3,9,-11,11,0.5,3,3,0,1,3,0,0,44,13.6,386,09:39,12,28,0,1,0,2017
648,Matt Puempel\puempma01,24,NYR,LW,27,6,3,9,-6,4,0.9,3,3,0,1,3,0,0,32,18.8,274,10:10,6,18,0,0,,2017
648,Matt Puempel\puempma01,24,OTT,LW,13,0,0,0,-5,7,-0.4,0,0,0,0,0,0,0,12,0,111,08:34,6,10,0,1,0,2017
649,Jesse Puljujarvi\puljuje01,18,EDM,RW,28,1,7,8,5,10,0.7,0,1,0,0,7,0,0,41,2.4,315,11:15,10,11,0,1,0,2017
650,Teemu Pulkkinen\pulkkte01,25,TOT,LW,13,2,0,2,-2,6,0.1,2,0,0,0,0,0,0,10,20,124,09:30,3,4,0,1,0,2017
650,Teemu Pulkkinen\pulkkte01,25,MIN,LW,9,1,0,1,-1,2,0,1,0,0,0,0,0,0,4,25,84,09:23,3,2,0,0,,2017
650,Teemu Pulkkinen\pulkkte01,25,ARI,LW,4,1,0,1,-1,4,0.1,1,0,0,0,0,0,0,6,16.7,39,09:46,0,2,0,1,0,2017
651,Ryan Pulock\pulocry01,22,NYI,D,1,0,0,0,1,0,0.1,0,0,0,0,0,0,0,0,,4,03:57,1,1,0,0,,2017
652,Teddy Purcell\purcete01,31,LAK,LW,12,0,2,2,0,0,0,0,0,0,0,2,0,0,10,0,155,12:54,2,7,3,0,100,2017
653,Tom Pyatt\pyattto01,29,OTT,LW,82,9,14,23,9,16,1.8,9,0,0,1,12,0,2,95,9.5,1281,15:38,89,46,21,28,42.9,2017
654,Mark Pysyk\pysykma01,25,FLA,D,82,4,13,17,0,10,4.3,4,0,0,0,13,0,0,86,4.7,1522,18:34,99,72,0,1,0,2017
655,John Quenneville\quennjo02,20,NJD,C,12,1,3,4,1,2,0.4,0,1,0,0,2,1,0,21,4.8,164,13:42,7,15,0,0,,2017
656,Kyle Quincey\quincky01,31,TOT,D,73,6,9,15,4,51,4.2,6,0,0,0,9,0,0,79,7.6,1306,17:54,96,95,0,0,,2017
656,Kyle Quincey\quincky01,31,NJD,D,53,4,8,12,4,39,3.4,4,0,0,0,8,0,0,61,6.6,988,18:38,70,71,0,0,,2017
656,Kyle Quincey\quincky01,31,CBJ,D,20,2,1,3,0,12,0.8,2,0,0,0,1,0,0,18,11.1,318,15:55,26,24,0,0,,2017
657,Alan Quine\quineal01,23,NYI,C,61,5,13,18,-2,8,1.1,3,2,0,1,12,1,0,82,6.1,764,12:31,29,77,264,286,48,2017
658,Alexander Radulov\radulal01,30,MTL,RW,76,18,36,54,10,62,6.1,12,6,0,2,26,10,0,147,12.2,1390,18:17,41,76,6,6,50,2017
659,Michael Raffl\rafflmi01,28,PHI,LW,52,8,3,11,-7,20,0.7,8,0,0,3,3,0,0,63,12.7,690,13:16,22,91,3,7,30,2017
660,Rickard Rakell\rakelri01,23,ANA,C,71,33,18,51,10,12,7.8,28,5,0,10,11,7,0,177,18.6,1234,17:23,32,81,62,85,42.2,2017
661,Mikko Rantanen\rantami01,20,COL,RW,75,20,18,38,-25,22,3.5,16,4,0,2,12,6,0,133,15,1354,18:03,33,29,29,21,58,2017
662,Victor Rask\raskvi01,23,CAR,C,82,16,29,45,-10,16,4.2,12,4,0,3,22,6,1,186,8.6,1418,17:18,33,43,457,461,49.8,2017
663,Dennis Rasmussen\rasmude01,26,CHI,C,68,4,4,8,-4,12,-0.4,4,0,0,0,4,0,0,77,5.2,804,11:50,49,61,165,205,44.6,2017
664,Ty Rattie\rattity01,23,TOT,RW,9,0,2,2,-2,0,0,0,0,0,0,2,0,0,10,0,97,10:44,4,10,0,0,,2017
664,Ty Rattie\rattity01,23,CAR,RW,5,0,2,2,-2,0,0,0,0,0,0,2,0,0,9,0,67,13:28,2,9,0,0,,2017
664,Ty Rattie\rattity01,23,STL,RW,4,0,0,0,0,0,0,0,0,0,0,0,0,0,1,0,29,07:20,2,1,0,0,,2017
665,Kyle Rau\rauky01,24,FLA,C,24,2,1,3,-3,4,0.1,2,0,0,0,1,0,0,21,9.5,230,09:36,3,24,2,1,66.7,2017
666,Mason Raymond\raymoma01,31,ANA,LW,4,0,0,0,-2,0,-0.1,0,0,0,0,0,0,0,3,0,36,08:55,0,3,0,1,0,2017
667,Matt Read\readma01,30,PHI,RW,63,10,9,19,3,8,2,7,2,1,2,9,0,0,92,10.9,869,13:48,32,95,5,10,33.3,2017
668,Ryan Reaves\reavery01,30,STL,RW,80,7,6,13,4,104,1.2,7,0,0,1,6,0,0,58,12.1,711,08:53,26,239,0,5,0,2017
669,Zach Redmond\redmoza01,28,MTL,D,16,0,5,5,6,2,1.2,0,0,0,0,5,0,0,12,0,197,12:19,13,25,0,0,,2017
670,Mike Reilly\reillmi01,23,MIN,D,17,1,0,1,1,2,0.4,1,0,0,0,0,0,0,19,5.3,210,12:23,8,2,0,0,,2017
671,Sam Reinhart\reinhsa01,21,BUF,C,79,17,30,47,-11,8,4.6,8,9,0,3,22,8,0,178,9.6,1360,17:13,40,21,86,124,41,2017
672,Borna Rendulic\rendubo01,24,VAN,RW,1,0,0,0,0,0,0,0,0,0,0,0,0,0,1,0,5,04:51,0,0,0,0,,2017
673,Dan Renouf\renouda01,22,DET,D,1,0,0,0,0,0,0,0,0,0,0,0,0,0,1,0,14,13:35,0,3,0,0,,2017
674,Mike Ribeiro\ribeimi01,36,NSH,C,46,4,21,25,-5,14,1.8,2,2,0,0,16,5,0,38,10.5,735,15:58,6,33,183,261,41.2,2017
675,Tanner Richard\richata01,23,TBL,C,3,0,0,0,-2,2,-0.1,0,0,0,0,0,0,0,1,0,38,12:42,2,6,13,17,43.3,2017
676,Brad Richardson\richabr02,31,ARI,RW,16,5,4,9,-1,15,1.1,3,0,2,0,3,0,1,25,20,246,15:21,7,19,121,109,52.6,2017
677,Tobias Rieder\riedeto01,24,ARI,RW,80,16,18,34,-8,6,3,13,2,1,1,13,4,1,155,10.3,1385,17:19,38,24,4,9,30.8,2017
678,Morgan Rielly\riellmo01,22,TOR,D,76,6,21,27,-20,21,2.9,5,1,0,1,17,4,0,171,3.5,1685,22:10,120,46,0,0,,2017
679,Rasmus Ristolainen\ristora01,22,BUF,D,79,6,39,45,-9,58,7.6,5,1,0,2,14,24,1,186,3.2,2091,02:28,161,195,0,0,,2017
680,Brett Ritchie\ritchbr01,23,DAL,RW,78,16,8,24,11,38,3.1,15,1,0,2,7,1,0,167,9.6,1006,12:54,23,153,1,1,50,2017
681,Nick Ritchie\ritchni01,21,ANA,LW,77,14,14,28,4,62,3.2,13,1,0,3,13,1,0,149,9.4,1000,12:59,24,247,4,4,50,2017
682,Buddy Robinson\robinbu01,25,OTT,RW,4,0,0,0,0,2,0,0,0,0,0,0,0,0,4,0,28,06:57,0,9,0,0,,2017
683,Anton Rodin\rodinan01,26,VAN,RW,3,0,1,1,1,0,0.1,0,0,0,0,1,0,0,2,0,27,08:55,1,0,0,0,,2017
684,Evan Rodrigues\rodriev01,23,BUF,LW,30,4,2,6,-7,4,0.2,3,1,0,0,2,0,0,51,7.8,388,12:56,12,12,104,146,41.6,2017
685,Kevin Rooney\rooneke01,23,NJD,C,4,0,0,0,-3,4,-0.2,0,0,0,0,0,0,0,2,0,41,10:11,1,4,10,17,37,2017
686,Jack Roslovic\rosloja01,20,WPG,C,1,0,0,0,-1,0,-0.1,0,0,0,0,0,0,0,1,0,8,08:24,1,0,1,5,16.7,2017
687,Antoine Roussel\roussan01,27,DAL,LW,60,12,15,27,1,115,2.7,12,0,0,3,12,3,0,82,14.6,931,15:31,45,69,7,9,43.8,2017
688,Carter Rowney\rowneca01,27,PIT,RW,27,3,4,7,2,4,0.6,3,0,0,1,4,0,0,24,12.5,296,10:58,15,64,95,103,48,2017
689,Michal Rozsival\rozsimi01,38,CHI,D,22,1,2,3,-3,14,0.4,1,0,0,1,2,0,0,16,6.3,341,15:30,25,47,0,0,,2017
690,Chad Ruhwedel\ruhwech01,26,PIT,D,34,2,8,10,9,8,2.1,2,0,0,0,5,3,0,45,4.4,589,17:20,26,36,0,0,,2017
691,Kris Russell\russekr01,29,EDM,D,68,1,12,13,5,23,3.1,1,0,0,1,11,1,0,68,1.5,1443,21:13,213,67,0,0,,2017
692,Robbie Russo\russoro01,23,DET,D,19,0,0,0,2,2,0.5,0,0,0,0,0,0,0,18,0,305,16:04,13,24,0,0,,2017
693,Bryan Rust\rustbr01,24,PIT,RW,57,15,13,28,4,8,3.3,15,0,0,1,12,0,1,110,13.6,777,13:38,29,101,2,3,40,2017
694,Bobby Ryan\ryanbo01,29,OTT,RW,62,13,12,25,-3,24,2.5,11,2,0,0,9,3,0,111,11.7,963,15:32,36,109,6,3,66.7,2017
695,Derek Ryan\ryande01,30,CAR,C,67,11,18,29,-8,22,2.6,6,4,1,3,14,4,0,73,15.1,998,14:53,37,33,391,316,55.3,2017
696,Brandon Saad\saadbr01,24,CBJ,LW,82,24,29,53,23,8,7.2,23,1,0,4,27,2,0,210,11.4,1396,17:02,26,24,4,5,44.4,2017
697,Miikka Salomaki\salommi01,23,NSH,RW,5,0,0,0,-1,2,-0.1,0,0,0,0,0,0,0,3,0,61,12:13,9,14,0,0,,2017
698,Zach Sanford\sanfoza01,22,TOT,LW,39,4,4,8,2,10,0.7,4,0,0,2,4,0,0,36,11.1,423,10:51,20,22,17,22,43.6,2017
698,Zach Sanford\sanfoza01,22,WSH,C,26,2,1,3,0,6,0.1,2,0,0,1,1,0,0,23,8.7,264,10:09,10,18,10,8,55.6,2017
698,Zach Sanford\sanfoza01,22,STL,LW,13,2,3,5,2,4,0.6,2,0,0,1,3,0,0,13,15.4,159,12:14,10,4,7,14,33.3,2017
699,Steven Santini\santist01,21,NJD,D,38,2,5,7,-6,14,1.3,2,0,0,0,5,0,0,46,4.3,611,16:05,35,83,0,0,,2017
700,David Savard\savarda01,26,CBJ,D,74,6,17,23,33,44,7.1,6,0,0,0,15,0,2,135,4.4,1616,21:50,126,127,0,0,,2017
701,Luca Sbisa\sbisalu01,27,VAN,D,82,2,11,13,-1,40,3.7,2,0,0,1,11,0,0,75,2.7,1556,18:59,122,130,0,0,,2017
702,Marco Scandella\scandma01,26,MIN,D,71,4,9,13,-2,25,2.3,4,0,0,0,9,0,0,88,4.5,1302,18:20,85,50,0,0,,2017
703,Colton Sceviour\scevico01,27,FLA,C,80,9,15,24,-16,25,1.3,5,1,3,1,12,2,1,172,5.2,1171,14:38,64,108,31,27,53.4,2017
704,Tim Schaller\schalti01,26,BOS,C,59,7,7,14,-6,23,1.1,7,0,0,2,7,0,0,89,7.9,724,12:16,38,73,28,29,49.1,2017
705,Mark Scheifele\scheima01,23,WPG,C,79,32,50,82,18,38,10.3,25,7,0,5,40,8,2,160,20,1624,20:34,34,49,635,826,43.5,2017
706,Brayden Schenn\schenbr01,25,PHI,C,79,25,30,55,-13,38,6.2,8,17,0,7,19,11,0,178,14,1407,17:48,42,189,232,262,47,2017
707,Luke Schenn\schenlu01,27,ARI,D,78,1,7,8,-9,85,1.7,1,0,0,0,7,0,0,94,1.1,1408,18:03,134,286,0,0,,2017
708,Nikita Scherbak\scherni01,21,MTL,RW,3,1,0,1,1,0,0.2,0,1,0,0,0,0,0,3,33.3,34,11:23,1,0,0,0,,2017
709,David Schlemko\schleda01,29,SJS,D,62,2,16,18,4,14,3.7,1,1,0,1,14,2,0,118,1.7,1038,16:45,112,35,0,0,,2017
710,Jordan Schmaltz\schmajo01,23,STL,D,9,0,2,2,0,4,0.4,0,0,0,0,1,1,0,5,0,129,14:20,10,4,0,0,,2017
711,Nick Schmaltz\schmani01,20,CHI,LW,61,6,22,28,10,6,2.7,6,0,0,0,20,2,0,66,9.1,809,13:16,27,20,84,188,30.9,2017
712,Nate Schmidt\schmina01,25,WSH,D,60,3,14,17,22,16,4.5,3,0,0,0,13,0,1,60,5,929,15:29,37,51,0,0,,2017
713,Cole Schneider\schneco02,26,BUF,LW,4,0,1,1,2,0,0.2,0,0,0,0,1,0,0,6,0,29,07:09,2,3,0,0,,2017
714,Jordan Schroeder\schrojo01,26,MIN,C,37,6,7,13,5,0,1.6,6,0,0,0,7,0,0,37,16.2,362,09:47,15,29,19,21,47.5,2017
715,Justin Schultz\schulju01,26,PIT,D,78,12,39,51,27,34,9.2,9,3,0,1,22,17,0,154,7.8,1595,20:27,116,67,0,0,,2017
716,Nick Schultz\schulni01,34,PHI,D,28,0,4,4,1,10,1.1,0,0,0,0,4,0,0,25,0,427,15:15,61,45,0,0,,2017
717,Jaden Schwartz\schwaja01,24,STL,LW,78,19,36,55,14,18,6.4,16,3,0,4,30,6,0,179,10.6,1475,18:54,43,71,67,73,47.9,2017
718,Brent Seabrook\seabrbr01,31,CHI,D,79,3,36,39,5,26,6,1,2,0,0,24,12,0,131,2.3,1729,21:54,147,111,0,1,0,2017
719,Daniel Sedin\sedinda01,36,VAN,LW,82,15,29,44,-16,32,3.8,9,6,0,3,21,8,0,216,6.9,1508,18:23,18,20,3,3,50,2017
720,Henrik Sedin\sedinhe01,36,VAN,C,82,15,35,50,-27,28,3.9,14,1,0,4,21,14,0,99,15.2,1561,19:02,11,15,611,635,49,2017
721,Lukas Sedlak\sedlalu01,23,CBJ,LW,62,7,6,13,10,25,1.6,6,0,1,0,6,0,0,57,12.3,603,09:43,28,66,232,211,52.4,2017
722,Tyler Seguin\seguity01,25,DAL,C,82,26,46,72,-15,22,7.5,15,11,0,4,28,18,0,301,8.6,1514,18:28,26,60,401,385,51,2017
723,Dennis Seidenberg\seidede01,35,NYI,D,73,5,17,22,25,32,5.8,5,0,0,0,17,0,0,89,5.6,1418,19:26,146,154,0,0,,2017
724,Andrej Sekera\sekeran01,30,EDM,D,80,8,27,35,14,18,7.3,6,1,1,1,17,10,0,128,6.3,1719,21:29,166,55,0,0,,2017
725,Mikhail Sergachev\sergami01,18,MTL,D,4,0,0,0,1,0,0.1,0,0,0,0,0,0,0,2,0,49,12:08,3,10,0,0,,2017
726,Tom Sestito\sestito01,29,PIT,LW,13,0,2,2,0,48,0.1,0,0,0,0,2,0,0,3,0,72,05:32,2,19,0,0,,2017
727,Devin Setoguchi\setogde01,30,LAK,RW,45,4,8,12,-5,14,0.8,4,0,0,0,7,1,0,60,6.7,560,12:27,10,53,2,2,50,2017
728,Damon Severson\severda01,22,NJD,D,80,3,28,31,-31,58,3.4,3,0,0,1,15,13,0,125,2.4,1628,20:21,72,79,0,0,,2017
729,Michael Sgarbossa\sgarbmi01,24,TOT,C,38,2,7,9,-5,9,0.4,1,1,0,0,6,1,0,33,6.1,424,11:09,16,39,138,176,43.9,2017
729,Michael Sgarbossa\sgarbmi01,24,FLA,C,29,2,5,7,-3,9,0.4,1,1,0,0,5,0,0,26,7.7,339,11:41,12,33,104,129,44.6,2017
729,Michael Sgarbossa\sgarbmi01,24,ANA,C,9,0,2,2,-2,0,0,0,0,0,0,1,1,0,7,0,85,09:28,4,6,34,47,42,2017
730,Patrick Sharp\sharppa01,35,DAL,LW,48,8,10,18,-22,31,0.6,6,1,1,0,10,0,0,146,5.5,765,15:57,24,24,29,32,47.5,2017
731,Kevin Shattenkirk\shattke01,28,TOT,D,80,13,43,56,-7,47,8.5,5,8,0,2,24,19,0,161,8.1,1595,19:56,95,88,0,0,,2017
731,Kevin Shattenkirk\shattke01,28,STL,D,61,11,31,42,-11,37,6.2,4,7,0,0,18,13,0,115,9.6,1211,19:51,69,70,0,0,,2017
731,Kevin Shattenkirk\shattke01,28,WSH,D,19,2,12,14,4,10,2.3,1,1,0,2,6,6,0,46,4.3,384,20:12,26,18,0,0,,2017
732,Andrew Shaw\shawan01,25,MTL,C,68,12,17,29,4,110,3,11,1,0,1,11,6,0,127,9.4,1034,15:12,38,147,239,199,54.6,2017
733,Logan Shaw\shawlo01,25,ANA,RW,55,3,7,10,3,10,0.7,2,0,1,1,6,0,1,59,5.1,534,09:43,18,62,55,90,37.9,2017
734,Riley Sheahan\sheahri01,25,DET,C,80,2,11,13,-29,14,-1.2,1,1,0,0,9,2,0,109,1.8,1118,13:58,38,81,236,230,50.6,2017
735,Conor Sheary\shearco01,24,PIT,LW,61,23,30,53,24,22,7.3,21,2,0,6,27,3,0,154,14.9,972,15:56,23,29,0,0,,2017
736,Hunter Shinkaruk\shinkhu01,22,CGY,LW,7,0,1,1,-3,2,-0.1,0,0,0,0,1,0,0,5,0,74,10:35,3,3,0,0,,2017
737,Devin Shore\shorede01,22,DAL,C,82,13,20,33,-4,14,2.8,12,1,0,0,15,5,0,115,11.3,1159,14:08,71,44,221,249,47,2017
738,Drew Shore\shoredr01,26,VAN,C,14,0,2,2,-3,4,-0.1,0,0,0,0,2,0,0,11,0,168,11:58,3,22,38,33,53.5,2017
739,Nick Shore\shoreni01,24,LAK,C,70,6,11,17,-2,20,1.3,5,0,1,1,11,0,0,79,7.6,895,12:47,22,58,362,359,50.2,2017
740,Duncan Siemens\siemedu01,23,COL,D,3,0,0,0,-2,2,-0.1,0,0,0,0,0,0,0,2,0,37,12:19,1,10,0,0,,2017
741,Jakob Silfverberg\silfvja01,26,ANA,RW,79,23,26,49,10,20,6.1,17,5,1,5,22,4,0,227,10.1,1460,18:29,46,47,1,6,14.3,2017
742,Wayne Simmonds\simmowa01,28,PHI,RW,82,31,23,54,-18,122,6.3,13,16,2,4,14,9,0,224,13.8,1556,18:58,60,162,8,9,47.1,2017
743,Dominik Simon\simondo01,22,PIT,C,2,0,1,1,-1,0,0,0,0,0,0,1,0,0,2,0,26,13:03,0,2,0,0,,2017
744,Dillon Simpson\simpsdi01,23,EDM,D,3,0,0,0,0,2,0,0,0,0,0,0,0,0,2,0,33,10:53,2,3,0,0,,2017
745,Colton Sissons\sissoco01,23,NSH,C,58,8,2,10,11,12,1.4,7,0,1,1,2,0,0,42,19,645,11:07,24,104,192,192,50,2017
746,Jack Skille\skillja01,29,VAN,RW,55,5,4,9,0,12,0.9,5,0,0,0,4,0,0,73,6.8,484,08:48,24,74,2,0,100,2017
747,Jeff Skinner\skinnje01,24,CAR,LW,79,37,26,63,-3,28,8.8,30,7,0,4,18,8,0,281,13.2,1401,17:44,28,33,10,17,37,2017
748,Brady Skjei\skjeibr01,22,NYR,D,80,5,34,39,11,42,6.4,5,0,0,0,27,7,0,127,3.9,1397,17:28,69,147,0,1,0,2017
749,Jaccob Slavin\slavija01,22,CAR,D,82,5,29,34,23,12,8.6,4,0,1,0,22,4,3,99,5.1,1922,23:26,161,35,0,0,,2017
750,Anton Slepyshev\slepyan01,22,EDM,LW,41,4,6,10,5,4,1,4,0,0,0,6,0,0,55,7.3,456,11:07,15,64,2,3,40,2017
751,Ben Smith\smithbe01,28,TOT,RW,40,2,2,4,-7,4,-0.4,2,0,0,0,2,0,0,30,6.7,459,11:28,41,29,241,227,51.5,2017
751,Ben Smith\smithbe01,28,TOR,RW,36,2,2,4,-5,4,-0.3,2,0,0,0,2,0,0,29,6.9,416,11:33,41,28,220,208,51.4,2017
751,Ben Smith\smithbe01,28,COL,RW,4,0,0,0,-2,0,-0.1,0,0,0,0,0,0,0,1,0,43,10:46,0,1,21,19,52.5,2017
752,Brendan Smith\smithbr05,27,TOT,D,51,3,6,9,1,63,2.3,2,1,0,1,4,2,0,62,4.8,981,19:15,65,59,0,0,,2017
752,Brendan Smith\smithbr05,27,DET,D,33,2,3,5,-1,34,1.4,1,1,0,1,1,2,0,39,5.1,618,18:44,38,43,0,0,,2017
752,Brendan Smith\smithbr05,27,NYR,D,18,1,3,4,2,29,0.9,1,0,0,0,3,0,0,23,4.3,363,20:10,27,16,0,0,,2017
753,C.J. Smith\smithcj01,22,BUF,LW,2,0,1,1,-1,0,0,0,0,0,0,1,0,0,2,0,23,11:32,0,0,0,0,,2017
754,Craig Smith\smithcr01,27,NSH,RW,78,12,17,29,7,30,3,10,2,0,1,16,1,0,155,7.7,1078,13:49,16,93,51,60,45.9,2017
755,Gemel Smith\smithge02,22,DAL,C,17,3,3,6,-1,21,0.5,2,0,1,0,3,0,0,19,15.8,231,13:35,6,6,25,34,42.4,2017
756,Reilly Smith\smithre01,25,FLA,RW,80,15,22,37,-13,17,3.1,8,6,1,3,17,5,0,160,9.4,1468,18:21,34,75,3,3,50,2017
757,Trevor Smith\smithtr01,31,NSH,C,1,0,0,0,0,0,0,0,0,0,0,0,0,0,0,,7,07:20,2,0,0,8,0,2017
758,Zack Smith\smithza01,28,OTT,C,74,16,16,32,6,61,3.6,11,1,4,1,16,0,0,137,11.7,1212,16:23,38,140,317,292,52.1,2017
759,Devante Smith-Pelly\smithde06,24,NJD,RW,53,4,5,9,-19,12,-0.3,4,0,0,0,3,2,0,76,5.3,716,13:30,32,94,29,42,40.8,2017
760,Vladimir Sobotka\sobotvl01,29,STL,LW,1,1,0,1,0,0,0.2,1,0,0,0,0,0,0,2,50,17,16:41,0,0,6,6,50,2017
761,Carl Soderberg\soderca01,31,COL,C,80,6,8,14,-26,22,-0.4,5,1,0,0,7,1,0,128,4.7,1076,13:27,42,34,365,337,52,2017
762,Marcus Sorensen\sorenma01,24,SJS,RW,19,1,3,4,-1,4,0.2,1,0,0,1,3,0,0,27,3.7,205,10:49,6,15,3,1,75,2017
763,Nick Sorensen\sorenni01,22,ANA,RW,5,0,1,1,-1,2,0,0,0,0,0,1,0,0,7,0,54,10:53,3,2,1,0,100,2017
764,Nikita Soshnikov\soshnni01,23,TOR,RW,56,5,4,9,1,16,0.5,5,0,0,0,3,1,0,70,7.1,608,10:51,28,101,2,15,11.8,2017
765,Blake Speers\speerbl01,20,NJD,C,3,0,0,0,0,0,0,0,0,0,0,0,0,0,3,0,28,09:29,1,1,0,2,0,2017
766,Jason Spezza\spezzja01,33,DAL,C,68,15,35,50,-18,29,4.5,12,2,1,4,18,17,0,149,10.1,1100,16:10,31,13,354,324,52.2,2017
767,Ryan Spooner\spoonry01,25,BOS,C,78,11,28,39,-8,14,3.7,8,3,0,3,12,15,1,145,7.6,1099,14:06,17,24,79,124,38.9,2017
768,Ryan Sproul\sproury01,24,DET,D,27,1,6,7,-8,6,0.7,0,1,0,0,4,2,0,46,2.2,409,15:09,14,12,0,0,,2017
769,Jared Spurgeon\spurgja01,27,MIN,D,76,10,28,38,33,20,8.9,9,1,0,2,23,4,1,144,6.9,1827,00:02,140,49,0,0,,2017
770,Eric Staal\staaler01,32,MIN,C,82,28,37,65,17,34,8,23,4,1,8,24,12,1,211,13.3,1526,18:36,39,42,577,597,49.1,2017
771,Jordan Staal\staaljo01,28,CAR,C,75,16,29,45,-1,38,4.6,11,4,1,3,25,4,0,164,9.8,1400,18:40,29,139,688,477,59.1,2017
772,Marc Staal\staalma01,30,NYR,D,72,3,7,10,9,34,2.8,3,0,0,0,6,0,1,70,4.3,1381,19:11,97,89,0,1,0,2017
773,Drew Stafford\staffdr01,31,TOT,RW,58,8,13,21,6,24,2.1,5,3,0,3,12,1,0,109,7.3,789,13:36,3,62,7,15,31.8,2017
773,Drew Stafford\staffdr01,31,WPG,RW,40,4,9,13,-2,12,0.8,2,2,0,1,8,1,0,68,5.9,532,13:18,1,37,3,9,25,2017
773,Drew Stafford\staffdr01,31,BOS,RW,18,4,4,8,8,12,1.3,3,1,0,2,4,0,0,41,9.8,257,14:16,2,25,4,6,40,2017
774,Matt Stajan\stajama01,33,CGY,C,81,6,17,23,3,40,1.6,6,0,0,3,15,0,2,59,10.2,1027,12:41,39,60,385,383,50.1,2017
775,Viktor Stalberg\stalbvi01,31,TOT,LW,75,11,5,16,-9,41,1.2,8,1,2,2,4,1,0,101,10.9,915,12:12,28,141,0,3,0,2017
775,Viktor Stalberg\stalbvi01,31,CAR,LW,57,9,3,12,-6,33,1.1,7,0,2,2,3,0,0,71,12.7,667,11:42,16,120,0,3,0,2017
775,Viktor Stalberg\stalbvi01,31,OTT,LW,18,2,2,4,-3,8,0.1,1,1,0,0,1,1,0,30,6.7,248,13:48,12,21,0,0,,2017
776,Steven Stamkos\stamkst01,26,TBL,C,17,9,11,20,3,14,2.8,6,3,0,1,7,4,0,58,15.5,304,17:52,3,21,106,92,53.5,2017
777,Paul Stastny\stastpa01,31,STL,C,66,18,22,40,4,36,4.5,13,5,0,5,14,8,0,112,16.1,1263,19:08,35,51,786,624,55.7,2017
778,Troy Stecher\stechtr01,22,VAN,D,71,3,21,24,-16,25,3.7,2,1,0,0,14,7,0,125,2.4,1419,19:59,66,51,0,0,,2017
779,Alex Steen\steenal01,32,STL,LW,76,16,35,51,-2,53,5,13,3,0,2,22,13,0,117,13.7,1467,19:18,69,33,101,146,40.9,2017
780,Lee Stempniak\stemple01,33,CAR,RW,82,16,24,40,2,32,4.3,14,2,0,2,20,4,0,131,12.2,1299,15:51,16,113,3,5,37.5,2017
781,Derek Stepan\stepade01,26,NYR,C,81,17,38,55,19,16,5.9,12,4,1,2,24,14,0,209,8.1,1507,18:37,45,26,716,806,47,2017
782,Chandler Stephenson\stephch02,22,WSH,C,4,0,0,0,0,0,-0.1,0,0,0,0,0,0,0,3,0,36,08:53,0,0,12,13,48,2017
783,Chris Stewart\stewach02,29,MIN,RW,79,13,8,21,3,94,2.3,13,0,0,0,6,2,0,82,15.9,821,10:23,19,85,2,9,18.2,2017
784,Karl Stollery\stollka01,29,NJD,D,11,0,3,3,-5,13,0.2,0,0,0,0,0,3,0,11,0,186,16:55,16,26,0,0,,2017
785,Mark Stone\stonema01,24,OTT,RW,71,22,32,54,12,25,6.8,16,6,0,5,24,8,0,134,16.4,1318,18:34,53,43,10,15,40,2017
786,Michael Stone\stonemi01,26,TOT,D,64,3,12,15,0,32,3.3,2,1,0,0,8,4,0,81,3.7,1268,19:49,143,125,1,0,100,2017
786,Michael Stone\stonemi01,26,ARI,D,45,1,8,9,-5,12,1.6,0,1,0,0,4,4,0,57,1.8,910,20:13,102,98,1,0,100,2017
786,Michael Stone\stonemi01,26,CGY,D,19,2,4,6,5,20,1.7,2,0,0,0,4,0,0,24,8.3,358,18:51,41,27,0,0,,2017
787,Clayton Stoner\stonecl01,31,ANA,D,14,1,2,3,0,28,0.7,1,0,0,0,2,0,0,16,6.3,246,17:33,17,35,0,0,,2017
788,Brian Strait\straibr01,29,WPG,D,5,0,2,2,-1,0,0.2,0,0,0,0,2,0,0,3,0,80,15:56,8,5,0,0,,2017
789,Anton Stralman\stralan01,30,TBL,D,73,5,17,22,1,20,4.8,4,1,0,0,11,6,0,130,3.8,1672,22:54,96,106,0,0,,2017
790,Ben Street\streebe01,29,DET,C,6,0,1,1,1,0,0.1,0,0,0,0,1,0,0,8,0,50,08:15,0,3,0,0,,2017
791,Mark Streit\streima01,39,TOT,D,68,6,21,27,-12,28,3.9,5,1,0,2,9,12,0,114,5.3,1275,18:45,92,38,0,0,,2017
791,Mark Streit\streima01,39,PHI,D,49,5,16,21,-10,22,3.2,4,1,0,1,9,7,0,88,5.7,950,19:23,58,25,0,0,,2017
791,Mark Streit\streima01,39,PIT,D,19,1,5,6,-2,6,0.6,1,0,0,1,0,5,0,26,3.8,325,17:06,34,13,0,0,,2017
792,Dylan Strome\stromdy01,19,ARI,C,7,0,1,1,-5,0,-0.3,0,0,0,0,1,0,0,6,0,96,13:41,2,3,31,46,40.3,2017
793,Ryan Strome\stromry01,23,NYI,RW,69,13,17,30,-8,40,2.6,11,2,0,2,11,6,0,114,11.4,1008,14:36,21,59,147,197,42.7,2017
794,Mark Stuart\stuarma01,32,WPG,D,42,2,2,4,4,27,1.1,2,0,0,1,2,0,0,24,8.3,523,12:27,79,68,0,0,,2017
795,P.K. Subban\subbapk01,27,NSH,D,66,10,30,40,-8,44,6.1,7,3,0,2,16,13,1,142,7,1611,00:24,104,78,0,0,,2017
796,Oskar Sundqvist\sundqos01,22,PIT,C,10,0,0,0,-4,2,-0.4,0,0,0,0,0,0,0,9,0,92,09:10,2,13,16,28,36.4,2017
797,Andrej Sustr\sustran01,26,TBL,D,80,3,11,14,-10,43,2.5,3,0,0,1,11,0,0,93,3.2,1407,17:35,102,45,0,1,0,2017
798,Ryan Suter\suterry01,32,MIN,D,82,9,31,40,34,36,9.3,4,4,1,1,22,8,1,164,5.5,2208,02:55,105,72,0,0,,2017
799,Brandon Sutter\suttebr03,27,VAN,C,81,17,17,34,-20,12,2.7,13,4,0,1,13,4,0,160,10.6,1523,18:48,53,78,788,664,54.3,2017
800,Evgeny Svechnikov\svechev01,20,DET,RW,2,0,0,0,0,0,0,0,0,0,0,0,0,0,4,0,26,13:09,1,2,0,0,,2017
801,Brandon Tanev\tanevbr01,25,WPG,LW,51,2,2,4,-6,26,-0.6,2,0,0,1,2,0,0,54,3.7,545,10:41,31,128,1,0,100,2017
802,Chris Tanev\tanevch01,27,VAN,D,53,2,8,10,3,14,3.1,2,0,0,1,8,0,0,39,5.1,1078,20:21,91,19,0,0,,2017
803,Vladimir Tarasenko\tarasvl01,25,STL,RW,82,39,36,75,-1,12,10.2,30,9,0,8,23,13,0,286,13.6,1515,18:28,31,50,5,5,50,2017
804,Tomas Tatar\tatarto01,26,DET,LW,82,25,21,46,-8,26,5.4,20,5,0,5,18,3,0,166,15.1,1417,17:17,24,92,8,5,61.5,2017
805,John Tavares\tavarjo01,26,NYI,C,77,28,38,66,4,38,7.8,20,7,1,3,26,11,1,260,10.8,1572,20:25,20,42,824,804,50.6,2017
806,Matt Tennyson\tennyma01,26,CAR,D,45,0,6,6,-13,6,0.3,0,0,0,0,6,0,0,36,0,598,13:17,48,65,0,0,,2017
807,Teuvo Teravainen\teravte01,22,CAR,LW,81,15,27,42,-6,16,4.1,10,5,0,2,17,10,0,169,8.9,1315,16:14,33,27,193,220,46.7,2017
808,Chris Terry\terrych01,27,MTL,LW,14,2,2,4,-1,4,0.4,2,0,0,0,2,0,0,15,13.3,138,09:53,1,10,1,1,50,2017
809,Shea Theodore\theodsh01,21,ANA,D,34,2,7,9,-6,28,1.4,1,1,0,1,5,1,1,60,3.3,589,17:19,30,14,0,0,,2017
810,Nate Thompson\thompna01,32,ANA,C,30,1,1,2,4,14,0,1,0,0,0,1,0,0,19,5.3,312,10:23,9,69,130,115,53.1,2017
811,Paul Thompson\thomppa02,28,FLA,RW,21,0,3,3,-4,22,-0.1,0,0,0,0,3,0,0,19,0,166,07:54,16,48,0,1,0,2017
812,Ben Thomson\thomsbe01,24,NJD,LW,3,0,0,0,-4,4,-0.2,0,0,0,0,0,0,0,7,0,33,10:53,1,7,0,1,0,2017
813,Chris Thorburn\thorbch01,33,WPG,RW,64,3,1,4,-7,95,-0.4,2,0,1,0,1,0,0,36,8.3,446,06:59,25,90,13,13,50,2017
814,Joe Thornton\thornjo01,37,SJS,C,79,7,43,50,7,51,4.3,6,1,0,0,25,18,0,81,8.6,1427,18:04,31,52,374,362,50.8,2017
815,Shawn Thornton\thornsh01,39,FLA,LW,50,2,2,4,-7,67,-0.2,2,0,0,0,2,0,0,42,4.8,384,07:41,8,52,5,10,33.3,2017
816,Chris Tierney\tiernch01,22,SJS,C,80,11,12,23,0,6,1.9,9,1,1,2,11,0,1,90,12.2,1168,14:36,44,50,399,424,48.5,2017
817,Matthew Tkachuk\tkachma01,19,CGY,LW,76,13,35,48,14,105,5.4,10,3,0,2,25,10,0,142,9.2,1114,14:40,22,65,8,15,34.8,2017
818,Jonathan Toews\toewsjo01,28,CHI,C,72,21,37,58,7,35,6.3,15,6,0,5,26,11,0,199,10.6,1451,20:09,32,43,852,700,54.9,2017
819,Tyler Toffoli\toffoty01,24,LAK,C,63,16,18,34,6,22,4.4,12,4,0,2,14,3,1,165,9.7,1045,16:35,4,54,2,3,40,2017
820,Sergey Tolchinsky\tolchse01,21,CAR,LW,2,0,1,1,0,0,0.1,0,0,0,0,1,0,0,2,0,23,11:29,0,0,0,0,,2017
821,Jordin Tootoo\tootojo01,33,CHI,RW,50,2,1,3,-6,28,-0.3,2,0,0,0,1,0,0,43,4.7,337,06:45,8,52,1,0,100,2017
822,Vincent Trocheck\trochvi01,23,FLA,C,82,23,31,54,-13,43,5.5,21,2,0,2,20,10,1,230,10,1708,20:50,51,164,835,829,50.2,2017
823,Corey Tropp\troppco01,27,ANA,RW,1,0,0,0,-1,0,-0.1,0,0,0,0,0,0,0,0,,9,09:28,0,2,0,0,,2017
824,Jacob Trouba\troubja01,22,WPG,D,60,8,25,33,4,54,5.2,6,2,0,1,22,2,1,154,5.2,1498,00:58,118,107,0,0,,2017
825,Nikita Tryamkin\tryamni01,22,VAN,D,66,2,7,9,-7,64,2.2,2,0,0,0,7,0,0,65,3.1,1105,16:44,87,145,0,0,,2017
826,Alex Tuch\tuchal01,20,MIN,RW,6,0,0,0,-3,0,-0.3,0,0,0,0,0,0,0,8,0,64,10:42,7,5,0,0,,2017
827,Kyle Turris\turriky01,27,OTT,C,78,27,28,55,-3,47,6.5,21,6,0,6,17,11,0,185,14.6,1521,19:30,61,21,650,575,53.1,2017
828,T.J. Tynan\tynant.01,24,CBJ,RW,3,0,0,0,-1,0,-0.1,0,0,0,0,0,0,0,3,0,22,07:29,1,1,0,0,,2017
829,Fedor Tyutin\tyutife01,33,COL,D,69,1,12,13,-25,38,1.2,1,0,0,0,12,0,0,46,2.2,1307,18:56,90,116,0,0,,2017
830,Scottie Upshall\upshasc01,33,STL,RW,73,10,8,18,-1,45,1.8,8,0,2,1,8,0,0,85,11.8,802,10:59,21,99,3,9,25,2017
831,James van Riemsdyk\vanrija01,27,TOR,LW,82,29,33,62,-2,37,7.7,23,6,0,5,20,13,0,238,12.2,1303,15:53,29,62,1,4,20,2017
832,Trevor van Riemsdyk\vanritr01,25,CHI,D,58,5,11,16,17,29,4.3,5,0,0,2,11,0,0,73,6.8,1068,18:25,100,22,0,0,,2017
833,Chris VandeVelde\vandech01,29,PHI,C,81,6,9,15,-5,16,0.7,6,0,0,0,9,0,0,69,8.7,936,11:34,60,114,24,20,54.5,2017
834,Thomas Vanek\vanekth01,33,TOT,LW,68,17,31,48,-5,22,5.5,12,5,0,2,23,8,0,133,12.8,979,14:24,5,29,6,9,40,2017
834,Thomas Vanek\vanekth01,33,DET,LW,48,15,23,38,2,16,4.9,10,5,0,2,17,6,0,99,15.2,702,14:37,2,23,6,9,40,2017
834,Thomas Vanek\vanekth01,33,FLA,LW,20,2,8,10,-7,6,0.6,2,0,0,0,6,2,0,34,5.9,278,13:54,3,6,0,0,,2017
835,Phil Varone\varonph01,26,OTT,C,7,0,0,0,-3,2,-0.2,0,0,0,0,0,0,0,1,0,56,07:59,1,3,15,12,55.6,2017
836,Sami Vatanen\vatansa01,25,ANA,D,71,3,21,24,3,30,4.9,1,2,0,0,9,12,0,117,2.6,1538,21:40,128,75,0,0,,2017
837,Frank Vatrano\vatrafr01,22,BOS,C,44,10,8,18,-3,14,2.2,6,4,0,1,7,1,0,116,8.6,593,13:29,16,51,2,5,28.6,2017
838,Mike Vecchione\vecchmi01,23,PHI,RW,2,0,0,0,-1,0,-0.1,0,0,0,0,0,0,0,1,0,17,08:30,1,1,8,4,66.7,2017
839,Antoine Vermette\vermean01,34,ANA,C,72,9,19,28,-7,42,2,4,5,0,1,13,6,0,88,10.2,1145,15:54,45,51,744,451,62.3,2017
840,Joel Vermin\vermijo01,24,TBL,RW,18,0,3,3,2,4,0.1,0,0,0,0,3,0,0,12,0,197,10:56,7,17,2,1,66.7,2017
841,Kris Versteeg\verstkr01,30,CGY,RW,69,15,22,37,-3,46,3.9,7,8,0,1,14,8,0,136,11,1016,14:44,28,5,53,49,52,2017
842,Jimmy Vesey\veseyji02,23,NYR,LW,80,16,11,27,-13,26,2.2,11,5,0,6,8,3,0,116,13.8,1091,13:38,37,64,2,5,28.6,2017
843,Linden Vey\veyli01,25,CGY,RW,4,0,0,0,-2,0,-0.2,0,0,0,0,0,0,0,1,0,44,11:01,0,1,9,15,37.5,2017
844,Jake Virtanen\virtaja01,20,VAN,RW,10,0,1,1,1,2,0,0,0,0,0,1,0,0,13,0,101,10:09,4,17,3,0,100,2017
845,Marc-Edouard Vlasic\vlasima01,29,SJS,D,75,6,22,28,4,35,5.8,5,1,0,2,15,6,1,144,4.2,1593,21:14,144,18,0,0,,2017
846,Jakub Voracek\voracja01,27,PHI,RW,82,20,41,61,-24,56,5.6,15,5,0,3,23,18,0,253,7.9,1565,19:05,22,30,3,11,21.4,2017
847,Jakub Vrana\vranaja01,20,WSH,LW,21,3,3,6,2,2,0.6,0,3,0,2,2,1,0,32,9.4,233,11:07,7,6,0,3,0,2017
848,Radim Vrbata\vrbatra01,35,ARI,RW,81,20,35,55,-18,16,5.3,16,4,0,4,24,11,0,233,8.6,1369,16:54,31,48,17,30,36.2,2017
849,Chris Wagner\wagnech01,25,ANA,C,43,6,1,7,2,6,0.9,6,0,0,0,1,0,0,40,15,402,09:21,24,112,62,86,41.9,2017
850,Lucas Wallmark\wallmlu01,21,CAR,C,8,0,2,2,1,2,0.1,0,0,0,0,2,0,0,11,0,87,10:52,3,14,31,27,53.4,2017
851,Joel Ward\wardjo02,36,SJS,RW,78,10,19,29,-2,30,2.2,7,1,2,2,17,2,0,105,9.5,1244,15:57,56,61,222,233,48.8,2017
852,David Warsofsky\warsoda01,26,PIT,D,7,0,1,1,-3,6,-0.1,0,0,0,0,1,0,0,14,0,110,15:44,12,3,0,0,,2017
853,Austin Watson\watsoau01,25,NSH,LW,77,5,12,17,14,99,1.4,5,0,0,0,11,0,1,90,5.6,957,12:26,66,143,17,25,40.5,2017
854,Jordan Weal\wealjo01,24,PHI,C,23,8,4,12,5,10,1.9,7,1,0,1,4,0,0,49,16.3,329,14:19,8,7,14,14,50,2017
855,Shea Weber\webersh01,31,MTL,D,78,17,25,42,20,38,10.1,5,12,0,4,13,10,2,183,9.3,1955,01:04,157,140,0,0,,2017
856,Yannick Weber\weberya01,28,NSH,D,73,1,7,8,1,25,1.7,1,0,0,1,7,0,0,72,1.4,870,11:55,53,72,0,0,,2017
857,MacKenzie Weegar\weegama01,23,FLA,D,3,0,0,0,0,4,0.1,0,0,0,0,0,0,0,3,0,52,17:27,1,4,0,0,,2017
858,Dale Weise\weiseda01,28,PHI,RW,64,8,7,15,1,39,1.3,7,1,0,2,6,1,0,94,8.5,824,12:53,24,135,3,0,100,2017
859,Alexander Wennberg\wennbal01,22,CBJ,C,80,13,46,59,9,21,5.9,11,2,0,5,25,21,0,109,11.9,1470,18:23,56,58,609,676,47.4,2017
860,Zach Werenski\werenza01,19,CBJ,D,78,11,36,47,17,14,9.1,7,4,0,1,19,17,0,188,5.9,1631,20:55,90,41,0,0,,2017
861,Blake Wheeler\wheelbl01,30,WPG,RW,82,26,48,74,6,47,8.2,19,5,2,4,31,16,1,259,10,1652,20:09,51,100,43,51,45.7,2017
862,Colin White\whiteco02,20,OTT,C,2,0,0,0,0,0,0,0,0,0,0,0,0,0,1,0,27,13:43,1,0,7,14,33.3,2017
863,Ryan White\whitery01,28,TOT,C,65,9,7,16,-16,84,0.9,9,0,0,1,7,0,0,60,15,693,10:39,33,187,39,52,42.9,2017
863,Ryan White\whitery01,28,ARI,C,46,7,6,13,-8,70,1.1,7,0,0,1,6,0,0,43,16.3,504,10:57,26,138,35,46,43.2,2017
863,Ryan White\whitery01,28,MIN,C,19,2,1,3,-8,14,-0.2,2,0,0,0,1,0,0,17,11.8,189,09:57,7,49,4,6,40,2017
864,Chris Wideman\widemch01,27,OTT,D,76,5,12,17,7,46,4.2,4,1,0,1,8,4,0,123,4.1,1061,13:58,68,68,0,0,,2017
865,Dennis Wideman\widemde01,33,CGY,D,57,5,13,18,-6,32,3.2,3,2,0,1,10,3,0,87,5.7,1153,20:14,74,61,0,0,,2017
866,Patrick Wiercioch\wiercpa01,26,COL,D,57,4,8,12,-18,23,1.5,4,0,0,0,8,0,0,63,6.3,950,16:40,57,52,1,0,100,2017
867,Justin Williams\williju01,35,WSH,RW,80,24,24,48,14,50,6.2,19,5,0,4,19,5,0,167,14.4,1238,15:29,41,28,64,53,54.7,2017
868,Colin Wilson\wilsoco01,27,NSH,LW,70,12,23,35,7,18,3.8,6,6,0,0,22,1,0,113,10.6,1047,14:57,23,50,16,23,41,2017
869,Scott Wilson\wilsosc01,24,PIT,LW,78,8,18,26,0,32,2,8,0,0,1,18,0,0,127,6.3,854,10:57,31,167,3,0,100,2017
870,Tom Wilson\wilsoto01,22,WSH,RW,82,7,12,19,9,133,1.3,7,0,0,0,12,0,0,95,7.4,1060,12:56,44,239,3,7,30,2017
871,Tommy Wingels\wingeto01,28,TOT,C,73,7,5,12,-11,27,0.4,7,0,0,2,5,0,0,81,8.6,767,10:30,46,125,111,149,42.7,2017
871,Tommy Wingels\wingeto01,28,SJS,C,37,5,3,8,-2,15,0.8,5,0,0,2,3,0,0,42,11.9,372,10:03,22,61,59,88,40.1,2017
871,Tommy Wingels\wingeto01,28,OTT,C,36,2,2,4,-9,12,-0.4,2,0,0,0,2,0,0,39,5.1,395,10:58,24,64,52,61,46,2017
872,Daniel Winnik\winnida01,31,WSH,LW,72,12,13,25,15,49,3,10,0,2,3,13,0,0,82,14.6,930,12:55,34,25,9,12,42.9,2017
873,Luke Witkowski\witkolu01,26,TBL,D,34,0,4,4,-1,39,0.7,0,0,0,0,4,0,0,24,0,336,09:52,21,81,0,0,,2017
874,Miles Wood\woodmi01,21,NJD,LW,60,8,9,17,-21,86,0.9,6,2,0,0,7,2,0,105,7.6,771,12:51,26,68,1,1,50,2017
875,Tyler Wotherspoon\wothety01,23,CGY,D,4,0,0,0,-2,0,-0.1,0,0,0,0,0,0,0,4,0,44,10:54,2,3,0,0,,2017
876,Nail Yakupov\yakupna01,23,STL,RW,40,3,6,9,-3,14,0.5,3,0,0,0,6,0,0,35,8.6,426,10:39,8,32,0,0,,2017
877,Keith Yandle\yandlke01,30,FLA,D,82,5,36,41,-6,39,6.9,3,2,0,0,19,16,1,178,2.8,1807,22:02,76,28,0,0,,2017
878,Pavel Zacha\zachapa01,19,NJD,C,70,8,16,24,-17,19,1.5,3,5,0,2,8,8,0,83,9.6,1002,14:18,24,54,183,271,40.3,2017
879,Nikita Zadorov\zadorni01,21,COL,D,56,0,10,10,-20,73,0.8,0,0,0,0,8,2,0,61,0,1066,19:02,69,153,0,0,,2017
880,Nikita Zaitsev\zaitsni01,25,TOR,D,82,4,32,36,-22,38,3.6,3,1,0,0,20,11,1,106,3.8,1806,22:01,136,176,0,0,,2017
881,Travis Zajac\zajactr01,31,NJD,C,80,14,31,45,-8,33,4.2,7,6,1,1,24,6,1,126,11.1,1578,19:44,26,81,880,733,54.6,2017
882,Michael Zalewski\zalewmi01,24,VAN,LW,1,0,0,0,-1,0,-0.1,0,0,0,0,0,0,0,0,,8,08:03,1,0,0,0,,2017
883,Henrik Zetterberg\zettehe01,36,DET,LW,82,17,51,68,15,22,7.6,15,2,0,0,40,11,0,195,8.7,1617,19:43,30,58,705,657,51.8,2017
884,Mika Zibanejad\zibanmi01,23,NYR,C,56,14,23,37,9,16,4.2,10,4,0,2,16,7,0,119,11.8,956,17:04,27,23,494,456,52,2017
885,Harry Zolnierczyk\zolniha01,29,NSH,LW,24,2,2,4,-2,10,0.2,2,0,0,0,2,0,0,19,10.5,213,08:52,11,25,8,11,42.1,2017
886,Mats Zuccarello\zuccama01,29,NYR,RW,80,15,44,59,15,26,6,10,5,0,3,35,9,0,189,7.9,1506,18:50,52,85,6,7,46.2,2017
887,Jason Zucker\zuckeja01,25,MIN,LW,79,22,25,47,34,30,6.7,21,1,0,3,25,0,0,172,12.8,1208,15:17,42,73,1,4,20,2017
888,Valentin Zykov\zykovva01,21,CAR,LW,2,1,0,1,1,0,0.2,1,0,0,0,0,0,0,3,33.3,13,06:15,0,0,0,0,,2017
1,Justin Abdelkader\abdelju01,30,DET,LW,75,13,22,35,-11,78,2.5,9,4,0,0,17,5,0,110,11.8,1241,16:33,40,174,47,50,48.5,2018
2,Pontus Aberg\abergpo01,24,TOT,LW,53,4,12,16,9,10,1.3,4,0,0,3,11,1,0,70,5.7,645,12:10,8,24,4,8,33.3,2018
2,Pontus Aberg\abergpo01,24,NSH,LW,37,2,6,8,8,8,0.6,2,0,0,2,6,0,0,39,5.1,411,11:06,7,16,4,6,40,2018
2,Pontus Aberg\abergpo01,24,EDM,LW,16,2,6,8,1,2,0.7,2,0,0,1,5,1,0,31,6.5,234,14:38,1,8,0,2,0,2018
3,Noel Acciari\acciano01,26,BOS,C,60,10,1,11,-6,9,0.6,9,0,1,0,1,0,0,66,15.2,775,12:55,41,152,42,51,45.2,2018
4,Kenny Agostino\agostke01,25,BOS,LW,5,0,1,1,-1,4,0,0,0,0,0,0,1,0,11,0,60,12:03,1,4,0,1,0,2018
5,Sebastian Aho\ahose01,20,CAR,RW,78,29,36,65,4,24,7.6,21,8,0,4,28,8,0,200,14.5,1398,17:55,17,65,78,94,45.3,2018
6,Sebastian Aho\ahose02,21,NYI,D,22,1,3,4,-5,6,0.3,0,1,0,0,3,0,0,24,4.2,357,16:15,13,10,0,1,0,2018
7,Mark Alt\altma01,26,TOT,D,15,0,0,0,-1,2,0.1,0,0,0,0,0,0,0,11,0,187,12:27,18,17,0,0,,2018
7,Mark Alt\altma01,26,PHI,D,8,0,0,0,0,2,0.1,0,0,0,0,0,0,0,5,0,107,13:26,7,11,0,0,,2018
7,Mark Alt\altma01,26,COL,D,7,0,0,0,-1,0,0,0,0,0,0,0,0,0,6,0,79,11:20,11,6,0,0,,2018
8,Karl Alzner\alzneka01,29,MTL,D,82,1,11,12,-7,40,2.6,1,0,0,0,10,0,1,84,1.2,1647,20:05,144,141,0,0,,2018
9,Michael Amadio\amadimi01,21,LAK,C,37,4,4,8,-2,8,0.6,3,1,0,0,2,2,0,28,14.3,345,09:19,9,18,74,96,43.5,2018
10,Josh Anderson\anderjo05,23,CBJ,RW,63,19,11,30,-1,42,3.1,18,1,0,5,8,3,0,188,10.1,1136,18:02,24,109,26,36,41.9,2018
11,Lias Andersson\anderli01,19,NYR,C,7,1,1,2,1,0,0.2,1,0,0,0,1,0,0,5,20,84,11:57,3,9,19,28,40.4,2018
12,Rasmus Andersson\anderra01,21,CGY,D,10,0,0,0,-1,4,0.1,0,0,0,0,0,0,0,8,0,154,15:26,10,2,0,0,,2018
13,Andy Andreoff\andrean01,26,LAK,LW,45,3,6,9,-6,50,0.3,3,0,0,2,6,0,0,47,6.4,423,09:23,11,77,24,29,45.3,2018
14,Sven Andrighetto\andrisv01,24,COL,RW,50,8,14,22,-15,10,1.4,5,3,0,2,8,6,0,111,7.2,724,14:29,18,38,7,15,31.8,2018
15,Artem Anisimov\anisiar01,29,CHI,C,72,20,11,31,-17,22,2.6,8,11,1,6,10,1,0,130,15.4,1209,16:47,40,15,416,494,45.7,2018
16,Victor Antipin\antipvi01,25,BUF,D,47,0,10,10,-9,18,1.4,0,0,0,0,9,1,0,40,0,718,15:17,41,14,0,0,,2018
17,Darren Archibald\archida02,27,VAN,RW,27,4,5,9,-1,14,0.7,3,0,1,0,5,0,0,28,14.3,401,14:52,14,80,0,1,0,2018
18,Josh Archibald\archijo01,25,TOT,RW,42,5,6,11,-2,25,0.8,5,0,0,0,6,0,0,42,11.9,502,11:57,16,86,25,40,38.5,2018
18,Josh Archibald\archijo01,25,ARI,RW,39,5,6,11,-2,25,0.9,5,0,0,0,6,0,0,39,12.8,471,12:04,13,77,25,40,38.5,2018
18,Josh Archibald\archijo01,25,PIT,RW,3,0,0,0,0,0,-0.1,0,0,0,0,0,0,0,3,0,31,10:22,3,9,0,0,,2018
19,Joel Armia\armiajo01,24,WPG,RW,79,12,17,29,3,22,2.5,11,0,1,2,12,4,1,128,9.4,996,12:36,39,86,7,8,46.7,2018
20,Viktor Arvidsson\arvidvi01,24,NSH,LW,78,29,32,61,20,36,7.6,23,3,3,6,27,5,0,247,11.7,1384,17:45,52,30,11,22,33.3,2018
21,Zach Aston-Reese\astonza01,23,PIT,C,16,4,2,6,2,2,0.8,4,0,0,1,2,0,0,20,20,182,11:23,6,55,1,5,16.7,2018
22,Andreas Athanasiou\athanan01,23,DET,C,71,16,17,33,-15,16,2.7,15,1,0,2,15,2,0,170,9.4,1087,15:19,28,24,106,149,41.6,2018
23,Cam Atkinson\atkinca01,28,CBJ,RW,65,24,22,46,19,14,5.9,20,3,1,5,15,7,0,231,10.4,1229,18:54,29,32,21,44,32.3,2018
24,Justin Auger\augerju01,23,LAK,RW,2,0,0,0,-1,0,-0.1,0,0,0,0,0,0,0,1,0,16,08:00,2,2,0,0,,2018
25,Yohann Auvitu\auvityo01,28,EDM,D,33,3,6,9,4,8,1.9,3,0,0,0,6,0,0,69,4.3,447,13:33,26,18,0,0,,2018
26,David Backes\backeda01,33,BOS,C,57,14,19,33,2,53,3.4,12,2,0,1,14,4,1,160,8.8,878,15:24,25,137,125,117,51.7,2018
27,Mikael Backlund\backlmi01,28,CGY,C,82,14,31,45,-21,78,2.8,10,3,1,2,21,8,2,214,6.5,1560,19:01,40,54,705,705,50,2018
28,Nicklas Backstrom\backsni02,30,WSH,C,81,21,50,71,5,46,6.9,14,7,0,4,31,19,0,165,12.7,1593,19:40,51,37,702,669,51.2,2018
29,Sven Baertschi\baertsv01,25,VAN,LW,53,14,15,29,3,20,3.3,7,7,0,2,13,2,0,82,17.1,827,15:36,29,19,1,6,14.3,2018
30,Josh Bailey\bailejo01,28,NYI,C,76,18,53,71,-20,17,5.7,13,5,0,3,27,26,0,151,11.9,1359,17:53,33,12,11,39,22,2018
31,Justin Bailey\baileju01,22,BUF,RW,12,3,1,4,-2,2,0.5,3,0,0,0,1,0,0,19,15.8,135,11:17,9,19,0,2,0,2018
32,Chase Balisy\balisch01,25,FLA,C,8,0,0,0,-2,0,-0.2,0,0,0,0,0,0,0,6,0,79,09:49,2,4,11,19,36.7,2018
33,Nicholas Baptiste\baptini01,22,BUF,RW,33,4,2,6,-4,14,0.4,4,0,0,1,1,1,0,45,8.9,329,09:58,3,16,2,7,22.2,2018
34,Ivan Barbashev\barbaiv01,22,STL,C,53,7,6,13,-1,4,1,7,0,0,1,6,0,0,45,15.6,646,12:12,25,70,61,98,38.4,2018
35,Mark Barberio\barbema01,27,COL,D,46,3,10,13,6,31,2.8,2,0,1,1,8,1,1,52,5.8,795,17:17,62,26,0,0,,2018
36,Aleksander Barkov\barkoal01,22,FLA,C,79,27,51,78,9,14,8,17,5,5,3,39,12,0,256,10.5,1744,22:04,67,30,908,789,53.5,2018
37,Tyson Barrie\barrity01,26,COL,D,68,14,43,57,-15,22,7.5,7,7,0,3,20,23,0,178,7.9,1543,22:42,79,40,0,0,,2018
38,Matt Bartkowski\bartkma01,29,CGY,D,18,0,3,3,-3,4,0.4,0,0,0,0,3,0,0,21,0,240,13:21,13,31,0,0,,2018
39,Mathew Barzal\barzama01,20,NYI,C,82,22,63,85,1,30,8.2,17,5,0,4,41,22,0,170,12.9,1457,17:46,31,21,355,479,42.6,2018
40,Jay Beagle\beaglja01,32,WSH,RW,79,7,15,22,3,16,1.4,6,0,1,2,15,0,0,65,10.8,983,12:27,44,69,584,414,58.5,2018
41,Ethan Bear\bearet01,20,EDM,D,18,1,3,4,-11,10,-0.1,0,1,0,0,2,1,0,20,5,335,18:38,28,14,0,0,,2018
42,Francois Beauchemin\beaucfr01,37,ANA,D,67,3,14,17,12,26,4,3,0,0,0,11,2,1,93,3.2,1160,17:19,121,102,0,0,,2018
43,Nathan Beaulieu\beaulna01,25,BUF,D,59,1,8,9,-19,36,0.9,1,0,0,0,7,1,0,67,1.5,941,15:57,65,45,0,0,,2018
44,Anthony Beauvillier\beauvan01,20,NYI,LW,71,21,15,36,2,16,3.9,18,3,0,2,10,5,0,132,15.9,1031,14:32,29,80,72,94,43.4,2018
45,Matt Beleskey\belesma01,29,TOT,LW,15,0,0,0,-9,21,-0.6,0,0,0,0,0,0,0,17,0,165,10:58,5,34,2,7,22.2,2018
45,Matt Beleskey\belesma01,29,BOS,LW,14,0,0,0,-8,17,-0.6,0,0,0,0,0,0,0,17,0,152,10:51,4,27,2,5,28.6,2018
45,Matt Beleskey\belesma01,29,NYR,LW,1,0,0,0,-1,4,-0.1,0,0,0,0,0,0,0,0,,13,12:37,1,7,0,2,0,2018
46,Pierre-Edouard Bellemare\bellepi01,32,VEG,LW,72,6,10,16,5,14,0.9,6,0,0,1,10,0,0,92,6.5,888,12:20,63,41,355,339,51.2,2018
47,Louis Belpedio\belpelo01,21,MIN,D,1,0,2,2,1,0,0.3,0,0,0,0,2,0,0,0,,16,15:47,1,1,0,0,,2018
48,Jamie Benn\bennja01,28,DAL,LW,82,36,43,79,20,54,10.3,26,9,1,7,29,13,1,241,14.9,1625,19:49,62,140,381,345,52.5,2018
49,Jordie Benn\bennjo01,30,MTL,D,77,4,11,15,-2,34,3.4,4,0,0,0,11,0,0,106,3.8,1461,18:58,153,90,0,0,,2018
50,Beau Bennett\bennebe01,26,STL,RW,6,0,0,0,-2,0,-0.2,0,0,0,0,0,0,0,6,0,65,10:48,1,9,1,2,33.3,2018
51,Sam Bennett\bennesa01,21,CGY,C,82,11,15,26,-18,59,1.3,10,1,0,1,13,2,0,157,7,1181,14:24,34,140,119,100,54.3,2018
52,Matt Benning\bennima01,23,EDM,D,73,6,15,21,5,49,4.1,6,0,0,2,12,2,1,111,5.4,1262,17:17,82,149,0,0,,2018
53,Patrice Bergeron\bergepa01,32,BOS,C,64,30,33,63,21,26,8.3,18,10,2,6,21,11,1,224,13.4,1244,19:26,42,48,784,584,57.3,2018
54,Patrik Berglund\berglpa01,29,STL,C,57,17,9,26,-5,30,2.8,13,3,1,4,6,3,0,112,15.2,921,16:09,36,111,173,141,55.1,2018
55,Steve Bernier\bernist01,32,NYI,RW,4,0,0,0,-2,0,-0.2,0,0,0,0,0,0,0,4,0,40,10:03,1,11,2,2,50,2018
56,Christoph Bertschy\bertsch02,23,MIN,C,1,0,0,0,1,4,0,0,0,0,0,0,0,0,0,,5,05:23,0,0,0,0,,2018
57,Tyler Bertuzzi\bertuty01,22,DET,LW,48,7,17,24,-7,39,1.8,6,1,0,1,16,1,0,83,8.4,691,14:24,38,53,1,7,12.5,2018
58,Alex Biega\biegaal01,29,VAN,D,44,1,8,9,3,32,2,1,0,0,1,7,0,1,79,1.3,661,15:01,53,126,0,0,,2018
59,Kevin Bieksa\biekske01,36,ANA,D,59,0,8,8,-13,83,0.7,0,0,0,0,6,2,0,66,0,1063,18:01,81,116,0,0,,2018
60,Chris Bigras\bigrach01,22,COL,D,15,0,1,1,-2,2,0.1,0,0,0,0,1,0,0,8,0,208,13:52,15,12,0,0,,2018
61,Anthony Bitetto\bitetan01,27,NSH,D,32,1,2,3,-1,27,0.6,1,0,0,1,2,0,0,25,4,430,13:26,31,40,0,0,,2018
62,Anders Bjork\bjorkan01,21,BOS,LW,30,4,8,12,2,6,1.1,2,2,0,0,7,1,0,30,13.3,370,12:21,11,19,1,1,50,2018
63,Oliver Bjorkstrand\bjorkol01,22,CBJ,RW,82,11,29,40,4,9,3.4,8,3,0,2,23,6,0,163,6.7,1172,14:18,43,64,1,7,12.5,2018
64,Nick Bjugstad\bjugsni01,25,FLA,C,82,19,30,49,5,41,5,18,1,0,1,24,6,0,230,8.3,1240,15:07,19,95,152,146,51,2018
65,Sammy Blais\blaissa01,21,STL,LW,11,1,2,3,1,6,0.3,0,1,0,0,2,0,0,9,11.1,119,10:46,2,15,0,0,,2018
66,Joseph Blandisi\blandjo01,23,ANA,C,3,0,0,0,2,2,0,0,0,0,0,0,0,0,4,0,35,11:41,2,2,0,0,,2018
67,Anton Blidh\blidhan01,22,BOS,LW,1,0,0,0,0,0,0,0,0,0,0,0,0,0,0,,10,10:23,0,3,0,0,,2018
68,Mike Blunden\blundmi01,31,OTT,RW,1,0,0,0,0,0,0,0,0,0,0,0,0,0,1,0,7,06:31,0,6,0,0,,2018
69,Mikkel Boedker\boedkmi01,28,SJS,RW,74,15,22,37,0,12,3.7,11,4,0,4,18,4,0,119,12.6,988,13:21,24,41,5,14,26.3,2018
70,Brock Boeser\boesebr01,20,VAN,RW,62,29,26,55,-5,16,6.8,19,10,0,4,13,13,0,179,16.2,1085,17:30,24,29,10,29,25.6,2018
71,Zach Bogosian\bogosza01,27,BUF,D,18,0,1,1,-9,20,-0.1,0,0,0,0,1,0,0,29,0,345,19:09,23,22,0,0,,2018
72,Jared Boll\bollja01,31,ANA,RW,10,1,0,1,0,16,0.1,1,0,0,0,0,0,0,4,25,44,04:26,0,9,0,0,,2018
73,Nick Bonino\boninni01,29,NSH,C,71,12,13,25,4,20,2,12,0,0,0,13,0,0,83,14.5,1110,15:38,72,18,527,443,54.3,2018
74,David Booth\boothda01,33,DET,LW,28,4,1,5,-5,10,0.4,4,0,0,0,0,1,0,33,12.1,195,06:58,7,23,4,6,40,2018
75,Andreas Borgman\borgman01,22,TOR,D,48,3,8,11,4,28,2.2,3,0,0,0,8,0,0,46,6.5,657,13:41,36,121,0,0,,2018
76,Henrik Borgström\borgshe01,20,FLA,C,4,1,0,1,-1,0,0.1,1,0,0,0,0,0,0,6,16.7,51,12:40,1,1,15,22,40.5,2018
77,Mark Borowiecki\borowma01,28,OTT,D,52,3,8,11,-6,64,1.7,3,0,0,0,8,0,0,66,4.5,761,14:39,81,226,0,1,0,2018
78,Robert Bortuzzo\borturo01,28,STL,D,72,4,9,13,11,41,3.7,4,0,0,1,9,0,0,76,5.3,1066,14:48,108,121,0,0,,2018
79,Reid Boucher\bouchre01,24,VAN,C,20,3,2,5,-12,0,0,2,1,0,1,1,1,0,37,8.1,228,11:23,3,13,1,2,33.3,2018
80,Lance Bouma\boumala01,27,CHI,C,53,3,6,9,1,36,0.3,3,0,0,1,5,1,0,56,5.4,564,10:39,27,132,14,19,42.4,2018
81,Michael Bournival\bournmi01,25,TBL,LW,5,0,0,0,0,0,-0.1,0,0,0,0,0,0,0,5,0,47,09:21,5,8,0,0,,2018
82,Gabriel Bourque\bourqga01,27,COL,LW,58,5,6,11,-6,12,0.4,5,0,0,1,6,0,0,44,11.4,632,10:54,59,123,7,16,30.4,2018
83,Jay Bouwmeester\bouwmja01,34,STL,D,35,2,5,7,5,16,2.1,2,0,0,0,5,0,0,45,4.4,705,20:08,58,29,0,0,,2018
84,Madison Bowey\boweyma01,22,WSH,D,51,0,12,12,-3,24,1.5,0,0,0,0,12,0,0,47,0,699,13:43,42,48,0,0,,2018
85,Johnny Boychuk\boychjo01,34,NYI,D,58,6,12,18,-8,30,2.3,4,2,0,3,12,0,0,141,4.3,1171,20:12,112,114,0,0,,2018
86,Travis Boyd\boydtr01,24,WSH,C,8,0,1,1,2,2,0.1,0,0,0,0,1,0,0,2,0,71,08:50,1,2,18,18,50,2018
87,Brian Boyle\boylebr01,33,NJD,C,69,13,10,23,-9,45,2,8,5,0,2,8,2,0,120,10.8,917,13:17,26,126,420,412,50.5,2018
88,Tyler Bozak\bozakty01,31,TOR,C,81,11,32,43,6,28,3.6,8,3,0,2,22,10,0,154,7.1,1267,15:39,28,43,627,542,53.6,2018
89,Derick Brassard\brassde01,30,TOT,C,72,21,25,46,0,34,4.7,16,5,0,3,24,1,0,197,10.7,1277,17:44,25,96,516,534,49.1,2018
89,Derick Brassard\brassde01,30,OTT,C,58,18,20,38,-1,30,3.9,14,4,0,2,19,1,0,164,11,1064,18:21,22,78,433,440,49.6,2018
89,Derick Brassard\brassde01,30,PIT,C,14,3,5,8,1,4,0.8,2,1,0,1,5,0,0,33,9.1,213,15:12,3,18,83,94,46.9,2018
90,Jesper Bratt\brattje01,19,NJD,W,74,13,22,35,-16,18,2.6,8,4,1,2,13,8,1,100,13,1129,15:15,22,44,7,4,63.6,2018
91,Justin Braun\braunju01,30,SJS,D,81,5,28,33,7,28,6.4,5,0,0,0,28,0,0,115,4.3,1728,21:20,152,143,0,0,,2018
92,Connor Brickley\brickco01,25,FLA,C,44,4,8,12,-6,19,0.5,4,0,0,2,8,0,0,62,6.5,523,11:53,28,82,3,13,18.8,2018
93,Daniel Brickley\brickda01,22,LAK,D,1,0,1,1,1,0,0.2,0,0,0,0,1,0,0,0,,11,10:48,1,1,0,0,,2018
94,Alex Broadhurst\broadal01,24,CBJ,C,2,0,0,0,0,2,0,0,0,0,0,0,0,0,1,0,20,10:03,0,0,0,0,,2018
95,T.J. Brodie\broditj01,27,CGY,D,73,4,28,32,-16,18,4.6,3,1,0,0,18,10,0,118,3.4,1729,23:41,99,24,0,0,,2018
96,Jonas Brodin\brodijo01,24,MIN,D,73,6,15,21,23,30,5.8,6,0,0,1,12,3,0,77,7.8,1577,21:36,139,34,0,0,,2018
97,Kyle Brodziak\brodzky01,33,STL,C,81,10,23,33,13,33,3.2,9,0,1,2,21,0,2,113,8.8,1090,13:28,55,83,504,463,52.1,2018
98,Jonny Brodzinski\brodzjo01,24,LAK,C,35,4,2,6,4,6,0.7,4,0,0,1,2,0,0,53,7.5,333,09:30,9,35,4,6,40,2018
99,Troy Brouwer\brouwtr01,32,CGY,RW,76,6,16,22,-7,53,1,6,0,0,0,10,5,1,79,7.6,1059,13:56,42,125,101,116,46.5,2018
100,Connor Brown\brownco02,24,TOR,RW,82,14,14,28,0,18,2.1,12,1,1,2,13,1,0,119,11.8,1231,15:01,28,23,59,93,38.8,2018
101,Dustin Brown\browndu01,33,LAK,RW,81,28,33,61,31,58,7.8,18,9,1,6,27,6,0,222,12.6,1607,19:50,33,189,17,29,37,2018
102,J.T. Brown\brownjt01,27,TOT,RW,47,2,5,7,-5,24,-0.1,2,0,0,1,5,0,0,40,5,426,09:04,23,71,51,66,43.6,2018
102,J.T. Brown\brownjt01,27,TBL,RW,24,1,3,4,-1,12,0,1,0,0,1,3,0,0,18,5.6,225,09:22,14,41,51,66,43.6,2018
102,J.T. Brown\brownjt01,27,ANA,RW,23,1,2,3,-4,12,-0.1,1,0,0,0,2,0,0,22,4.5,201,08:46,9,30,0,0,,2018
103,Logan Brown\brownlo01,19,OTT,C,4,0,1,1,0,0,0,0,0,0,0,1,0,0,4,0,33,08:08,1,1,4,8,33.3,2018
104,Pavel Buchnevich\buchnpa01,22,NYR,LW,74,14,29,43,-3,20,4,9,5,0,4,17,12,0,136,10.3,1111,15:01,35,51,12,34,26.1,2018
105,Andre Burakovsky\burakan01,22,WSH,LW,56,12,13,25,3,27,2.6,10,2,0,5,11,2,0,84,14.3,775,13:50,26,40,18,15,54.5,2018
106,Erik Burgdoerfer\burgder01,29,OTT,D,2,0,1,1,2,0,0.3,0,0,0,0,1,0,0,2,0,27,13:25,2,5,0,0,,2018
107,Alexander Burmistrov\burmial01,26,VAN,C,24,2,4,6,-5,12,0.2,1,1,0,0,3,1,0,18,11.1,287,11:59,4,20,87,94,48.1,2018
108,Brent Burns\burnsbr01,32,SJS,D,82,12,55,67,-16,46,9.1,7,5,0,2,32,22,1,332,3.6,2070,01:15,136,79,0,0,,2018
109,Alexandre Burrows\burroal01,36,OTT,LW,71,6,8,14,-8,59,0.4,4,2,0,2,7,1,0,90,6.7,830,11:41,32,65,8,22,26.7,2018
110,Will Butcher\butchwi01,23,NJD,D,81,5,39,44,1,8,6.6,2,3,0,1,19,20,0,88,5.7,1301,16:04,62,21,0,0,,2018
111,Chris Butler\butlech01,31,STL,D,6,0,0,0,1,2,0.2,0,0,0,0,0,0,0,2,0,80,13:18,3,3,0,0,,2018
112,Dustin Byfuglien\byfugdu01,32,WPG,D,69,8,37,45,15,112,7.7,4,4,0,1,18,18,1,193,4.1,1679,00:20,100,147,0,0,,2018
113,Paul Byron\byronpa01,28,MTL,C,82,20,15,35,-4,23,3.6,17,2,1,1,12,2,1,115,17.4,1322,16:08,55,137,40,68,37,2018
114,Drake Caggiula\caggidr01,23,EDM,LW,67,13,7,20,-13,37,1.3,9,3,1,1,7,0,0,104,12.5,908,13:33,33,147,11,42,20.8,2018
115,Ryan Callahan\callary01,32,TBL,RW,67,5,13,18,-4,29,0.4,3,1,1,0,11,1,1,104,4.8,893,13:19,40,138,27,39,40.9,2018
116,Matt Calvert\calvema01,28,CBJ,LW,69,9,15,24,-10,33,1.5,6,1,2,0,15,0,0,108,8.3,923,13:23,35,61,15,29,34.1,2018
117,Mike Cammalleri\cammami01,35,TOT,C,66,7,22,29,-3,18,2,4,3,0,0,21,1,0,128,5.5,909,13:46,32,43,77,67,53.5,2018
117,Mike Cammalleri\cammami01,35,EDM,C,51,4,18,22,-4,14,1.3,3,1,0,0,17,1,0,104,3.8,719,14:06,27,33,62,51,54.9,2018
117,Mike Cammalleri\cammami01,35,LAK,C,15,3,4,7,1,4,0.8,1,2,0,0,4,0,0,24,12.5,190,12:38,5,10,15,16,48.4,2018
118,Kyle Capobianco\capobky01,20,ARI,D,1,0,0,0,-1,0,-0.1,0,0,0,0,0,0,0,0,,14,13:33,1,3,0,0,,2018
119,Paul Carey\careypa01,29,NYR,C,60,7,7,14,-13,20,0.7,5,1,1,1,7,0,0,51,13.7,616,10:16,22,67,19,22,46.3,2018
120,Brandon Carlo\carlobr01,21,BOS,D,76,0,6,6,10,45,2.7,0,0,0,0,5,0,1,76,0,1462,19:14,84,89,1,0,100,2018
121,John Carlson\carlsjo01,28,WSH,D,82,15,53,68,0,32,9.8,11,4,0,4,25,28,0,237,6.3,2032,00:47,146,47,0,1,0,2018
122,Gabriel Carlsson\carlsga01,21,CBJ,D,14,0,2,2,0,4,0.3,0,0,0,0,2,0,0,18,0,159,11:20,10,10,0,0,,2018
123,Ryan Carpenter\carpery01,27,TOT,C,52,9,6,15,1,11,1.4,8,0,1,2,6,0,0,85,10.6,655,12:36,17,76,200,198,50.3,2018
123,Ryan Carpenter\carpery01,27,VEG,C,36,9,5,14,0,9,1.6,8,0,1,2,5,0,0,65,13.8,473,13:08,12,52,118,119,49.8,2018
123,Ryan Carpenter\carpery01,27,SJS,C,16,0,1,1,1,2,-0.1,0,0,0,0,1,0,0,20,0,182,11:24,5,24,82,79,50.9,2018
124,Daniel Carr\carrda01,26,MTL,LW,38,6,10,16,2,8,1.7,4,2,0,0,9,1,0,52,11.5,461,12:08,16,30,3,14,17.6,2018
125,Connor Carrick\carrico01,23,TOR,D,47,4,8,12,5,27,2.5,3,1,0,3,7,1,0,55,7.3,711,15:08,53,42,0,0,,2018
126,Trevor Carrick\carritr01,23,CAR,D,1,0,0,0,0,2,0,0,0,0,0,0,0,0,1,0,8,07:32,0,0,0,0,,2018
127,William Carrier\carriwi01,23,VEG,LW,37,1,2,3,-3,19,-0.3,1,0,0,0,2,0,0,52,1.9,327,08:50,10,113,0,0,,2018
128,Jeff Carter\carteje01,33,LAK,C,27,13,9,22,4,2,3,6,6,1,2,6,3,0,85,15.3,482,17:51,11,27,222,176,55.8,2018
129,Daniel Catenacci\catenda01,24,NYR,C,1,0,0,0,-1,0,-0.1,0,0,0,0,0,0,0,1,0,11,11:03,1,1,0,0,,2018
130,Colby Cave\caveco01,23,BOS,C,3,0,0,0,0,2,-0.1,0,0,0,0,0,0,0,2,0,34,11:27,2,3,10,14,41.7,2018
131,Cody Ceci\cecico01,24,OTT,D,82,5,14,19,-27,12,2.2,5,0,0,1,9,5,0,143,3.5,1914,23:20,171,163,0,0,,2018
132,Peter Cehlarik\cehlape01,22,BOS,LW,6,1,1,2,2,2,0.2,1,0,0,0,1,0,0,3,33.3,84,13:56,3,3,2,2,50,2018
133,Thomas Chabot\chaboth01,21,OTT,D,63,9,16,25,-12,14,3.6,9,0,0,0,8,8,0,94,9.6,1103,17:31,64,44,0,0,,2018
134,Michael Chaput\chapumi01,25,VAN,C,9,0,0,0,-4,5,-0.3,0,0,0,0,0,0,0,2,0,88,09:47,2,16,43,31,58.1,2018
135,Zdeno Chara\charazd01,40,BOS,D,73,7,17,24,22,60,6.3,7,0,0,3,16,0,1,144,4.9,1672,22:54,118,141,0,0,,2018
136,Ben Chiarot\chiarbe01,26,WPG,D,57,2,12,14,15,32,3.4,2,0,0,0,12,0,0,57,3.5,871,15:17,75,105,0,0,,2018
137,Alex Chiasson\chiasal01,27,WSH,RW,61,9,9,18,1,26,1.6,7,1,1,2,7,0,2,59,15.3,718,11:46,29,57,11,30,26.8,2018
138,Jason Chimera\chimeja01,38,TOT,LW,74,3,10,13,-12,37,-0.3,3,0,0,0,10,0,0,79,3.8,762,10:18,17,132,11,17,39.3,2018
138,Jason Chimera\chimeja01,38,NYI,LW,58,2,9,11,-11,35,-0.3,2,0,0,0,9,0,0,70,2.9,651,11:13,14,107,9,16,36,2018
138,Jason Chimera\chimeja01,38,ANA,LW,16,1,1,2,-1,2,0.1,1,0,0,0,1,0,0,9,11.1,112,06:59,3,25,2,1,66.7,2018
139,Filip Chlapik\chlapfi01,20,OTT,C,20,1,3,4,-5,4,0,1,0,0,0,2,1,0,21,4.8,201,10:04,14,19,50,60,45.5,2018
140,Taylor Chorney\chornta01,30,TOT,D,25,1,3,4,10,8,1.5,1,0,0,0,2,0,1,14,7.1,328,13:08,31,21,0,0,,2018
140,Taylor Chorney\chornta01,30,WSH,D,24,1,3,4,8,8,1.3,1,0,0,0,2,0,1,14,7.1,312,12:59,31,18,0,0,,2018
140,Taylor Chorney\chornta01,30,CBJ,D,1,0,0,0,2,0,0.2,0,0,0,0,0,0,0,0,,17,16:41,0,3,0,0,,2018
141,Jakob Chychrun\chychja01,19,ARI,D,50,4,10,14,2,16,3.3,2,2,0,1,8,2,0,102,3.9,1013,20:15,72,74,0,0,,2018
142,Filip Chytil\chytifi01,18,NYR,C,9,1,2,3,-5,4,0,1,0,0,0,2,0,0,21,4.8,122,13:37,1,3,28,48,36.8,2018
143,Anthony Cirelli\cirelan01,20,TBL,C,18,5,6,11,11,6,1.6,5,0,0,0,5,0,1,26,19.2,238,13:14,6,17,96,118,44.9,2018
144,Casey Cizikas\cizikca01,26,NYI,C,64,7,10,17,-12,23,0.4,6,0,1,0,10,0,0,74,9.5,846,13:13,53,128,473,418,53.1,2018
145,Fredrik Claesson\claesfr01,25,OTT,D,64,1,6,7,-7,35,1.2,1,0,0,0,6,0,0,60,1.7,982,15:21,84,158,0,0,,2018
146,Adam Clendening\clendad01,25,ARI,D,5,0,2,2,-1,2,0.2,0,0,0,0,2,0,0,4,0,80,15:56,6,2,0,0,,2018
147,Kyle Clifford\cliffky01,27,LAK,LW,50,6,4,10,-4,48,0.7,6,0,0,0,4,0,0,81,7.4,527,10:33,8,127,1,8,11.1,2018
148,Cal Clutterbuck\cluttca01,30,NYI,RW,76,8,10,18,-7,53,0.5,7,0,1,1,10,0,0,101,7.9,972,12:47,53,226,7,13,35,2018
149,Braydon Coburn\coburbr01,32,TBL,D,72,1,14,15,3,40,2,1,0,0,0,14,0,0,73,1.4,1154,16:01,75,77,0,0,,2018
150,Andrew Cogliano\coglian01,30,ANA,LW,80,12,23,35,18,41,3.5,9,0,3,1,22,0,1,175,6.9,1216,15:12,31,80,35,36,49.3,2018
151,Ian Cole\coleia01,28,TOT,D,67,5,15,20,14,76,4.6,5,0,0,0,14,1,0,84,6,1191,17:47,116,95,0,0,,2018
151,Ian Cole\coleia01,28,PIT,D,47,3,10,13,3,52,2.5,3,0,0,0,9,1,0,63,4.8,828,17:37,91,69,0,0,,2018
151,Ian Cole\coleia01,28,CBJ,D,20,2,5,7,11,24,2.1,2,0,0,0,5,0,0,21,9.5,363,18:08,25,26,0,0,,2018
152,Blake Coleman\colembl01,26,NJD,C,79,13,12,25,7,50,2.5,10,0,3,2,12,0,0,146,8.9,1137,14:24,57,216,252,285,46.9,2018
153,Blake Comeau\comeabl01,31,COL,RW,79,13,21,34,5,50,3.1,10,0,3,3,21,0,0,123,10.6,1254,15:52,38,145,104,167,38.4,2018
154,J.T. Compher\comphj.01,22,COL,LW,69,13,10,23,-29,20,0.9,7,4,2,3,7,3,0,131,9.9,1104,16:00,65,45,273,332,45.1,2018
155,Cory Conacher\conacco01,28,TBL,LW,36,8,4,12,0,24,1.3,7,1,0,2,4,0,0,45,17.8,360,10:00,14,32,4,12,25,2018
156,Kevin Connauton\connake01,27,ARI,D,73,11,10,21,3,20,5,11,0,0,3,10,0,0,102,10.8,1108,15:11,72,116,0,0,,2018
157,Brett Connolly\connobr01,25,WSH,RW,70,15,12,27,-6,30,2.6,11,4,0,2,11,1,0,67,22.4,840,12:00,24,72,14,17,45.2,2018
158,Kyle Connor\connoky01,21,WPG,LW,76,31,26,57,8,16,7,24,7,0,7,22,4,0,192,16.1,1285,16:54,26,18,2,5,28.6,2018
159,Andrew Copp\coppan01,23,WPG,C,82,9,19,28,17,14,2.4,7,0,2,0,18,0,1,96,9.4,1126,13:44,51,99,296,275,51.8,2018
160,Frank Corrado\corrafr01,24,PIT,D,5,0,0,0,-1,2,0,0,0,0,0,0,0,0,6,0,58,11:30,6,5,0,0,,2018
161,Nick Cousins\cousini01,24,ARI,C,71,12,7,19,-7,31,1.6,11,1,0,1,7,0,0,119,10.1,913,12:52,39,117,84,140,37.5,2018
162,Logan Couture\coutulo01,28,SJS,C,78,34,27,61,-2,18,7.3,22,10,2,4,15,11,1,204,16.7,1447,18:33,72,33,149,176,45.8,2018
163,Sean Couturier\coutuse01,25,PHI,C,82,31,45,76,34,31,9,24,7,0,6,38,7,0,227,13.7,1771,21:36,44,74,529,472,52.8,2018
164,Charlie Coyle\coylech01,25,MIN,C,66,11,26,37,8,18,3.3,10,0,1,1,23,3,0,117,9.4,1091,16:32,63,76,240,220,52.2,2018
165,Adam Cracknell\crackad01,32,TOT,RW,5,0,0,0,-1,0,-0.1,0,0,0,0,0,0,0,6,0,39,07:43,1,12,3,3,50,2018
165,Adam Cracknell\crackad01,32,NYR,RW,4,0,0,0,-1,0,-0.1,0,0,0,0,0,0,0,4,0,30,07:30,1,10,2,2,50,2018
165,Adam Cracknell\crackad01,32,DAL,RW,1,0,0,0,0,0,0,0,0,0,0,0,0,0,2,0,9,08:35,0,2,1,1,50,2018
166,Andrew Crescenzi\crescan01,25,LAK,C,2,0,0,0,0,2,0,0,0,0,0,0,0,0,0,,16,07:52,0,4,8,8,50,2018
167,Kyle Criscuolo\criscky01,25,BUF,C,9,0,0,0,-4,4,-0.3,0,0,0,0,0,0,0,5,0,72,08:01,3,13,19,22,46.3,2018
168,Sidney Crosby\crosbsi01,30,PIT,C,82,29,60,89,0,46,9.1,20,9,0,6,31,29,0,247,11.7,1697,20:41,36,75,1026,909,53,2018
169,Lawson Crouse\crousla01,20,ARI,LW,11,1,0,1,-6,7,-0.2,1,0,0,0,0,0,0,13,7.7,120,10:56,6,29,3,8,27.3,2018
170,Matt Cullen\cullema01,41,MIN,C,79,11,11,22,-1,20,1.7,11,0,0,1,10,1,0,104,10.6,939,11:54,42,14,355,350,50.4,2018
171,Austin Czarnik\czarnau01,25,BOS,C,10,0,4,4,-1,0,0.2,0,0,0,0,3,1,0,7,0,109,10:55,0,4,14,14,50,2018
172,Evgenii Dadonov\dadonev01,28,FLA,RW,74,28,37,65,10,8,7.5,22,6,0,6,30,7,0,188,14.9,1384,18:42,33,27,0,0,,2018
173,Klas Dahlbeck\dahlbkl01,26,CAR,D,33,1,4,5,-6,21,0.8,1,0,0,0,4,0,0,43,2.3,540,16:22,34,74,0,0,,2018
174,Carl Dahlstrom\dahlsca01,23,CHI,D,11,0,3,3,-2,0,0.4,0,0,0,0,3,0,0,12,0,193,17:31,9,6,1,0,100,2018
175,Michael Dal Colle\dalcomi01,21,NYI,LW,4,0,0,0,0,0,-0.1,0,0,0,0,0,0,0,1,0,53,13:21,1,1,0,0,,2018
176,Trevor Daley\daleytr01,34,DET,D,77,9,7,16,-5,36,4,8,0,1,4,5,0,2,103,8.7,1594,20:42,125,24,0,0,,2018
177,Zac Dalpe\dalpeza01,28,CBJ,RW,12,0,0,0,-3,13,-0.3,0,0,0,0,0,0,0,18,0,89,07:27,4,6,7,17,29.2,2018
178,Phillip Danault\danauph01,24,MTL,LW,52,8,17,25,0,34,2.2,7,0,1,2,15,2,0,94,8.5,863,16:35,38,59,380,340,52.8,2018
179,Marko Daňo\danoma01,23,WPG,C,23,2,1,3,-2,6,0.1,2,0,0,2,1,0,0,22,9.1,165,07:11,7,26,1,1,50,2018
180,Laurent Dauphin\dauphla01,22,ARI,C,2,0,0,0,-1,2,-0.1,0,0,0,0,0,0,0,1,0,14,07:14,2,1,5,4,55.6,2018
181,Brandon Davidson\davidbr01,26,TOT,D,51,4,3,7,-13,23,0.7,4,0,0,0,2,0,1,63,6.3,858,16:49,89,105,0,0,,2018
181,Brandon Davidson\davidbr01,26,EDM,D,23,3,1,4,-2,10,0.9,3,0,0,0,0,0,1,28,10.7,399,17:21,47,53,0,0,,2018
181,Brandon Davidson\davidbr01,26,NYI,D,15,1,1,2,-8,4,-0.2,1,0,0,0,1,0,0,22,4.5,265,17:38,25,24,0,0,,2018
181,Brandon Davidson\davidbr01,26,MTL,D,13,0,1,1,-3,9,0.1,0,0,0,0,1,0,0,13,0,194,14:56,17,28,0,0,,2018
182,Calvin de Haan\dehaaca01,26,NYI,D,33,1,11,12,11,8,2.4,1,0,0,0,11,0,0,44,2.3,619,18:45,65,45,0,0,,2018
183,Jacob de La Rose\delarja01,22,MTL,LW,55,4,8,12,-2,29,0.6,3,0,1,0,8,0,0,53,7.5,652,11:51,36,127,206,261,44.1,2018
184,Jean-Sebastien Dea\deaje01,23,PIT,C,5,1,0,1,1,2,0.2,1,0,0,1,0,0,0,1,100,27,05:29,1,9,10,11,47.6,2018
185,Anthony DeAngelo\deangan01,22,NYR,D,32,0,8,8,-18,11,0,0,0,0,0,2,6,0,68,0,530,16:34,42,31,1,0,100,2018
186,Alex DeBrincat\debrial01,20,CHI,RW,82,28,24,52,6,6,6.5,22,6,0,1,18,6,0,181,15.5,1214,14:48,25,40,25,34,42.4,2018
187,Jake Debrusk\debruja01,21,BOS,LW,70,16,27,43,13,19,4.9,14,2,0,5,20,7,0,143,11.2,1006,14:22,26,70,13,17,43.3,2018
188,Danny DeKeyser\dekeyda01,27,DET,D,65,6,6,12,2,28,3.5,6,0,0,0,6,0,0,65,9.2,1321,20:19,125,76,0,0,,2018
189,Michael Del Zotto\delzomi01,27,VAN,D,82,6,16,22,-8,48,4.1,6,0,0,0,11,5,0,128,4.7,1706,20:48,127,244,0,0,,2018
190,Dylan DeMelo\demeldy01,24,SJS,D,63,0,20,20,-1,34,3,0,0,0,0,17,3,0,67,0,895,14:12,70,75,0,0,,2018
191,Jason Demers\demerja01,29,ARI,D,69,6,14,20,-4,37,4.3,6,0,0,2,11,3,0,95,6.3,1458,21:08,79,66,0,0,,2018
192,Travis Dermott\dermotr01,21,TOR,D,37,1,12,13,16,8,3.1,1,0,0,0,12,0,0,54,1.9,592,16:00,36,48,0,0,,2018
193,David Desharnais\deshada01,31,NYR,C,71,6,22,28,-22,18,1.2,4,2,0,0,17,5,0,55,10.9,927,13:03,36,22,386,315,55.1,2018
194,Nicolas Deslauriers\deslani01,26,MTL,LW,58,10,4,14,7,55,1.8,10,0,0,1,3,0,1,77,13,673,11:36,30,238,4,2,66.7,2018
195,Phillip Di Giuseppe\digiuph01,24,CAR,LW,49,5,8,13,0,17,1.1,5,0,0,1,8,0,0,64,7.8,515,10:30,14,88,0,1,0,2018
196,Jason Dickinson\dickija01,22,DAL,C,27,0,2,2,-2,17,-0.2,0,0,0,0,2,0,0,16,0,230,08:32,5,45,69,73,48.6,2018
197,Christopher Didomenico\didomch01,28,OTT,C,24,6,4,10,-4,8,1,4,2,0,0,2,2,0,23,26.1,283,11:47,14,21,6,13,31.6,2018
198,Brenden Dillon\dillobr01,27,SJS,D,81,5,17,22,-7,60,3.8,5,0,0,0,17,0,0,88,5.7,1403,17:19,107,197,0,0,,2018
199,Christian Djoos\djoosch01,23,WSH,D,63,3,11,14,13,10,3.3,3,0,0,0,11,0,0,60,5,884,14:02,55,22,0,0,,2018
200,Max Domi\domima01,22,ARI,LW,82,9,36,45,-7,73,3.3,8,1,0,0,28,8,0,150,6,1370,16:42,28,49,185,227,44.9,2018
201,Ryan Donato\donatry01,21,BOS,C,12,5,4,9,2,2,1.2,3,2,0,0,2,2,0,24,20.8,176,14:42,2,6,12,4,75,2018
202,Joonas Donskoi\donskjo01,25,SJS,RW,66,14,18,32,10,26,3.5,13,1,0,2,14,4,0,129,10.9,988,14:58,28,28,5,7,41.7,2018
203,Derek Dorsett\dorsede01,31,VAN,RW,20,7,2,9,-1,74,1.1,5,0,2,1,2,0,0,26,26.9,306,15:17,14,39,0,3,0,2018
204,Jake Dotchin\dotchja01,23,TBL,D,48,3,8,11,17,38,2.9,3,0,0,0,7,0,1,48,6.3,791,16:29,61,95,0,0,,2018
205,Drew Doughty\doughdr01,28,LAK,D,82,10,50,60,23,54,11.7,6,3,1,4,33,17,0,205,4.9,2201,02:50,128,127,0,1,0,2018
206,Nic Dowd\dowdni01,27,TOT,C,56,3,1,4,-10,28,-0.6,2,1,0,1,1,0,0,51,5.9,590,10:32,30,81,202,194,51,2018
206,Nic Dowd\dowdni01,27,VAN,C,40,3,0,3,-7,16,-0.4,2,1,0,1,0,0,0,40,7.5,463,11:34,24,57,175,169,50.9,2018
206,Nic Dowd\dowdni01,27,LAK,C,16,0,1,1,-3,12,-0.2,0,0,0,0,1,0,0,11,0,127,07:57,6,24,27,25,51.9,2018
207,Leon Draisaitl\draisle01,22,EDM,C,78,25,45,70,-7,30,6.9,16,6,3,1,39,5,1,194,12.9,1507,19:19,24,40,672,526,56.1,2018
208,Jonathan Drouin\drouijo01,22,MTL,LW,77,13,33,46,-28,30,3.1,9,4,0,4,15,18,0,164,7.9,1355,17:36,27,55,447,604,42.5,2018
209,Brandon Dubinsky\dubinbr01,31,CBJ,C,62,6,10,16,-2,33,0.6,5,0,1,0,8,1,1,89,6.7,951,15:21,47,145,521,431,54.7,2018
210,Pierre-Luc Dubois\duboipi01,19,CBJ,LW,82,20,28,48,8,49,5,14,6,0,4,19,9,0,165,12.1,1364,16:38,46,127,461,591,43.8,2018
211,Matt Duchene\duchema01,27,TOT,C,82,27,32,59,-22,18,5.5,18,9,0,3,28,4,0,190,14.2,1503,18:20,49,60,717,637,53,2018
211,Matt Duchene\duchema01,27,OTT,C,68,23,26,49,-23,14,4.4,15,8,0,2,22,4,0,167,13.8,1283,18:52,46,54,604,550,52.3,2018
211,Matt Duchene\duchema01,27,COL,C,14,4,6,10,1,4,1.1,3,1,0,1,6,0,0,23,17.4,221,15:46,3,6,113,87,56.5,2018
212,Anthony Duclair\duclaan01,22,TOT,LW,56,11,12,23,-5,16,2.2,8,3,0,2,12,0,0,97,11.3,744,13:17,26,46,1,1,50,2018
212,Anthony Duclair\duclaan01,22,ARI,LW,33,9,6,15,-5,10,1.6,6,3,0,1,6,0,0,68,13.2,444,13:27,16,26,0,0,,2018
212,Anthony Duclair\duclaan01,22,CHI,LW,23,2,6,8,0,6,0.5,2,0,0,1,6,0,0,29,6.9,300,13:02,10,20,1,1,50,2018
213,Mathew Dumba\dumbama01,23,MIN,D,82,14,36,50,15,41,9.3,12,2,0,4,25,10,1,176,8,1953,23:49,112,136,2,0,100,2018
214,Gabriel Dumont\dumonga01,27,TOT,C,30,1,1,2,1,6,-0.1,1,0,0,0,1,0,0,38,2.6,271,09:03,16,62,41,62,39.8,2018
214,Gabriel Dumont\dumonga01,27,OTT,C,23,1,1,2,1,2,0,1,0,0,0,1,0,0,27,3.7,199,08:38,13,48,11,28,28.2,2018
214,Gabriel Dumont\dumonga01,27,TBL,C,7,0,0,0,0,4,-0.1,0,0,0,0,0,0,0,11,0,73,10:22,3,14,30,34,46.9,2018
215,Brian Dumoulin\dumoubr01,26,PIT,D,80,5,13,18,-5,30,3.3,5,0,0,1,13,0,0,102,4.9,1649,20:37,132,101,0,0,,2018
216,Vince Dunn\dunnvi02,21,STL,D,75,5,19,24,1,20,4.4,3,2,0,1,12,7,0,138,3.6,1292,17:14,59,29,1,0,100,2018
217,Christian Dvorak\dvorach01,21,ARI,C,78,15,22,37,-19,22,2.8,13,2,0,2,17,5,0,151,9.9,1282,16:26,48,92,585,554,51.4,2018
218,Ryan Dzingel\dzingry01,25,OTT,C,79,23,18,41,-17,35,3.7,19,4,0,2,14,4,0,136,16.9,1303,16:30,19,60,24,32,42.9,2018
219,Cody Eakin\eakinco01,26,VEG,C,80,11,16,27,-6,22,1.7,10,0,1,2,14,0,2,107,10.3,1163,14:32,45,63,479,440,52.1,2018
220,Patrick Eaves\eavespa01,33,ANA,RW,2,1,0,1,0,0,0.1,1,0,0,1,0,0,0,3,33.3,33,16:28,1,5,0,1,0,2018
221,Jordan Eberle\eberljo01,27,NYI,RW,81,25,34,59,5,21,6.3,22,3,0,7,27,7,0,183,13.7,1302,16:04,30,46,12,21,36.4,2018
222,Alexander Edler\edleral01,31,VAN,D,70,6,28,34,-18,68,4.6,5,1,0,2,14,14,0,172,3.5,1699,00:17,203,157,1,1,50,2018
223,Joel Edmundson\edmunjo01,24,STL,D,69,7,10,17,-1,57,3.9,7,0,0,0,10,0,0,124,5.6,1431,20:44,150,116,0,0,,2018
224,Nikolaj Ehlers\ehlerni01,21,WPG,LW,82,29,31,60,14,26,7.3,22,7,0,7,25,6,0,231,12.6,1319,16:05,27,39,5,4,55.6,2018
225,Jack Eichel\eicheja01,21,BUF,C,67,25,39,64,-25,32,6.5,22,3,0,4,20,17,2,246,10.2,1350,20:09,35,52,347,489,41.5,2018
226,Victor Ejdsell\ejdsevi01,22,CHI,C,6,0,1,1,-1,0,-0.1,0,0,0,0,1,0,0,7,0,80,13:19,6,6,20,40,33.3,2018
227,Aaron Ekblad\ekblaaa01,21,FLA,D,82,16,22,38,9,71,7.8,11,5,0,4,16,6,0,189,8.5,1918,23:23,121,69,0,0,,2018
228,Mattias Ekholm\ekholma01,27,NSH,D,81,10,24,34,25,46,7.8,4,5,1,1,16,8,0,135,7.4,1910,23:35,117,75,0,1,0,2018
229,Oliver Ekman-Larsson\ekmanol01,26,ARI,D,82,14,28,42,-28,44,6.1,8,6,0,3,19,9,0,202,6.9,1942,23:41,79,160,0,1,0,2018
230,Remi Elie\eliere01,22,DAL,LW,72,6,8,14,5,18,1.1,6,0,0,1,8,0,0,70,8.6,738,10:15,20,101,5,9,35.7,2018
231,Lars Eller\ellerla01,28,WSH,C,81,18,20,38,-6,38,3.4,15,3,0,2,17,3,0,161,11.2,1239,15:18,69,71,471,485,49.3,2018
232,Ryan Ellis\ellisry01,27,NSH,D,44,9,23,32,26,6,7,7,2,0,2,17,3,3,110,8.2,1028,23:21,84,27,0,0,,2018
233,Alexei Emelin\emelial01,31,NSH,D,76,1,8,9,9,40,2.6,1,0,0,0,8,0,0,59,1.7,1283,16:53,109,181,1,0,100,2018
234,Deryk Engelland\engelde01,35,VEG,D,79,5,18,23,6,24,4.5,5,0,0,0,18,0,0,108,4.6,1602,20:17,150,126,0,0,,2018
235,Andreas Englund\engluan01,22,OTT,D,1,0,0,0,1,0,0.1,0,0,0,0,0,0,0,0,,11,11:21,2,3,0,0,,2018
236,Tyler Ennis\ennisty01,28,MIN,C,73,8,14,22,-1,12,1.5,6,2,0,3,13,1,0,115,7,874,11:58,33,51,3,9,25,2018
237,Toby Enstrom\enstrto01,33,WPG,D,43,1,5,6,8,20,1.8,1,0,0,0,5,0,0,31,3.2,732,17:02,51,20,0,0,,2018
238,Jonathan Ericsson\ericsjo01,33,DET,D,81,3,10,13,-7,47,2.8,3,0,0,0,9,0,1,86,3.5,1564,19:19,84,133,1,0,100,2018
239,Loui Eriksson\erikslo01,32,VAN,LW,50,10,13,23,0,4,2.2,9,0,1,0,9,3,1,101,9.9,813,16:16,30,7,6,8,42.9,2018
240,Joel Eriksson Ek\eriksjo02,21,MIN,C,75,6,10,16,2,22,0.6,6,0,0,0,10,0,0,124,4.8,958,12:47,46,134,201,271,42.6,2018
241,Adam Erne\ernead01,22,TBL,LW,23,3,1,4,-1,11,0.2,3,0,0,1,1,0,0,29,10.3,233,10:07,8,37,5,3,62.5,2018
242,Radek Faksa\faksara01,24,DAL,C,79,17,16,33,21,36,4.2,15,0,2,3,16,0,0,118,14.4,1206,15:16,56,101,556,521,51.6,2018
243,Justin Falk\falkju01,29,BUF,D,46,1,1,2,-16,28,0.1,1,0,0,0,0,0,1,36,2.8,740,16:05,62,121,0,0,,2018
244,Oscar Fantenberg\fanteos01,26,LAK,D,27,2,7,9,2,11,1.8,2,0,0,0,3,4,0,33,6.1,385,14:16,17,43,0,0,,2018
245,Hudson Fasching\faschhu01,22,BUF,RW,5,0,0,0,-1,2,-0.1,0,0,0,0,0,0,0,1,0,49,09:42,2,7,0,0,,2018
246,Jesper Fast\fastje01,26,NYR,RW,71,13,20,33,-10,26,2.7,13,0,0,0,18,0,2,80,16.3,1057,14:53,44,130,14,24,36.8,2018
247,Justin Faulk\faulkju01,25,CAR,D,76,8,23,31,-26,48,4,5,3,0,3,7,16,0,211,3.8,1692,22:16,90,128,0,0,,2018
248,Taylor Fedun\fedunta01,29,BUF,D,7,0,1,1,-1,2,0.2,0,0,0,0,1,0,0,8,0,103,14:41,10,4,0,0,,2018
249,Eric Fehr\fehrer01,32,TOT,RW,18,3,1,4,6,2,0.6,3,0,0,0,1,0,0,27,11.1,212,11:47,14,24,66,73,47.5,2018
249,Eric Fehr\fehrer01,32,SJS,RW,14,3,1,4,7,0,0.7,3,0,0,0,1,0,0,23,13,168,12:01,12,22,49,53,48,2018
249,Eric Fehr\fehrer01,32,TOR,RW,4,0,0,0,-1,2,-0.1,0,0,0,0,0,0,0,4,0,44,10:56,2,2,17,20,45.9,2018
250,Micheal Ferland\ferlami01,25,CGY,LW,77,21,20,41,5,24,4.7,15,6,0,0,20,0,0,144,14.6,1156,15:01,30,171,22,35,38.6,2018
251,Landon Ferraro\ferrala01,26,MIN,C,2,1,0,1,1,0,0.2,1,0,0,0,0,0,0,3,33.3,9,04:25,0,1,0,0,,2018
252,Kevin Fiala\fialake01,21,NSH,LW,80,23,25,48,20,26,6,19,4,0,4,16,9,0,187,12.3,1212,15:09,27,34,0,5,0,2018
253,Valtteri Filppula\filppva01,33,PHI,C,81,11,22,33,-7,20,1.8,8,3,0,4,19,1,2,70,15.7,1335,16:29,55,25,487,463,51.3,2018
254,Giovanni Fiore\fioregi01,21,ANA,LW,1,0,0,0,-1,0,-0.1,0,0,0,0,0,0,0,0,,8,07:53,0,0,0,0,,2018
255,Christian Fischer\fischch01,20,ARI,RW,79,15,18,33,-17,14,2.7,10,5,0,3,15,3,0,154,9.7,1098,13:54,23,109,5,24,17.2,2018
256,Mike Fisher\fishemi01,37,NSH,C,16,2,2,4,0,8,0.3,2,0,0,1,2,0,0,14,14.3,198,12:21,14,25,107,77,58.2,2018
257,Haydn Fleury\fleurha01,21,CAR,D,67,0,8,8,-2,14,2,0,0,0,0,8,0,0,86,0,1125,16:48,94,85,0,0,,2018
258,Warren Foegele\foegewa01,21,CAR,LW,2,2,1,3,3,0,0.6,2,0,0,0,1,0,0,6,33.3,24,11:56,1,5,0,0,,2018
259,Steven Fogarty\fogarst01,24,NYR,C,1,0,0,0,0,2,0,0,0,0,0,0,0,0,1,0,12,12:16,0,2,0,0,,2018
260,Marcus Foligno\foligma01,26,MIN,LW,77,8,15,23,2,72,1.8,7,1,0,2,14,1,0,79,10.1,836,10:52,44,185,9,10,47.4,2018
261,Nick Foligno\foligni01,30,CBJ,LW,72,15,18,33,1,50,2.8,13,2,0,1,16,2,0,137,10.9,1321,18:21,60,182,340,401,45.9,2018
262,Christian Folin\folinch01,26,LAK,D,65,3,10,13,1,30,3,3,0,0,0,9,0,1,58,5.2,1018,15:39,106,167,0,0,,2018
263,Spencer Foo\foosp01,23,CGY,RW,4,2,0,2,1,0,0.3,2,0,0,0,0,0,0,16,12.5,63,15:51,3,6,1,0,100,2018
264,Derek Forbort\forbode01,25,LAK,D,78,1,17,18,18,49,5.4,1,0,0,0,17,0,0,78,1.3,1621,20:47,156,142,0,0,,2018
265,Alex Formenton\formeal01,18,OTT,LW,1,0,0,0,0,0,0,0,0,0,0,0,0,0,0,,5,04:54,1,1,0,0,,2018
266,Filip Forsberg\forsbfi01,23,NSH,C,67,26,38,64,27,38,8.3,13,13,0,6,29,8,1,179,14.5,1171,17:28,37,86,4,5,44.4,2018
267,Gustav Forsling\forslgu02,21,CHI,D,41,3,10,13,-2,8,2.3,2,1,0,1,6,3,1,82,3.7,785,19:09,56,26,0,1,0,2018
268,Cam Fowler\fowleca01,26,ANA,D,67,8,24,32,3,28,5.8,6,1,1,1,14,9,1,122,6.6,1665,00:51,108,21,1,1,50,2018
269,Cody Franson\fransco01,30,CHI,D,23,1,6,7,-1,8,1.1,1,0,0,0,2,4,0,51,2,382,16:37,18,18,0,0,,2018
270,Tanner Fritz\fritzta01,26,NYI,C,34,3,4,7,-3,8,0.1,3,0,0,0,4,0,0,27,11.1,426,12:31,26,59,47,61,43.5,2018
271,Martin Frk\frkma01,24,DET,RW,68,11,14,25,-14,14,2,6,5,0,0,10,4,0,99,11.1,700,10:17,10,77,0,2,0,2018
272,Byron Froese\froesby01,26,MTL,C,48,3,8,11,0,26,0.6,3,0,0,0,8,0,0,49,6.1,556,11:35,42,54,156,196,44.3,2018
273,Michael Frolik\frolimi01,29,CGY,LW,70,10,15,25,-19,26,1,8,0,2,1,15,0,0,167,6,1185,16:55,35,48,33,39,45.8,2018
274,Marian Gaborik\gaborma01,35,TOT,RW,46,11,10,21,2,24,2.3,8,3,0,0,7,3,0,80,13.8,643,13:58,9,12,0,0,,2018
274,Marian Gaborik\gaborma01,35,LAK,RW,30,7,7,14,9,18,1.8,6,1,0,0,5,2,0,53,13.2,430,14:19,6,9,0,0,,2018
274,Marian Gaborik\gaborma01,35,OTT,RW,16,4,3,7,-7,6,0.5,2,2,0,0,2,1,0,27,14.8,213,13:19,3,3,0,0,,2018
275,Sam Gagner\gagnesa01,28,VAN,C,74,10,21,31,-18,35,1.8,7,3,0,2,13,8,0,164,6.1,1118,15:07,28,54,220,241,47.7,2018
276,Alex Galchenyuk\galchal01,23,MTL,C,82,19,32,51,-31,22,4.2,10,9,0,2,17,15,0,213,8.9,1331,16:14,37,33,49,60,45,2018
277,Brendan Gallagher\gallabr01,25,MTL,RW,82,31,23,54,-13,34,6.5,22,8,1,4,14,9,0,278,11.2,1325,16:09,41,90,85,97,46.7,2018
278,Dylan Gambrell\gambrdy01,21,SJS,C,3,0,0,0,-1,0,-0.1,0,0,0,0,0,0,0,1,0,32,10:33,2,0,9,9,50,2018
279,Jake Gardiner\gardija01,27,TOR,D,82,5,47,52,9,32,7.8,4,1,0,0,33,14,0,133,3.8,1847,22:32,103,51,0,0,,2018
280,Jason Garrison\garrija01,33,VEG,D,8,0,1,1,-2,4,0.1,0,0,0,0,1,0,0,7,0,153,19:04,23,7,0,0,,2018
281,Adam Gaudette\gaudead01,21,VAN,C,5,0,0,0,2,0,0,0,0,0,0,0,0,0,9,0,64,12:47,3,2,6,10,37.5,2018
282,Frederick Gaudreau\gaudrfr01,24,NSH,C,20,0,3,3,0,2,0,0,0,0,0,3,0,0,14,0,183,09:10,8,8,69,70,49.6,2018
283,Johnny Gaudreau\gaudrjo01,24,CGY,LW,80,24,60,84,2,26,8.7,21,3,0,4,39,21,0,227,10.6,1554,19:25,18,16,1,4,20,2018
284,Brendan Gaunce\gauncbr01,23,VAN,C,37,4,2,6,0,10,0.3,3,1,0,1,2,0,0,55,7.3,492,13:19,11,48,38,46,45.2,2018
285,Frederik Gauthier\gauthfr01,22,TOR,C,9,1,0,1,-4,0,-0.1,1,0,0,0,0,0,0,12,8.3,79,08:45,5,12,27,28,49.1,2018
286,Nathan Gerbe\gerbena01,30,CBJ,C,2,0,0,0,-1,0,-0.1,0,0,0,0,0,0,0,1,0,17,08:36,0,4,0,0,,2018
287,Shane Gersich\gersish01,21,WSH,C,3,0,1,1,-1,0,0,0,0,0,0,1,0,0,4,0,27,09:01,2,0,0,0,,2018
288,Ryan Getzlaf\getzlry01,32,ANA,C,56,11,50,61,20,42,6.2,10,0,1,0,36,13,1,117,9.4,1200,21:26,57,96,406,443,47.8,2018
289,Brian Gibbons\gibbobr02,29,NJD,C,59,12,14,26,10,20,3,9,0,3,3,12,0,2,72,16.7,851,14:26,58,35,22,29,43.1,2018
290,John Gilmour\gilmojo01,24,NYR,D,28,2,3,5,-11,14,0.4,1,1,0,1,3,0,0,61,3.3,481,17:11,27,27,0,0,,2018
291,Brian Gionta\giontbr01,39,BOS,RW,20,2,5,7,-1,2,0.5,1,1,0,1,3,2,0,42,4.8,261,13:04,6,17,6,7,46.2,2018
292,Mark Giordano\giordma01,34,CGY,D,82,13,25,38,0,63,7.7,11,1,1,4,16,9,0,214,6.1,2033,00:47,161,93,0,0,,2018
293,Samuel Girard\girarsa01,19,TOT,D,73,4,19,23,-11,8,3,3,1,0,0,7,12,0,84,4.8,1288,17:39,69,46,0,0,,2018
293,Samuel Girard\girarsa01,19,COL,D,68,3,17,20,-8,6,2.8,2,1,0,0,6,11,0,76,3.9,1204,17:42,63,43,0,0,,2018
293,Samuel Girard\girarsa01,19,NSH,D,5,1,2,3,-3,2,0.2,1,0,0,0,1,1,0,8,12.5,85,16:55,6,3,0,0,,2018
294,Dan Girardi\girarda01,33,TBL,D,77,6,12,18,18,27,4,5,1,0,1,11,0,1,93,6.5,1339,17:23,155,133,0,1,0,2018
295,Zemgus Girgensons\girgeze01,24,BUF,C,71,7,8,15,-12,26,0.5,5,0,2,0,8,0,0,113,6.2,973,13:43,32,134,23,40,36.5,2018
296,Claude Giroux\giroucl01,30,PHI,C,82,34,68,102,28,20,11.8,25,9,0,1,41,27,0,193,17.6,1670,20:22,23,30,638,450,58.6,2018
297,Tanner Glass\glassta01,34,CGY,LW,16,0,0,0,-4,19,-0.4,0,0,0,0,0,0,0,14,0,150,09:23,7,35,2,4,33.3,2018
298,Luke Glendening\glendlu01,28,DET,C,69,11,8,19,-14,17,1.1,8,1,2,2,7,0,1,88,12.5,911,13:12,83,137,394,285,58,2018
299,Nikolay Goldobin\goldoni01,22,VAN,LW,38,8,6,14,-14,6,1,6,2,0,0,6,0,0,50,16,469,12:20,7,12,1,1,50,2018
300,Alex Goligoski\goligal01,32,ARI,D,78,12,23,35,-31,26,4.8,9,3,0,3,15,8,0,119,10.1,1816,23:17,154,114,0,0,,2018
301,Barclay Goodrow\goodrba01,24,SJS,RW,47,7,7,14,1,28,1.4,6,0,1,1,7,0,0,57,12.3,512,10:53,30,68,154,108,58.8,2018
302,Josh Gorges\gorgejo01,33,BUF,D,34,0,2,2,-4,17,0.6,0,0,0,0,2,0,0,15,0,508,14:56,54,69,0,0,,2018
303,Shayne Gostisbehere\gostish01,24,PHI,D,78,13,52,65,10,25,9.8,6,7,0,2,26,26,0,221,5.9,1674,21:27,116,53,0,0,,2018
304,Tyrell Goulbourne\goulbty01,24,PHI,LW,9,0,0,0,-2,2,-0.2,0,0,0,0,0,0,0,2,0,50,05:35,2,15,0,0,,2018
305,Yanni Gourde\gourdya01,26,TBL,C,82,25,39,64,34,50,7.7,17,7,1,5,32,6,1,136,18.4,1325,16:09,42,57,158,206,43.4,2018
306,Michael Grabner\grabnmi01,30,TOT,RW,80,27,9,36,11,16,5.1,25,0,2,3,7,1,1,167,16.2,1185,14:49,37,68,10,12,45.5,2018
306,Michael Grabner\grabnmi01,30,NYR,RW,59,25,6,31,11,12,4.9,24,0,1,2,5,1,0,131,19.1,878,14:53,27,52,3,9,25,2018
306,Michael Grabner\grabnmi01,30,NJD,RW,21,2,3,5,0,4,0.2,1,0,1,1,2,0,1,36,5.6,308,14:39,10,16,7,3,70,2018
307,Markus Granlund\granlma01,24,VAN,C,53,8,4,12,-10,8,0.4,4,2,2,1,3,1,0,93,8.6,862,16:15,12,47,73,106,40.8,2018
308,Mikael Granlund\granlmi01,25,MIN,C,77,21,46,67,13,18,7,13,7,1,2,32,12,2,193,10.9,1446,18:47,45,47,69,56,55.2,2018
309,Derek Grant\grantde01,27,ANA,C,66,12,12,24,3,11,2.6,9,3,0,0,11,0,1,65,18.5,732,11:06,39,63,317,280,53.1,2018
310,Tyler Graovac\graovty01,24,WSH,C,5,0,0,0,-3,2,-0.2,0,0,0,0,0,0,0,1,0,34,06:44,1,5,1,2,33.3,2018
311,Kevin Gravel\graveke01,25,LAK,D,16,0,3,3,-3,2,0.4,0,0,0,0,2,1,0,20,0,225,14:02,15,16,0,0,,2018
312,Mike Green\greenmi03,32,DET,D,66,8,25,33,-14,38,4.7,7,1,0,0,13,12,0,132,6.1,1457,22:05,74,78,0,0,,2018
313,Andy Greene\greenan01,35,NJD,D,81,3,10,13,-9,21,2.7,3,0,0,0,10,0,0,93,3.2,1711,21:07,188,84,0,0,,2018
314,Jordan Greenway\greenjo02,20,MIN,LW,6,0,1,1,0,0,0,0,0,0,0,1,0,0,4,0,69,11:27,3,5,0,5,0,2018
315,A.J. Greer\greeraj01,21,COL,LW,17,0,3,3,2,29,0.2,0,0,0,0,3,0,0,13,0,126,07:24,5,30,1,2,33.3,2018
316,Seth Griffith\griffse01,25,BUF,C,21,2,1,3,-6,6,0,2,0,0,0,0,1,0,15,13.3,222,10:34,4,10,0,3,0,2018
317,Rocco Grimaldi\grimaro01,24,COL,C,6,1,2,3,0,0,0.3,1,0,0,0,2,0,0,7,14.3,58,09:39,5,3,0,1,0,2018
318,Eric Gryba\grybaer01,29,EDM,D,21,0,2,2,4,31,0.7,0,0,0,0,2,0,0,19,0,309,14:44,19,57,0,0,,2018
319,Matt Grzelcyk\grzelma01,24,BOS,D,61,3,12,15,21,22,4.4,3,0,0,0,10,2,0,82,3.7,1021,16:44,42,45,0,0,,2018
320,Radko Gudas\gudasra01,27,PHI,D,70,2,14,16,0,83,2.7,2,0,0,0,13,0,1,142,1.4,1197,17:06,123,170,0,0,,2018
321,Erik Gudbranson\gudbrer01,26,VAN,D,52,2,3,5,-7,35,1.2,2,0,0,0,3,0,0,53,3.8,958,18:25,81,126,0,0,,2018
322,Jake Guentzel\guentja01,23,PIT,C,82,22,26,48,-9,42,4.4,15,7,0,1,21,5,0,171,12.9,1352,16:29,46,142,65,65,50,2018
323,Brendan Guhle\guhlebr01,20,BUF,D,18,0,5,5,-6,10,0.5,0,0,0,0,5,0,0,37,0,326,18:06,8,10,0,0,,2018
324,Carl Gunnarsson\gunnaca01,31,STL,D,63,5,4,9,15,22,3.7,5,0,0,2,4,0,0,59,8.5,1018,16:10,102,35,0,0,,2018
325,Erik Gustafsson\gustaer02,25,CHI,D,35,5,11,16,1,6,2.9,5,0,0,0,7,4,0,71,7,649,18:33,45,30,0,1,0,2018
326,Henrik Haapala\haapahe01,23,FLA,LW,5,0,1,1,0,0,0,0,0,0,0,1,0,0,3,0,69,13:42,3,5,0,0,,2018
327,Carl Hagelin\hagelca01,29,PIT,LW,81,10,21,31,8,28,2.2,9,0,1,2,20,0,1,169,5.9,1291,15:57,36,112,21,28,42.9,2018
328,Robert Hagg\haggro01,22,PHI,D,70,3,6,9,5,32,2.5,3,0,0,0,6,0,0,89,3.4,1270,18:08,100,238,0,0,,2018
329,Ron Hainsey\hainsro01,36,TOR,D,80,4,19,23,12,20,4.8,3,1,0,2,17,0,2,73,5.5,1749,21:52,169,91,0,0,,2018
330,Micheal Haley\haleymi01,31,FLA,C,75,3,6,9,-13,212,-0.3,3,0,0,1,6,0,0,55,5.5,584,07:47,23,124,19,21,47.5,2018
331,Taylor Hall\hallta02,26,NJD,LW,76,39,54,93,14,34,12.2,25,13,1,7,30,24,0,278,14,1455,19:09,44,72,72,76,48.6,2018
332,Dan Hamhuis\hamhuda01,35,DAL,D,80,3,21,24,-6,33,3.9,3,0,0,1,19,2,0,66,4.5,1615,20:11,113,82,0,1,0,2018
333,Dougie Hamilton\hamildo01,24,CGY,D,82,17,27,44,1,64,8.5,11,6,0,4,21,6,0,270,6.3,1766,21:32,80,83,1,2,33.3,2018
334,Freddie Hamilton\hamilfr01,26,TOT,C,16,0,1,1,0,2,-0.1,0,0,0,0,0,0,1,12,0,144,08:59,0,35,28,44,38.9,2018
334,Freddie Hamilton\hamilfr01,26,ARI,C,8,0,0,0,1,0,-0.1,0,0,0,0,0,0,0,7,0,83,10:19,0,19,25,31,44.6,2018
334,Freddie Hamilton\hamilfr01,26,CGY,C,8,0,1,1,-1,2,0,0,0,0,0,0,0,1,5,0,61,07:38,0,16,3,13,18.8,2018
335,Travis Hamonic\hamontr01,27,CGY,D,74,1,10,11,-9,79,2.4,1,0,0,0,10,0,0,107,0.9,1532,20:42,124,83,0,1,0,2018
336,Noah Hanifin\hanifno01,21,CAR,D,79,10,22,32,-20,21,4.5,9,1,0,3,16,6,0,165,6.1,1490,18:52,69,81,0,0,,2018
337,Joel Hanley\hanlejo01,26,ARI,D,5,0,0,0,0,0,0.1,0,0,0,0,0,0,0,2,0,56,11:08,4,1,0,0,,2018
338,Markus Hannikainen\hannima01,24,CBJ,LW,33,3,3,6,-1,6,0.4,3,0,0,0,2,0,1,31,9.7,276,08:22,15,31,3,1,75,2018
339,Jannik Hansen\hanseja01,31,SJS,LW,46,2,12,14,2,15,0.8,2,0,0,2,11,0,1,54,3.7,554,12:02,19,38,8,4,66.7,2018
340,Martin Hanzal\hanzama01,30,DAL,C,38,5,5,10,-14,23,0.2,3,2,0,1,4,1,0,62,8.1,536,14:07,21,66,239,195,55.1,2018
341,Ben Harpur\harpube01,23,OTT,D,41,0,1,1,-21,21,-0.9,0,0,0,0,1,0,0,26,0,610,14:53,35,71,0,0,,2018
342,Scott Harrington\harrisc01,24,CBJ,D,32,2,3,5,0,8,1.1,2,0,0,1,2,0,1,28,7.1,426,13:18,44,35,0,0,,2018
343,Ryan Hartman\hartmry01,23,TOT,RW,78,11,20,31,1,72,2.7,10,1,0,2,19,1,0,129,8.5,1019,13:04,38,113,93,110,45.8,2018
343,Ryan Hartman\hartmry01,23,CHI,RW,57,8,17,25,5,58,2.4,7,1,0,0,16,1,0,96,8.3,730,12:48,25,94,90,105,46.2,2018
343,Ryan Hartman\hartmry01,23,NSH,RW,21,3,3,6,-4,14,0.3,3,0,0,2,3,0,0,33,9.1,289,13:46,13,19,3,5,37.5,2018
344,Scott Hartnell\hartnsc01,35,NSH,LW,62,13,11,24,-3,82,2.4,11,2,0,2,8,3,0,82,15.9,745,12:01,25,82,3,12,20,2018
345,Garnet Hathaway\hathaga01,26,CGY,RW,59,4,9,13,3,88,0.8,3,0,1,0,9,0,0,68,5.9,680,11:32,32,154,1,9,10,2018
346,Erik Haula\haulaer01,26,VEG,LW,76,29,26,55,-16,37,5.8,17,12,0,4,19,7,0,175,16.6,1320,17:22,42,85,489,479,50.5,2018
347,John Hayden\haydejo01,22,CHI,C,47,4,9,13,-4,54,0.8,3,0,1,0,9,0,0,56,7.1,509,10:49,23,118,12,12,50,2018
348,Jimmy Hayes\hayesji01,28,NJD,RW,33,3,6,9,-2,6,0.6,2,1,0,2,6,0,0,37,8.1,394,11:56,6,50,6,9,40,2018
349,Kevin Hayes\hayeske01,25,NYR,RW,76,25,19,44,1,18,5.1,17,6,2,4,17,2,0,172,14.5,1319,17:21,36,40,562,550,50.5,2018
350,Dillon Heatherington\heathdi01,22,DAL,D,6,0,1,1,3,26,0.4,0,0,0,0,1,0,0,6,0,65,10:51,2,7,0,0,,2018
351,Victor Hedman\hedmavi01,27,TBL,D,77,17,46,63,32,54,11,15,2,0,1,20,24,2,216,7.9,1991,01:51,110,139,1,1,50,2018
352,Tim Heed\heedti01,27,SJS,D,29,3,8,11,0,8,2,1,2,0,2,5,3,0,51,5.9,465,16:01,35,8,0,0,,2018
353,Danton Heinen\heineda01,22,BOS,C,77,16,31,47,10,16,4.9,13,2,1,4,21,10,0,135,11.9,1157,15:01,33,45,10,13,43.5,2018
354,Darren Helm\helmda01,31,DET,C,75,13,18,31,3,39,2.8,11,0,2,0,16,0,2,141,9.2,1167,15:34,36,131,45,57,44.1,2018
355,Ales Hemsky\hemskal01,34,MTL,RW,7,0,0,0,-1,10,-0.1,0,0,0,0,0,0,0,5,0,69,09:55,2,0,0,1,0,2018
356,Matt Hendricks\hendrma01,36,WPG,C,60,5,8,13,-1,39,0.8,5,0,0,0,8,0,0,56,8.9,565,09:25,42,123,226,232,49.3,2018
357,Adam Henrique\henriad01,27,TOT,C,81,24,26,50,11,20,5.7,17,6,1,8,17,7,2,151,15.9,1441,17:47,61,61,508,547,48.2,2018
357,Adam Henrique\henriad01,27,ANA,C,57,20,16,36,17,14,4.7,15,4,1,8,12,4,0,102,19.6,1002,17:35,47,44,347,366,48.7,2018
357,Adam Henrique\henriad01,27,NJD,C,24,4,10,14,-6,6,1,2,2,0,0,5,3,2,49,8.2,438,18:15,14,17,161,181,47.1,2018
358,Tomas Hertl\hertlto01,24,SJS,C,79,22,24,46,-2,41,4.6,15,6,1,5,16,6,2,175,12.6,1430,18:06,71,84,587,569,50.8,2018
359,Joe Hicketts\hickejo01,21,DET,D,5,0,3,3,5,2,0.8,0,0,0,0,2,1,0,2,0,87,17:21,12,9,0,0,,2018
360,Thomas Hickey\hicketh01,28,NYI,D,69,5,20,25,20,24,5.1,5,0,0,0,20,0,0,87,5.7,1247,18:04,110,76,0,0,,2018
361,Matthew Highmore\highmma01,21,CHI,LW,13,2,0,2,-4,0,0,2,0,0,0,0,0,0,27,7.4,158,12:09,7,9,1,4,20,2018
362,Blake Hillman\hillmbl01,22,CHI,D,4,1,0,1,-1,0,0.2,0,0,1,0,0,0,0,5,20,72,18:02,8,5,0,0,,2018
363,Vinnie Hinostroza\hinosvi01,23,CHI,C,50,7,18,25,5,10,2.4,6,1,0,1,14,4,0,86,8.1,691,13:49,17,26,39,50,43.8,2018
364,Nico Hischier\hischni01,19,NJD,C,82,20,32,52,10,26,5.9,19,1,0,2,27,5,0,180,11.1,1337,16:19,39,56,422,561,42.9,2018
365,Niklas Hjalmarsson\hjalmni01,30,ARI,D,48,1,8,9,-3,18,2.1,1,0,0,0,7,1,0,32,3.1,994,20:42,118,16,0,0,,2018
366,Joshua Ho-Sang\hosanjo01,22,NYI,C,22,2,10,12,-7,2,0.6,2,0,0,0,9,1,0,18,11.1,314,14:17,1,3,2,3,40,2018
367,Mike Hoffman\hoffmmi02,28,OTT,C,82,22,34,56,-20,32,4.7,14,8,0,5,21,13,0,257,8.6,1509,18:24,34,31,22,18,55,2018
368,Nick Holden\holdeni01,30,TOT,D,73,4,13,17,-5,14,3.2,4,0,0,0,10,3,0,80,5,1387,19:00,83,136,0,0,,2018
368,Nick Holden\holdeni01,30,NYR,D,55,3,9,12,-3,14,2.4,3,0,0,0,9,0,0,54,5.6,1044,18:59,69,114,0,0,,2018
368,Nick Holden\holdeni01,30,BOS,D,18,1,4,5,-2,0,0.8,1,0,0,0,1,3,0,26,3.8,343,19:05,14,22,0,0,,2018
369,Justin Holl\hollju01,26,TOR,D,2,2,0,2,5,0,0.8,2,0,0,1,0,0,0,2,100,35,17:22,3,2,0,0,,2018
370,Peter Holland\hollape01,27,NYR,C,23,1,3,4,-10,7,-0.3,1,0,0,0,2,0,1,30,3.3,285,12:24,12,14,107,120,47.1,2018
371,Philip Holm\holmph01,26,VAN,D,1,0,0,0,-2,0,-0.1,0,0,0,0,0,0,0,0,,15,15:12,0,1,0,0,,2018
372,Korbinian Holzer\holzeko01,29,ANA,D,16,0,0,0,-3,6,-0.1,0,0,0,0,0,0,0,10,0,186,11:37,14,22,0,0,,2018
373,Julius Honka\honkaju01,22,DAL,D,42,1,3,4,-1,14,1,1,0,0,0,2,1,0,42,2.4,546,13:01,28,20,0,0,,2018
374,Patric Hornqvist\hornqpa01,31,PIT,RW,70,29,20,49,2,58,5.9,14,15,0,1,13,7,0,247,11.7,1213,17:19,64,137,16,17,48.5,2018
375,Bo Horvat\horvabo01,22,VAN,C,64,22,22,44,-1,10,4.9,11,10,1,3,19,3,0,158,13.9,1238,19:21,29,35,712,612,53.8,2018
376,Marek Hrivik\hrivima01,26,CGY,LW,3,0,0,0,1,0,0,0,0,0,0,0,0,0,2,0,26,08:30,1,4,0,1,0,2018
377,Jonathan Huberdeau\huberjo01,24,FLA,C,82,27,42,69,-2,32,7,20,7,0,4,30,12,0,204,13.2,1575,19:12,42,41,21,23,47.7,2018
378,Charles Hudon\hudonch01,23,MTL,LW,72,10,20,30,-12,38,2.2,7,3,0,1,14,5,1,179,5.6,1010,14:02,38,126,88,131,40.2,2018
379,Brad Hunt\huntbr01,29,VEG,D,45,3,15,18,-5,6,2.3,1,2,0,0,5,10,0,80,3.8,749,16:39,36,19,0,1,0,2018
380,Dryden Hunt\huntdr01,22,FLA,LW,11,0,1,1,-5,2,-0.3,0,0,0,0,1,0,0,12,0,116,10:34,4,22,1,3,25,2018
381,Matt Hunwick\hunwima01,32,PIT,D,42,4,6,10,-4,21,1.7,3,0,1,1,6,0,0,52,7.7,735,17:31,53,51,0,0,,2018
382,Ben Hutton\huttobe01,24,VAN,D,61,0,6,6,-9,23,1.1,0,0,0,0,3,2,1,103,0,1123,18:25,68,40,0,1,0,2018
383,Tomas Hyka\hykato01,24,VEG,RW,10,1,2,3,2,0,0.3,1,0,0,0,1,1,0,15,6.7,121,12:03,3,6,0,0,,2018
384,Zach Hyman\hymanza01,25,TOR,C,82,15,25,40,22,37,4,14,0,1,2,24,0,1,148,10.1,1423,17:21,55,117,72,96,42.9,2018
385,Alex Iafallo\iafalal01,24,LAK,C,75,9,16,25,10,12,2.1,9,0,0,1,14,2,0,129,7,1133,15:06,33,53,14,16,46.7,2018
386,Matt Irwin\irwinma01,30,NSH,D,50,2,6,8,2,8,1.6,2,0,0,0,6,0,0,62,3.2,672,13:26,54,78,0,0,,2018
387,Jaromir Jagr\jagrja01,45,CGY,RW,22,1,6,7,6,10,0.6,1,0,0,0,5,1,0,32,3.1,287,13:03,8,1,0,0,,2018
388,Mark Jankowski\jankoma01,23,CGY,C,72,17,8,25,-7,33,2.5,13,2,2,3,7,1,0,118,14.4,962,13:21,51,35,395,415,48.8,2018
389,Mattias Janmark\janmama02,25,DAL,C,81,19,15,34,-13,24,2.9,13,4,2,4,14,1,0,136,14,1371,16:56,41,15,71,109,39.4,2018
390,Calle Jarnkrok\jarnkca01,26,NSH,C,68,16,19,35,20,12,4.1,13,1,2,3,16,3,0,105,15.2,1080,15:53,31,36,266,253,51.3,2018
391,Christian Jaros\jarosch01,21,OTT,D,2,0,0,0,0,0,0,0,0,0,0,0,0,0,0,,16,07:58,0,4,0,0,,2018
392,Dmitrij Jaskin\jaskidm01,24,STL,RW,76,6,11,17,6,14,1.1,6,0,0,0,10,1,0,124,4.8,946,12:27,46,207,2,11,15.4,2018
393,Boone Jenner\jennebo01,24,CBJ,C,75,13,19,32,1,39,2.6,11,2,0,2,18,1,0,187,7,1235,16:28,83,205,268,215,55.5,2018
394,Nick Jensen\jenseni02,27,DET,D,81,0,15,15,-8,27,2.4,0,0,0,0,14,1,0,107,0,1317,16:15,88,71,0,0,,2018
395,Jakub Jerabek\jerabja01,26,TOT,D,36,2,6,8,-2,6,1.5,2,0,0,0,6,0,0,33,6.1,588,16:19,48,42,0,0,,2018
395,Jakub Jerabek\jerabja01,26,MTL,D,25,1,3,4,-1,6,0.9,1,0,0,0,3,0,0,22,4.5,434,17:21,38,28,0,0,,2018
395,Jakub Jerabek\jerabja01,26,WSH,D,11,1,3,4,-1,0,0.5,1,0,0,0,3,0,0,11,9.1,154,13:59,10,14,0,0,,2018
396,Ryan Johansen\johanry01,25,NSH,C,79,15,39,54,13,78,5,14,1,0,3,23,14,2,129,11.6,1466,18:33,35,87,810,651,55.4,2018
397,Marcus Johansson\johanma03,27,NJD,C,29,5,9,14,-11,14,0.8,4,1,0,0,7,2,0,42,11.9,464,15:59,9,8,36,38,48.6,2018
398,Stephen Johns\johnsst03,25,DAL,D,75,8,7,15,10,41,4.4,8,0,0,2,6,0,1,121,6.6,1316,17:33,155,201,0,0,,2018
399,Erik Johnson\johnser01,29,COL,D,62,9,16,25,3,58,5.1,9,0,0,3,12,3,1,168,5.4,1577,01:26,135,114,0,1,0,2018
400,Jack Johnson\johnsja02,31,CBJ,D,77,3,8,11,-6,22,2.2,3,0,0,1,8,0,0,88,3.4,1505,19:33,135,101,0,0,,2018
401,Tyler Johnson\johnsty01,27,TBL,C,81,21,29,50,3,24,4.6,15,4,2,3,20,9,0,186,11.3,1376,17:00,47,48,360,359,50.1,2018
402,Andreas Johnsson\johnsan01,23,TOR,LW,9,2,1,3,-2,0,0.3,2,0,0,0,0,1,0,19,10.5,105,11:42,5,5,2,4,33.3,2018
403,Ross Johnston\johnsro02,23,NYI,LW,24,3,3,6,0,62,0.5,3,0,0,0,3,0,0,19,15.8,224,09:20,11,46,1,4,20,2018
404,Jussi Jokinen\jokinju01,34,TOT,C,60,5,12,17,2,12,1.2,5,0,0,1,7,5,0,73,6.8,695,11:35,22,21,101,86,54,2018
404,Jussi Jokinen\jokinju01,34,LAK,C,18,1,4,5,0,4,0.3,1,0,0,1,3,1,0,19,5.3,202,11:15,4,3,50,33,60.2,2018
404,Jussi Jokinen\jokinju01,34,VAN,C,14,4,6,10,7,2,1.4,4,0,0,0,4,2,0,19,21.1,180,12:49,4,5,12,12,50,2018
404,Jussi Jokinen\jokinju01,34,EDM,C,14,0,1,1,-3,2,-0.3,0,0,0,0,0,1,0,22,0,172,12:19,11,8,15,14,51.7,2018
404,Jussi Jokinen\jokinju01,34,CBJ,C,14,0,1,1,-2,4,-0.2,0,0,0,0,0,1,0,13,0,140,10:01,3,5,24,27,47.1,2018
405,Seth Jones\jonesse01,23,CBJ,D,78,16,41,57,10,30,9.9,9,7,0,4,24,17,0,249,6.4,1919,00:36,124,92,0,0,,2018
406,Josh Jooris\joorijo01,27,TOT,C,40,3,3,6,-7,16,0,3,0,0,0,3,0,0,50,6,391,09:46,11,51,75,88,46,2018
406,Josh Jooris\joorijo01,27,CAR,C,31,3,3,6,-7,16,0.1,3,0,0,0,3,0,0,42,7.1,326,10:31,9,47,51,62,45.1,2018
406,Josh Jooris\joorijo01,27,PIT,C,9,0,0,0,0,0,-0.1,0,0,0,0,0,0,0,8,0,65,07:12,2,4,24,26,48,2018
407,Jacob Josefson\josefja01,26,BUF,C,39,2,2,4,-4,6,-0.1,2,0,0,0,2,0,0,35,5.7,444,11:23,33,26,141,179,44.1,2018
408,Roman Josi\josiro01,27,NSH,D,75,14,39,53,24,24,10,7,7,0,3,25,13,1,253,5.5,1835,00:28,120,80,0,0,,2018
409,Tyson Jost\jostty01,19,COL,C,65,12,10,22,-10,26,1.6,7,5,0,1,7,3,0,113,10.6,951,14:38,26,33,84,145,36.7,2018
410,Tomas Jurco\jurcoto01,25,CHI,RW,29,6,4,10,1,12,1.1,6,0,0,1,4,0,0,44,13.6,366,12:37,12,22,4,12,25,2018
411,Noah Juulsen\juulsno01,20,MTL,D,23,1,2,3,1,4,1,1,0,0,0,2,0,0,33,3,447,19:25,34,58,0,0,,2018
412,Nazem Kadri\kadrina01,27,TOR,C,80,32,23,55,2,42,6.7,20,12,0,3,16,7,0,211,15.2,1341,16:46,26,94,546,547,50,2018
413,Vladislav Kamenev\kamenvl01,21,COL,LW,3,0,0,0,-2,0,-0.1,0,0,0,0,0,0,0,1,0,26,08:49,0,3,7,11,38.9,2018
414,David Kampf\kampfda01,23,CHI,C,46,4,7,11,-9,12,0.2,4,0,0,0,7,0,0,46,8.7,589,12:48,23,29,291,258,53,2018
415,Steven Kampfer\kampfst01,29,NYR,D,22,0,1,1,-7,20,-0.1,0,0,0,0,1,0,0,31,0,380,17:15,41,46,0,0,,2018
416,Evander Kane\kaneev01,26,TOT,LW,78,29,25,54,-9,82,6.1,22,3,4,2,19,6,0,307,9.4,1527,19:35,34,159,120,150,44.4,2018
416,Evander Kane\kaneev01,26,BUF,LW,61,20,20,40,-14,57,4.1,14,3,3,2,14,6,0,227,8.8,1183,19:23,26,120,80,103,43.7,2018
416,Evander Kane\kaneev01,26,SJS,LW,17,9,5,14,5,25,2,8,0,1,0,5,0,0,80,11.3,344,20:15,8,39,40,47,46,2018
417,Patrick Kane\kanepa01,29,CHI,RW,82,27,49,76,-20,32,7.1,22,5,0,4,32,17,0,285,9.5,1655,20:11,14,18,7,11,38.9,2018
418,Kasperi Kapanen\kapanka01,21,TOR,RW,38,7,2,9,-1,4,0.9,6,0,1,1,2,0,0,55,12.7,427,11:15,9,57,1,6,14.3,2018
419,Erik Karlsson\karlser01,27,OTT,D,71,9,53,62,-25,36,7.2,6,3,0,2,37,15,1,196,4.6,1899,02:44,120,58,0,0,,2018
420,Melker Karlsson\karlsme01,27,SJS,C,71,8,11,19,-5,26,1.1,7,0,1,1,11,0,0,76,10.5,941,13:15,69,81,12,6,66.7,2018
421,William Karlsson\karlswi01,25,VEG,C,82,43,35,78,49,12,11.8,31,8,4,6,26,8,1,184,23.4,1535,18:43,45,48,402,435,48,2018
422,Ondrej Kase\kaseon01,22,ANA,RW,66,20,18,38,18,14,5.1,19,1,0,5,16,2,0,146,13.7,919,13:55,26,28,5,21,19.2,2018
423,Zack Kassian\kassiza01,27,EDM,RW,74,7,12,19,-8,92,0.9,7,0,0,0,9,1,2,86,8.1,864,11:40,9,129,5,19,20.8,2018
424,Duncan Keith\keithdu01,34,CHI,D,82,2,30,32,-29,28,3.3,0,2,0,1,22,8,0,187,1.1,1954,23:50,165,41,0,0,,2018
425,Clayton Keller\kellecl01,19,ARI,C,82,23,42,65,-7,24,6.7,17,6,0,3,27,14,1,212,10.8,1483,18:05,28,7,37,41,47.4,2018
426,Chris Kelly\kellych01,37,ANA,C,12,0,2,2,1,2,0.1,0,0,0,0,2,0,0,5,0,92,07:40,6,7,2,7,22.2,2018
427,Adrian Kempe\kempead01,21,LAK,LW,81,16,21,37,11,49,4.2,15,1,0,3,17,4,0,119,13.4,1080,13:20,18,91,263,420,38.5,2018
428,Mario Kempe\kempema01,29,ARI,C,18,2,2,4,-1,4,0.3,2,0,0,0,2,0,0,20,10,200,11:05,11,20,27,43,38.6,2018
429,Michal Kempny\kempnmi01,27,TOT,D,53,3,7,10,14,26,3.2,3,0,0,0,7,0,0,82,3.7,843,15:55,82,57,0,0,,2018
429,Michal Kempny\kempnmi01,27,CHI,D,31,1,6,7,13,12,2.3,1,0,0,0,6,0,0,50,2,475,15:19,46,31,0,0,,2018
429,Michal Kempny\kempnmi01,27,WSH,D,22,2,1,3,1,14,0.8,2,0,0,0,1,0,0,32,6.3,368,16:45,36,26,0,0,,2018
430,Nicolas Kerdiles\kerdini01,24,ANA,LW,2,0,0,0,0,0,0,0,0,0,0,0,0,0,0,,8,03:45,0,1,0,1,0,2018
431,Alexander Kerfoot\kerfoal01,23,COL,C,79,19,24,43,-7,28,4.5,14,5,0,0,12,12,0,81,23.5,1062,13:27,35,42,207,285,42.1,2018
432,Tanner Kero\kerota01,25,CHI,RW,8,1,2,3,1,0,0.3,1,0,0,0,2,0,0,7,14.3,92,11:26,7,3,35,41,46.1,2018
433,Ryan Kesler\keslery01,33,ANA,C,44,8,6,14,-4,46,0.8,6,2,0,2,6,0,0,78,10.3,794,18:02,38,71,400,349,53.4,2018
434,Phil Kessel\kesseph01,30,PIT,RW,82,34,58,92,-4,36,10.1,22,12,0,6,28,30,0,261,13,1532,18:41,17,10,6,13,31.6,2018
435,Jujhar Khaira\khairju01,23,EDM,LW,69,11,10,21,-7,47,1.5,10,0,1,2,8,1,1,73,15.1,877,12:42,39,128,174,209,45.4,2018
436,Alex Killorn\killoal01,28,TBL,C,82,15,32,47,22,45,4.4,13,2,0,1,25,7,0,156,9.6,1353,16:30,25,82,22,33,40,2018
437,Oscar Klefbom\klefbos01,24,EDM,D,66,5,16,21,-12,18,2.8,3,1,1,1,11,5,0,203,2.5,1508,22:51,136,49,0,0,,2018
438,Morgan Klimchuk\klimcmo01,22,CGY,LW,1,0,0,0,0,0,0,0,0,0,0,0,0,0,0,,7,07:25,0,1,0,0,,2018
439,John Klingberg\klingjo01,25,DAL,D,82,8,59,67,10,26,10.5,7,1,0,3,37,22,0,204,3.9,1974,00:04,109,44,0,0,,2018
440,Justin Kloos\kloosju01,24,MIN,C,1,0,0,0,0,2,0,0,0,0,0,0,0,0,0,,9,08:39,0,0,0,0,,2018
441,Slater Koekkoek\koekksl01,23,TBL,D,35,4,4,8,4,18,1.6,4,0,0,1,4,0,0,43,9.3,393,11:14,24,36,0,0,,2018
442,Mikko Koivu\koivumi01,34,MIN,C,82,14,31,45,9,46,3.7,11,3,0,2,19,11,1,170,8.2,1516,18:29,53,51,809,766,51.4,2018
443,Leo Komarov\komarle01,31,TOR,C,74,7,12,19,0,31,0.6,4,2,1,0,11,1,0,114,6.1,1168,15:47,48,219,112,100,52.8,2018
444,Travis Konecny\konectr01,20,PHI,C,81,24,23,47,17,46,5.7,23,1,0,6,21,2,0,177,13.6,1207,14:54,53,97,7,14,33.3,2018
445,Anze Kopitar\kopitan01,30,LAK,C,82,35,57,92,21,20,11,28,7,0,6,35,20,2,200,17.5,1811,22:05,64,50,983,833,54.1,2018
446,Kalle Kossila\kossika01,24,ANA,LW,10,1,1,2,-4,0,0,1,0,0,0,1,0,0,9,11.1,91,09:05,4,7,26,27,49.1,2018
447,Chris Kreider\kreidch01,26,NYR,C,58,16,21,37,-2,44,4,9,7,0,0,16,5,0,137,11.7,906,15:37,24,103,25,35,41.7,2018
448,David Krejci\krejcda01,31,BOS,C,64,17,27,44,10,18,4.9,10,7,0,2,21,6,0,119,14.3,1080,16:53,35,31,502,465,51.9,2018
449,Niklas Kronwall\kronwni01,37,DET,D,79,4,23,27,-14,36,3.7,2,2,0,0,10,13,0,76,5.3,1463,18:31,107,82,0,0,,2018
450,Torey Krug\krugto01,26,BOS,D,76,14,45,59,0,36,8.8,8,5,1,4,26,19,0,197,7.1,1551,20:24,73,79,0,0,,2018
451,Marcus Kruger\krugema01,27,CAR,C,48,1,5,6,-6,28,-0.3,1,0,0,0,5,0,0,30,3.3,520,10:50,16,56,159,128,55.4,2018
452,Nikita Kucherov\kucheni01,24,TBL,RW,80,39,61,100,15,42,11.6,31,8,0,7,33,28,0,279,14,1586,19:49,15,31,3,2,60,2018
453,Tom Kuhnhackl\kuhnhto01,26,PIT,RW,69,2,6,8,-6,6,-0.4,2,0,0,1,4,1,1,63,3.2,691,10:01,50,139,2,10,16.7,2018
454,Dean Kukan\kukande01,24,CBJ,D,11,0,4,4,2,2,0.7,0,0,0,0,4,0,0,12,0,136,12:22,10,2,0,0,,2018
455,Brett Kulak\kulakbr01,24,CGY,D,71,2,6,8,-3,27,1.9,2,0,0,0,6,0,0,73,2.7,922,12:59,49,45,0,0,,2018
456,Nikolai Kulemin\kulemni01,31,NYI,LW,13,1,2,3,0,0,0.1,1,0,0,0,2,0,0,7,14.3,155,11:56,15,16,4,6,40,2018
457,Dmitry Kulikov\kulikdm01,27,WPG,D,62,3,8,11,6,22,2.6,3,0,0,1,8,0,0,48,6.3,1058,17:04,78,69,0,0,,2018
458,Luke Kunin\kuninlu01,20,MIN,C,19,2,2,4,-3,13,0.1,1,0,1,0,2,0,0,32,6.3,247,12:59,8,34,24,30,44.4,2018
459,Chris Kunitz\kunitch01,38,TBL,LW,82,13,16,29,8,35,2.6,12,0,1,2,15,1,0,81,16,980,11:57,30,131,7,12,36.8,2018
460,Janne Kuokkanen\kuokkja01,19,CAR,C,4,0,0,0,-3,0,-0.2,0,0,0,0,0,0,0,6,0,44,11:04,1,1,0,0,,2018
461,Sean Kuraly\kuralse01,25,BOS,C,75,6,8,14,-5,40,0.3,6,0,0,1,7,0,1,134,4.5,919,12:15,22,143,335,386,46.5,2018
462,Evgeny Kuznetsov\kuzneev01,25,WSH,C,79,27,56,83,3,48,8.8,19,7,1,8,33,23,0,187,14.4,1486,18:49,26,50,450,568,44.2,2018
463,Kevin Labanc\labanke01,22,SJS,RW,77,11,29,40,-6,32,3.2,7,4,0,3,16,13,0,156,7.1,1105,14:21,23,31,5,11,31.3,2018
464,Andrew Ladd\laddan01,32,NYI,LW,73,12,17,29,11,24,2.4,11,0,1,2,15,1,1,112,10.7,1160,15:54,40,76,1,9,10,2018
465,Paul Ladue\laduepa01,25,LAK,D,12,3,1,4,5,6,1.3,2,1,0,2,1,0,0,13,23.1,168,13:58,11,12,0,0,,2018
466,Brooks Laich\laichbr01,34,LAK,C,12,0,1,1,-5,6,-0.3,0,0,0,0,1,0,0,10,0,134,11:12,5,22,53,56,48.6,2018
467,Patrik Laine\lainepa01,19,WPG,RW,82,44,26,70,8,24,9.6,24,20,0,8,15,11,0,241,18.3,1351,16:29,43,74,11,32,25.6,2018
468,Gabriel Landeskog\landega01,25,COL,LW,78,25,37,62,16,37,7.2,17,8,0,1,27,9,1,183,13.7,1571,20:09,51,149,215,203,51.4,2018
469,Nick Lappin\lappini01,25,NJD,RW,6,1,0,1,2,4,0.2,1,0,0,0,0,0,0,7,14.3,59,09:46,2,8,0,0,,2018
470,Dylan Larkin\larkidy01,21,DET,C,82,16,47,63,-9,61,5.2,13,1,2,4,39,7,1,232,6.9,1627,19:51,42,76,656,658,49.9,2018
471,Adam Larsson\larssad01,25,EDM,D,63,4,9,13,10,34,3.5,4,0,0,1,9,0,0,92,4.3,1382,21:56,140,239,0,0,,2018
472,Johan Larsson\larssjo02,25,BUF,LW,80,4,13,17,-30,49,-0.5,3,0,1,0,12,0,1,86,4.7,1129,14:07,47,117,348,291,54.5,2018
473,Brian Lashoff\lashobr01,27,DET,D,1,0,0,0,0,0,0,0,0,0,0,0,0,0,0,,4,04:02,,0,,,,2018
474,Scott Laughton\laughsc01,23,PHI,C,81,10,10,20,-10,42,1,9,0,1,0,10,0,0,108,9.3,901,11:07,27,126,314,290,52,2018
475,Curtis Lazar\lazarcu01,22,CGY,C,65,2,10,12,-8,23,0.1,2,0,0,1,10,0,0,65,3.1,641,09:51,26,130,48,73,39.7,2018
476,Nick Leddy\leddyni01,26,NYI,D,80,10,32,42,-42,20,2.8,6,4,0,1,22,10,0,153,6.5,1794,22:25,104,95,0,0,,2018
477,Anders Lee\leean01,27,NYI,C,82,40,22,62,-25,44,6.7,26,14,0,2,14,8,0,208,19.2,1416,17:16,38,102,11,5,68.8,2018
478,Artturi Lehkonen\lehkoar01,22,MTL,LW,66,12,9,21,-11,20,1.4,8,3,1,3,8,1,0,164,7.3,1088,16:29,23,71,11,19,36.7,2018
479,Jori Lehtera\lehtejo01,30,PHI,C,62,3,5,8,-8,14,-0.4,2,0,1,0,5,0,0,45,6.7,652,10:31,21,55,85,64,57,2018
480,Taylor Leier\leierta01,23,PHI,LW,39,1,4,5,-7,6,-0.4,1,0,0,0,4,0,0,48,2.1,409,10:29,19,10,3,2,60,2018
481,Brendan Leipsic\leipsbr01,23,TOT,LW,58,5,17,22,-4,14,1.3,5,0,0,1,17,0,0,95,5.3,762,13:08,22,32,8,6,57.1,2018
481,Brendan Leipsic\leipsbr01,23,VEG,LW,44,2,11,13,-1,4,0.6,2,0,0,0,11,0,0,68,2.9,525,11:56,15,27,5,3,62.5,2018
481,Brendan Leipsic\leipsbr01,23,VAN,LW,14,3,6,9,-3,10,0.8,3,0,0,1,6,0,0,27,11.1,237,16:56,7,5,3,3,50,2018
482,Josh Leivo\leivojo01,24,TOR,LW,16,1,3,4,0,6,0.2,1,0,0,0,3,0,0,25,4,169,10:34,5,2,6,3,66.7,2018
483,Brendan Lemieux\lemiebr01,21,WPG,LW,9,1,0,1,2,21,0.2,1,0,0,0,0,0,0,6,16.7,71,07:56,1,12,0,0,,2018
484,Brett Lernout\lernobr01,22,MTL,D,18,0,1,1,-5,6,0,0,0,0,0,0,0,1,14,0,301,16:44,18,56,0,0,,2018
485,Kris Letang\letankr01,30,PIT,D,79,9,42,51,-9,56,7.1,5,4,0,1,25,16,1,222,4.1,2001,01:20,108,109,0,1,0,2018
486,Mark Letestu\letesma01,32,TOT,C,80,9,14,23,-17,10,0.9,4,3,2,1,10,3,1,111,8.1,1028,12:51,32,62,473,414,53.3,2018
486,Mark Letestu\letesma01,32,EDM,C,60,8,11,19,-17,10,0.8,3,3,2,1,7,3,1,95,8.4,785,13:05,25,47,347,302,53.5,2018
486,Mark Letestu\letesma01,32,CBJ,C,20,1,3,4,0,0,0.1,1,0,0,0,3,0,0,16,6.3,243,12:10,7,15,126,112,52.9,2018
487,Vinni Lettieri\lettivi01,22,NYR,C,19,1,4,5,-12,0,-0.2,1,0,0,0,3,1,0,28,3.6,229,12:03,6,22,5,7,41.7,2018
488,Trevor Lewis\lewistr01,31,LAK,C,68,14,12,26,-6,25,2.2,11,1,2,3,10,2,0,134,10.4,1036,15:14,32,125,47,62,43.1,2018
489,Michael Liambas\liambmi01,28,ANA,LW,7,0,1,1,0,21,0,0,0,0,0,1,0,0,3,0,37,05:17,1,15,0,2,0,2018
490,Oscar Lindberg\lindbos02,26,VEG,C,63,9,2,11,-11,14,0.3,9,0,0,0,2,0,0,81,11.1,742,11:47,27,72,99,88,52.9,2018
491,Oskar Lindblom\lindbos01,21,PHI,LW,23,2,4,6,4,8,0.4,2,0,0,1,3,1,0,36,5.6,335,14:35,13,27,0,0,,2018
492,Esa Lindell\lindees01,23,DAL,D,80,7,20,27,19,24,6.7,5,2,0,0,14,6,0,137,5.1,1766,22:05,123,92,0,0,,2018
493,Anton Lindholm\lindhan01,23,COL,D,48,0,4,4,4,14,1.3,0,0,0,0,4,0,0,22,0,632,13:10,51,99,0,0,,2018
494,Elias Lindholm\lindhel01,23,CAR,C,81,16,28,44,-8,18,3.6,10,6,0,4,24,3,1,153,10.5,1449,17:54,41,98,432,361,54.5,2018
495,Hampus Lindholm\lindhha01,24,ANA,D,69,13,18,31,16,34,7.2,10,3,0,3,13,5,0,131,9.9,1569,22:44,97,93,0,0,,2018
496,Bryan Little\littlbr01,30,WPG,RW,82,16,27,43,2,28,3.6,14,2,0,2,17,10,0,129,12.4,1389,16:56,33,50,732,574,56,2018
497,Ryan Lomberg\lombery01,23,CGY,LW,7,0,1,1,0,15,0,0,0,0,0,1,0,0,5,0,44,06:15,1,11,0,2,0,2018
498,Ben Lovejoy\lovejbe01,33,NJD,D,57,2,6,8,7,25,2.6,2,0,0,0,5,0,1,74,2.7,946,16:35,86,84,0,0,,2018
499,Keegan Lowe\loweke02,24,EDM,D,2,0,0,0,-1,0,-0.1,0,0,0,0,0,0,0,4,0,28,13:54,1,1,0,0,,2018
500,Adam Lowry\lowryad01,24,WPG,LW,45,8,13,21,9,8,2.1,7,1,0,1,12,1,0,70,11.4,670,14:54,28,124,375,296,55.9,2018
501,Milan Lucic\lucicmi01,29,EDM,LW,82,10,24,34,-12,80,1.8,7,3,0,1,20,4,0,147,6.8,1309,15:58,25,254,29,23,55.8,2018
502,Olli Maatta\maattol01,23,PIT,D,82,7,22,29,-1,28,4.9,7,0,0,3,14,8,0,164,4.3,1538,18:45,115,131,0,0,,2018
503,Kurtis MacDermid\macdeku01,23,LAK,D,34,1,3,4,-4,57,0.7,1,0,0,0,3,0,0,19,5.3,395,11:36,27,77,0,0,,2018
504,Andrew MacDonald\macdoan01,31,PHI,D,66,6,15,21,8,30,4.3,6,0,0,2,14,0,1,82,7.3,1310,19:51,131,36,0,0,,2018
505,Derek MacKenzie\mackede01,36,FLA,C,75,3,11,14,-9,31,-0.1,2,0,1,0,8,0,3,86,3.5,848,11:18,45,124,315,290,52.1,2018
506,Nathan MacKinnon\mackina01,22,COL,C,74,39,58,97,11,55,12.2,27,12,0,12,37,20,1,284,13.7,1473,19:54,22,38,484,672,41.9,2018
507,Denis Malgin\malgide01,21,FLA,C,51,11,11,22,4,6,2.3,10,1,0,3,6,5,0,79,13.9,707,13:51,24,48,52,70,42.6,2018
508,Evgeni Malkin\malkiev01,31,PIT,C,78,42,56,98,16,87,12.4,28,14,0,7,32,24,0,239,17.6,1481,18:59,32,48,460,592,43.7,2018
509,Brad Malone\malonbr01,28,EDM,C,7,0,0,0,0,6,-0.1,0,0,0,0,0,0,0,9,0,56,07:59,3,19,21,10,67.7,2018
510,Maxim Mamin\maminma01,23,FLA,C,26,3,1,4,2,7,0.3,3,0,0,1,1,0,0,28,10.7,274,10:31,9,51,0,1,0,2018
511,Andrew Mangiapane\mangian01,21,CGY,LW,10,0,0,0,-3,2,-0.3,0,0,0,0,0,0,0,7,0,89,08:56,4,9,1,0,100,2018
512,Brandon Manning\mannibr01,27,PHI,D,65,7,12,19,0,56,3.5,7,0,0,2,11,1,0,111,6.3,1167,17:57,76,113,0,0,,2018
513,Josh Manson\mansojo01,26,ANA,D,80,7,30,37,34,62,8.6,7,0,0,2,29,0,1,117,6,1628,20:21,99,180,0,1,0,2018
514,Anthony Mantha\manthan01,23,DET,RW,80,24,24,48,-1,52,5.2,15,9,0,2,21,3,0,190,12.6,1384,17:18,36,91,17,35,32.7,2018
515,Brad Marchand\marchbr03,29,BOS,LW,68,34,51,85,25,63,11,25,8,1,8,33,15,3,182,18.7,1341,19:43,25,37,50,76,39.7,2018
516,Jonathan Marchessault\audymjo01,27,VEG,C,77,27,48,75,36,40,9.6,21,6,0,6,38,10,0,268,10.1,1348,17:30,26,99,264,343,43.5,2018
517,Martin Marincin\marinma01,25,TOR,D,2,0,0,0,-2,2,-0.1,0,0,0,0,0,0,0,0,,33,16:41,4,1,0,0,,2018
518,Patrick Marleau\marlepa01,38,TOR,C,82,27,20,47,1,16,5.2,22,5,0,5,16,4,0,203,13.3,1393,16:59,26,85,157,144,52.2,2018
519,Mitch Marner\marnemi01,20,TOR,C,82,22,47,69,-1,26,7,14,8,0,2,28,19,0,194,11.3,1344,16:23,25,31,50,45,52.6,2018
520,Pat Maroon\maroopa01,29,TOT,LW,74,17,26,43,1,73,4.2,16,1,0,4,20,6,0,141,12.1,1224,16:32,14,150,11,13,45.8,2018
520,Pat Maroon\maroopa01,29,EDM,LW,57,14,16,30,5,60,3.1,14,0,0,3,13,3,0,121,11.6,973,17:04,13,119,9,10,47.4,2018
520,Pat Maroon\maroopa01,29,NJD,LW,17,3,10,13,-4,13,1.1,2,1,0,1,7,3,0,20,15,251,14:46,1,31,2,3,40,2018
521,Danick Martel\marteda01,23,PHI,LW,4,0,0,0,-1,0,-0.1,0,0,0,0,0,0,0,6,0,41,10:13,9,2,0,0,,2018
522,Matt Martin\martima02,28,TOR,LW,50,3,9,12,0,50,0.8,3,0,0,0,9,0,0,46,6.5,399,07:59,9,147,12,4,75,2018
523,Paul Martin\martipa01,36,SJS,D,14,0,2,2,3,2,0.7,0,0,0,0,2,0,0,6,0,207,14:46,17,8,0,0,,2018
524,Alec Martinez\martial01,30,LAK,D,77,9,16,25,3,34,5.9,7,2,0,0,6,9,1,111,8.1,1760,22:52,206,100,0,1,0,2018
525,Jordan Martinook\martijo01,25,ARI,LW,81,6,9,15,-24,45,-0.4,6,0,0,1,8,0,1,112,5.4,1135,14:01,42,128,39,68,36.4,2018
526,Andreas Martinsen\martian01,27,CHI,LW,9,1,0,1,-1,17,0,1,0,0,0,0,0,0,14,7.1,114,12:38,4,35,0,0,,2018
527,Mike Matheson\mathemi01,23,FLA,D,81,10,17,27,-1,61,5.1,9,1,0,2,13,3,1,167,6,1728,21:20,137,53,0,0,,2018
528,Stefan Matteau\mattest02,23,VEG,LW,8,0,1,1,0,0,0,0,0,0,0,1,0,0,8,0,66,08:12,1,8,1,1,50,2018
529,Auston Matthews\matthau01,20,TOR,C,62,34,29,63,25,12,9,29,5,0,5,21,8,0,187,18.2,1124,18:08,61,16,375,313,54.5,2018
530,Shawn Matthias\matthsh01,29,WPG,C,27,1,2,3,-1,10,-0.2,1,0,0,0,2,0,0,26,3.8,302,11:10,14,22,12,16,42.9,2018
531,Scott Mayfield\mayfisc01,25,NYI,D,47,2,10,12,-6,45,1.3,2,0,0,0,10,0,0,58,3.4,839,17:51,73,77,0,0,,2018
532,Charlie McAvoy\mcavoch01,20,BOS,D,63,7,25,32,20,53,6.8,5,2,0,2,20,5,0,77,9.1,1395,22:09,80,133,0,0,,2018
533,Jake McCabe\mccabja01,24,BUF,D,53,3,9,12,-11,26,2.2,2,1,0,0,9,0,0,53,5.7,1034,19:30,79,110,0,1,0,2018
534,Jared McCann\mccanja01,21,FLA,C,68,9,19,28,11,30,2.6,8,1,0,4,18,0,1,143,6.3,901,13:15,32,43,212,338,38.5,2018
535,Michael McCarron\mccarmi01,22,MTL,RW,18,0,1,1,-1,32,-0.2,0,0,0,0,1,0,0,15,0,158,08:46,14,61,60,63,48.8,2018
536,Max McCormick\mccorma01,25,OTT,LW,30,3,2,5,-5,37,0.2,3,0,0,0,2,0,0,33,9.1,251,08:21,8,56,9,12,42.9,2018
537,Ian McCoshen\mccosia01,22,FLA,D,38,3,1,4,-10,25,0.4,3,0,0,1,1,0,0,26,11.5,573,15:05,43,71,0,0,,2018
538,Connor McDavid\mcdavco01,21,EDM,C,82,41,67,108,20,26,13.1,35,5,1,7,49,15,3,274,15,1767,21:33,46,28,376,533,41.4,2018
539,Ryan McDonagh\mcdonry01,28,TOT,D,63,4,25,29,8,20,5.3,3,1,0,0,16,8,1,99,4,1470,23:20,163,71,0,0,,2018
539,Ryan McDonagh\mcdonry01,28,NYR,D,49,2,24,26,7,20,4.7,1,1,0,0,16,8,0,77,2.6,1172,23:55,129,53,0,0,,2018
539,Ryan McDonagh\mcdonry01,28,TBL,D,14,2,1,3,1,0,0.6,2,0,0,0,0,0,1,22,9.1,298,21:17,34,18,0,0,,2018
540,Brock McGinn\mcginbr01,23,CAR,LW,80,16,14,30,-12,22,2.5,13,2,1,1,13,1,0,159,10.1,1160,14:30,17,137,17,20,45.9,2018
541,Jamie McGinn\mcginja01,29,FLA,LW,76,13,16,29,-5,33,2.3,9,4,0,0,14,2,0,116,11.2,1023,13:27,22,120,7,19,26.9,2018
542,Greg McKegg\mckeggr01,25,PIT,C,26,2,2,4,-4,8,0,1,0,1,0,2,0,0,21,9.5,252,09:41,10,19,115,118,49.4,2018
543,Curtis McKenzie\mckencu01,26,DAL,LW,7,0,2,2,3,11,0.2,0,0,0,0,2,0,0,11,0,57,08:06,1,8,0,1,0,2018
544,Roland McKeown\mckeoro01,22,CAR,D,10,0,3,3,3,19,0.7,0,0,0,0,3,0,0,7,0,134,13:25,5,3,0,0,,2018
545,Cody McLeod\mcleoco01,33,TOT,LW,48,1,3,4,-11,111,-0.5,1,0,0,0,3,0,0,36,2.8,354,07:23,19,131,0,0,,2018
545,Cody McLeod\mcleoco01,33,NYR,LW,25,0,2,2,-11,39,-0.5,0,0,0,0,2,0,0,25,0,198,07:54,9,76,0,0,,2018
545,Cody McLeod\mcleoco01,33,NSH,LW,23,1,1,2,0,72,0,1,0,0,0,1,0,0,11,9.1,157,06:49,10,55,0,0,,2018
546,Brayden McNabb\mcnabbr01,27,VEG,D,76,5,10,15,26,52,5.2,5,0,0,1,10,0,0,88,5.7,1532,20:09,176,225,0,0,,2018
547,Adam McQuaid\mcquaad01,31,BOS,D,38,1,3,4,-1,62,1,1,0,0,1,3,0,0,39,2.6,597,15:42,56,80,0,0,,2018
548,Wade Megan\meganwa01,27,STL,C,1,0,0,0,0,0,0,0,0,0,0,0,0,0,1,0,8,08:21,0,0,1,1,50,2018
549,Jaycob Megna\megnaja02,25,ANA,D,14,0,1,1,-4,2,0,0,0,0,0,1,0,0,7,0,220,15:43,30,6,0,0,,2018
550,Jayson Megna\megnaja01,27,VAN,C,1,0,0,0,0,0,0,0,0,0,0,0,0,0,0,,4,04:18,0,0,0,2,0,2018
551,Timo Meier\meierti01,21,SJS,RW,81,21,15,36,2,51,4,18,3,0,4,14,1,0,210,10,1204,14:52,48,105,71,75,48.6,2018
552,Nicholas Merkley\merklni01,20,ARI,RW,1,0,0,0,0,2,0,0,0,0,0,0,0,0,0,,14,13:30,0,0,0,0,,2018
553,Dakota Mermis\mermida01,24,ARI,D,9,0,0,0,-2,0,0,0,0,0,0,0,0,0,7,0,99,10:59,6,5,0,0,,2018
554,Jonathon Merrill\merrijo01,25,VEG,D,34,1,2,3,7,22,1.4,1,0,0,1,2,0,0,30,3.3,547,16:05,42,35,0,0,,2018
555,Victor Mete\metevi01,19,MTL,D,49,0,7,7,5,4,2,0,0,0,0,3,4,0,43,0,764,15:35,71,1,0,0,,2018
556,Marc Methot\methoma01,32,DAL,D,36,1,2,3,11,31,1.9,1,0,0,0,2,0,0,25,4,644,17:53,52,77,0,0,,2018
557,Sonny Milano\milanso01,21,CBJ,LW,55,14,8,22,-8,10,2.3,14,0,0,3,4,4,0,69,20.3,641,11:39,11,28,0,0,,2018
558,Colin Miller\milleco02,25,VEG,D,82,10,31,41,-4,53,6.1,5,5,0,2,18,12,1,177,5.6,1586,19:21,64,165,1,0,100,2018
559,J.T. Miller\millejt01,24,TOT,C,82,23,35,58,-4,40,5.9,12,11,0,5,28,7,0,143,16.1,1396,17:01,26,124,437,368,54.3,2018
559,J.T. Miller\millejt01,24,NYR,C,63,13,27,40,-1,28,3.8,7,6,0,4,21,6,0,98,13.3,1050,16:40,22,83,329,277,54.3,2018
559,J.T. Miller\millejt01,24,TBL,C,19,10,8,18,-3,12,2,5,5,0,1,7,1,0,45,22.2,346,18:11,4,41,108,91,54.3,2018
560,Kevan Miller\milleke03,30,BOS,D,68,1,15,16,16,70,4.1,1,0,0,0,13,0,2,64,1.6,1323,19:28,111,164,0,0,,2018
561,Andrei Mironov\mironan01,23,COL,D,10,1,2,3,2,12,0.7,1,0,0,0,2,0,0,3,33.3,110,11:03,16,19,0,0,,2018
562,Torrey Mitchell\mitchto01,33,TOT,C,60,6,5,11,-5,30,0.5,6,0,0,0,4,0,1,55,10.9,684,11:24,29,53,194,197,49.6,2018
562,Torrey Mitchell\mitchto01,33,LAK,C,49,6,5,11,-5,28,0.6,6,0,0,0,4,0,1,47,12.8,582,11:53,23,47,168,182,48,2018
562,Torrey Mitchell\mitchto01,33,MTL,C,11,0,0,0,0,2,-0.2,0,0,0,0,0,0,0,8,0,102,09:18,6,6,26,15,63.4,2018
563,Zack Mitchell\mitchza01,25,MIN,RW,23,3,2,5,-2,4,0.3,2,1,0,1,2,0,0,17,17.6,242,10:32,10,26,15,16,48.4,2018
564,Casey Mittelstadt\mitteca01,19,BUF,C,6,1,4,5,1,2,0.6,0,1,0,0,4,0,0,9,11.1,84,14:01,2,2,17,19,47.2,2018
565,Sean Monahan\monahse01,23,CGY,C,74,31,33,64,3,24,7.7,22,9,0,11,23,10,0,202,15.3,1382,18:41,17,35,709,698,50.4,2018
566,Brandon Montour\montobr01,23,ANA,D,80,9,23,32,16,42,6.9,3,5,1,5,15,7,1,160,5.6,1638,20:28,83,96,0,0,,2018
567,Dominic Moore\mooredo01,37,TOR,C,50,6,6,12,3,16,1.1,6,0,0,0,5,0,1,46,13,515,10:18,19,41,196,165,54.3,2018
568,John Moore\moorejo01,27,NJD,D,81,7,11,18,3,47,4.5,6,0,1,2,9,2,0,141,5,1621,20:01,105,135,0,0,,2018
569,Samuel Morin\morinsa01,22,PHI,D,2,0,0,0,1,4,0.1,0,0,0,0,0,0,0,1,0,32,15:49,1,7,0,0,,2018
570,Josh Morrissey\morrijo04,22,WPG,D,81,7,19,26,15,47,5.6,7,0,0,0,18,1,0,102,6.9,1657,20:27,168,139,1,1,50,2018
571,Joseph Morrow\morrojo02,25,TOT,D,56,6,10,16,-4,26,2.9,5,1,0,0,6,4,0,83,7.2,937,16:44,67,79,0,0,,2018
571,Joseph Morrow\morrojo02,25,MTL,D,38,5,6,11,-11,26,1.6,4,1,0,0,2,4,0,58,8.6,676,17:47,50,63,0,0,,2018
571,Joseph Morrow\morrojo02,25,WPG,D,18,1,4,5,7,0,1.3,1,0,0,0,4,0,0,25,4,261,14:30,17,16,0,0,,2018
572,Tyler Motte\mottety01,22,TOT,C,46,5,2,7,-4,6,0.2,5,0,0,0,2,0,0,64,7.8,516,11:13,27,93,6,16,27.3,2018
572,Tyler Motte\mottety01,22,CBJ,C,31,3,2,5,-3,2,0.2,3,0,0,0,2,0,0,42,7.1,308,09:56,14,46,5,9,35.7,2018
572,Tyler Motte\mottety01,22,VAN,C,15,2,0,2,-1,4,0.1,2,0,0,0,0,0,0,22,9.1,208,13:53,13,47,1,7,12.5,2018
573,Matt Moulson\moulsma01,34,BUF,LW,14,0,0,0,-9,2,-0.5,0,0,0,0,0,0,0,13,0,144,10:17,8,8,0,0,,2018
574,Mirco Mueller\muellmi01,22,NJD,D,28,0,4,4,1,4,1,0,0,0,0,2,0,2,19,0,467,16:41,42,15,0,0,,2018
575,Connor Murphy\murphco02,24,CHI,D,76,2,12,14,-3,34,2.7,2,0,0,0,12,0,0,109,1.8,1244,16:22,101,138,0,0,,2018
576,Ryan Murphy\murphry01,24,MIN,D,21,2,3,5,8,16,1.7,1,1,0,0,3,0,0,25,8,399,19:01,19,5,0,0,,2018
577,Trevor Murphy\murphtr01,22,ARI,D,8,1,2,3,5,0,1,1,0,0,0,2,0,0,5,20,114,14:14,9,6,0,0,,2018
578,Ryan Murray\murrary01,24,CBJ,D,44,1,11,12,4,8,2.3,1,0,0,0,11,0,0,34,2.9,811,18:26,75,31,0,0,,2018
579,Jake Muzzin\muzzija01,28,LAK,D,74,8,34,42,10,40,7.9,4,4,0,1,23,10,1,154,5.2,1602,21:39,123,170,0,0,,2018
580,Tyler Myers\myersty01,27,WPG,D,82,6,30,36,9,48,6.2,2,3,1,3,16,14,0,150,4,1757,21:26,119,68,0,0,,2018
581,Vladislav Namestnikov\namesvl01,25,TOT,C,81,22,26,48,6,45,4.7,13,9,0,2,19,7,0,155,14.2,1384,17:05,44,79,285,337,45.8,2018
581,Vladislav Namestnikov\namesvl01,25,TBL,C,62,20,24,44,11,35,4.8,12,8,0,2,17,7,0,127,15.7,1085,17:30,38,60,227,253,47.3,2018
581,Vladislav Namestnikov\namesvl01,25,NYR,C,19,2,2,4,-5,10,0,1,1,0,0,2,0,0,28,7.1,299,15:43,6,19,58,84,40.8,2018
582,Rick Nash\nashri01,33,TOT,LW,71,21,13,34,-12,28,3.3,16,5,0,2,11,2,0,230,9.1,1211,17:03,42,51,4,15,21.1,2018
582,Rick Nash\nashri01,33,NYR,LW,60,18,10,28,-8,24,2.8,15,3,0,2,9,1,0,189,9.5,1026,17:06,37,45,4,13,23.5,2018
582,Rick Nash\nashri01,33,BOS,LW,11,3,3,6,-4,4,0.5,1,2,0,0,2,1,0,41,7.3,185,16:51,5,6,0,2,0,2018
583,Riley Nash\nashri02,28,BOS,C,76,15,26,41,16,18,4.4,13,2,0,1,25,1,0,113,13.3,1171,15:25,67,86,459,490,48.4,2018
584,James Neal\nealja01,30,VEG,LW,71,25,19,44,-11,24,4.6,20,5,0,6,15,4,0,202,12.4,1219,17:11,30,44,0,2,0,2018
585,Martin Necas\necasma01,19,CAR,C,1,0,0,0,0,0,0,0,0,0,0,0,0,0,0,,7,06:54,0,0,0,4,0,2018
586,Brock Nelson\nelsobr01,26,NYI,C,82,19,16,35,-4,43,3,15,4,0,3,12,4,0,138,13.8,1208,14:44,52,50,389,416,48.3,2018
587,Casey Nelson\nelsoca01,25,BUF,D,37,3,5,8,-14,8,1.1,2,0,1,0,4,0,1,48,6.3,695,18:47,37,31,0,0,,2018
588,Patrik Nemeth\nemetpa01,25,COL,D,68,3,12,15,27,41,5.1,3,0,0,0,10,0,2,73,4.1,1350,19:51,185,66,0,3,0,2018
589,Aaron Ness\nessaa01,27,WSH,D,8,0,1,1,2,8,0.3,0,0,0,0,1,0,0,2,0,102,12:44,8,1,0,0,,2018
590,Nino Niederreiter\niedeni01,25,MIN,RW,63,18,14,32,14,36,4,11,7,0,4,13,1,0,133,13.5,945,15:00,20,58,15,18,45.5,2018
591,Frans Nielsen\nielsfr01,33,DET,C,79,16,17,33,1,14,3.1,10,4,2,3,13,3,1,134,11.9,1250,15:50,62,49,483,558,46.4,2018
592,Matthew Nieto\nietoma01,25,COL,LW,74,15,11,26,6,14,2.7,14,0,1,1,11,0,0,84,17.9,1103,14:55,56,27,4,9,30.8,2018
593,Boo Nieves\nievecr01,24,NYR,C,28,1,8,9,6,12,0.8,1,0,0,0,8,0,0,23,4.3,286,10:12,19,30,97,122,44.3,2018
594,Sami Niku\nikusa01,21,WPG,D,1,1,0,1,0,0,0.2,1,0,0,0,0,0,0,2,50,15,15:13,3,0,0,0,,2018
595,Matt Niskanen\niskama01,31,WSH,D,68,7,22,29,24,36,6.6,7,0,0,1,21,0,1,120,5.8,1537,22:36,98,117,0,0,,2018
596,Stefan Noesen\noesest01,24,NJD,RW,72,13,14,27,12,36,3.2,13,0,0,4,14,0,0,127,10.2,957,13:17,41,112,20,35,36.4,2018
597,Jordan Nolan\nolanjo01,28,BUF,C,69,4,4,8,-13,69,-0.2,4,0,0,0,4,0,0,50,8,676,09:48,17,123,1,3,25,2018
598,Joakim Nordstrom\nordsjo02,25,CAR,C,75,2,5,7,-11,6,-0.7,2,0,0,0,5,0,0,97,2.1,793,10:34,41,107,36,41,46.8,2018
599,Tomas Nosek\nosekto01,25,VEG,C,67,7,8,15,6,14,1.2,6,0,1,0,7,0,1,92,7.6,743,11:06,24,53,35,30,53.8,2018
600,Ryan Nugent-Hopkins\nugenry01,24,EDM,C,62,24,24,48,10,20,5.9,18,4,2,2,18,5,1,151,15.9,1122,18:05,39,44,374,393,48.8,2018
601,Darnell Nurse\nurseda01,22,EDM,D,82,6,20,26,15,67,5.8,6,0,0,2,20,0,0,194,3.1,1824,22:15,153,161,0,0,,2018
602,Markus Nutivaara\nutivma01,23,CBJ,D,61,7,16,23,13,14,4.9,6,1,0,1,15,1,0,79,8.9,978,16:02,40,42,0,0,,2018
603,Alexander Nylander\nylanal01,19,BUF,LW,3,1,0,1,-3,0,0,1,0,0,0,0,0,0,2,50,39,12:52,0,0,0,0,,2018
604,William Nylander\nylanwi01,21,TOR,C,82,20,41,61,20,10,6.7,15,5,0,8,34,7,0,184,10.9,1368,16:41,18,21,334,316,51.4,2018
605,Gustav Nyquist\nyquigu01,28,DET,RW,82,21,19,40,-2,20,3.9,18,3,0,2,14,5,0,213,9.9,1464,17:51,36,65,6,7,46.2,2018
606,Jim O'Brien\obrieji01,29,OTT,C,10,0,1,1,-1,0,-0.1,0,0,0,0,1,0,0,11,0,88,08:45,5,10,27,37,42.2,2018
607,Liam O'Brien\obrieli01,23,WSH,C,3,0,0,0,0,5,0,0,0,0,0,0,0,0,1,0,21,06:55,0,4,0,2,0,2018
608,Rob O'Gara\ogararo01,24,TOT,D,30,0,3,3,-7,6,0.2,0,0,0,0,3,0,0,21,0,465,15:31,44,42,0,0,,2018
608,Rob O'Gara\ogararo01,24,NYR,D,22,0,3,3,-2,6,0.5,0,0,0,0,3,0,0,19,0,378,17:10,34,32,0,0,,2018
608,Rob O'Gara\ogararo01,24,BOS,D,8,0,0,0,-5,0,-0.3,0,0,0,0,0,0,0,2,0,88,10:59,10,10,0,0,,2018
609,Will O'Neill\oneilwi01,29,PHI,D,1,0,0,0,0,0,0,0,0,0,0,0,0,0,3,0,9,09:25,0,0,0,0,,2018
610,Danny O'Regan\oregada01,24,TOT,C,21,0,4,4,-2,2,0,0,0,0,0,3,1,0,17,0,209,09:58,6,5,58,62,48.3,2018
610,Danny O'Regan\oregada01,24,SJS,C,19,0,4,4,-3,2,0,0,0,0,0,3,1,0,17,0,190,09:59,6,5,56,58,49.1,2018
610,Danny O'Regan\oregada01,24,BUF,C,2,0,0,0,1,0,0,0,0,0,0,0,0,0,0,,20,09:54,0,0,2,4,33.3,2018
611,Cal O'Reilly\oreilca01,31,MIN,C,1,0,0,0,0,0,0,0,0,0,0,0,0,0,1,0,8,08:16,1,0,2,3,40,2018
612,Ryan O'Reilly\oreilry01,26,BUF,C,81,24,37,61,-23,2,5.7,9,15,0,3,25,8,4,230,10.4,1686,20:49,48,42,1273,850,60,2018
613,Johnny Oduya\oduyajo01,36,TOT,D,52,4,4,8,1,32,2.2,4,0,0,0,4,0,0,59,6.8,890,17:07,76,50,0,0,,2018
613,Johnny Oduya\oduyajo01,36,OTT,D,51,4,4,8,2,32,2.3,4,0,0,0,4,0,0,58,6.9,877,17:12,75,49,0,0,,2018
613,Johnny Oduya\oduyajo01,36,PHI,D,1,0,0,0,-1,0,-0.1,0,0,0,0,0,0,0,1,0,12,12:22,1,1,0,0,,2018
614,Jordan Oesterle\oestejo01,25,CHI,D,55,5,10,15,-11,8,2.4,4,1,0,0,8,2,0,99,5.1,1128,20:31,97,62,0,0,,2018
615,Kyle Okposo\okposky01,29,BUF,RW,76,15,29,44,-34,40,3.1,9,6,0,2,14,15,0,161,9.3,1294,17:02,34,70,23,27,46,2018
616,Jamie Oleksiak\oleksja01,25,TOT,D,68,5,12,17,7,87,3.8,4,1,0,1,12,0,0,81,6.2,1133,16:40,76,174,0,0,,2018
616,Jamie Oleksiak\oleksja01,25,PIT,D,47,4,10,14,13,69,3.5,3,1,0,1,10,0,0,64,6.3,818,17:24,53,138,0,0,,2018
616,Jamie Oleksiak\oleksja01,25,DAL,D,21,1,2,3,-6,18,0.2,1,0,0,0,2,0,0,17,5.9,315,15:00,23,36,0,0,,2018
617,Gustav Olofsson\olofsgu01,23,MIN,D,41,0,8,8,0,14,1.2,0,0,0,0,8,0,0,22,0,524,12:46,44,23,0,0,,2018
618,Dmitry Orlov\orlovdm01,26,WSH,D,82,10,21,31,10,22,6.2,10,0,0,2,17,4,0,125,8,1897,23:08,116,128,0,0,,2018
619,Brooks Orpik\orpikbr01,37,WSH,D,81,0,10,10,-9,68,1.3,0,0,0,0,10,0,0,54,0,1569,19:22,168,218,0,0,,2018
620,T.J. Oshie\oshietj01,31,WSH,C,74,18,29,47,2,31,4.4,9,9,0,3,20,9,0,127,14.2,1362,18:25,54,124,101,110,47.9,2018
621,Xavier Ouellet\ouellxa01,24,DET,D,45,0,7,7,-3,6,1.2,0,0,0,0,7,0,0,57,0,624,13:51,43,36,0,0,,2018
622,Alex Ovechkin\ovechal01,32,WSH,LW,82,49,38,87,3,32,11.2,32,17,0,7,24,14,0,355,13.8,1652,20:09,21,139,3,5,37.5,2018
623,Magnus Paajarvi\paajama01,26,TOT,LW,79,8,4,12,-11,12,0.1,8,0,0,0,4,0,0,126,6.3,984,12:27,42,104,2,6,25,2018
623,Magnus Paajarvi\paajama01,26,STL,LW,44,2,2,4,-3,8,-0.3,2,0,0,0,2,0,0,58,3.4,491,11:09,14,55,1,6,14.3,2018
623,Magnus Paajarvi\paajama01,26,OTT,LW,35,6,2,8,-8,4,0.3,6,0,0,0,2,0,0,68,8.8,493,14:05,28,49,1,0,100,2018
624,Max Pacioretty\pacioma01,29,MTL,LW,64,17,20,37,-16,30,3.2,10,6,1,4,11,9,0,212,8,1217,19:01,27,118,7,13,35,2018
625,Jean-Gabriel Pageau\pageaje01,25,OTT,C,78,14,15,29,-14,36,1.7,12,1,1,2,14,1,0,147,9.5,1306,16:44,69,131,580,553,51.2,2018
626,Iiro Pakarinen\pakarii01,26,EDM,RW,40,2,1,3,1,6,-0.2,2,0,0,0,1,0,0,50,4,408,10:12,17,72,1,5,16.7,2018
627,Ondrej Palat\palaton01,26,TBL,LW,56,11,24,35,16,6,3.4,6,4,1,0,19,5,0,109,10.1,952,17:00,48,80,7,24,22.6,2018
628,Kyle Palmieri\palmiky01,26,NJD,RW,62,24,20,44,-1,30,5.4,13,11,0,5,8,12,0,181,13.3,1073,17:19,50,94,25,50,33.3,2018
629,Artemi Panarin\panarar01,26,CBJ,LW,81,27,55,82,23,26,9.4,20,7,0,5,41,14,0,228,11.8,1631,20:08,19,15,0,7,0,2018
630,Richard Panik\panikri01,26,TOT,RW,72,14,21,35,7,38,3.6,10,4,0,0,19,2,0,136,10.3,1094,15:12,37,137,4,8,33.3,2018
630,Richard Panik\panikri01,26,CHI,RW,37,6,10,16,3,26,1.5,3,3,0,0,10,0,0,70,8.6,529,14:18,22,73,1,2,33.3,2018
630,Richard Panik\panikri01,26,ARI,RW,35,8,11,19,4,12,2.1,7,1,0,0,9,2,0,66,12.1,565,16:08,15,64,3,6,33.3,2018
631,Cedric Paquette\paquece01,24,TBL,C,56,5,4,9,-5,41,0.1,5,0,0,2,3,1,0,64,7.8,572,10:12,32,112,234,265,46.9,2018
632,Colton Parayko\parayco01,24,STL,D,82,6,29,35,-7,13,5.6,4,2,0,0,22,7,0,212,2.8,1854,22:37,141,120,0,0,,2018
633,Zach Parise\parisza01,33,MIN,LW,42,15,9,24,0,14,2.7,13,2,0,4,8,1,0,119,12.6,717,17:05,37,26,5,7,41.7,2018
634,David Pastrnak\pastrda01,21,BOS,RW,82,35,45,80,10,37,9.7,22,13,0,5,32,13,0,246,14.2,1473,17:58,31,55,5,20,20,2018
635,Greg Pateryn\patergr01,27,DAL,D,73,1,12,13,6,50,3.3,1,0,0,0,12,0,0,100,1,1432,19:37,148,155,0,0,,2018
636,Nolan Patrick\patrino01,19,PHI,C,73,13,17,30,1,30,2.6,8,5,0,2,14,3,0,127,10.2,1002,13:43,19,48,376,367,50.6,2018
637,Nick Paul\paulni01,22,OTT,LW,11,1,0,1,-4,0,-0.1,1,0,0,0,0,0,0,11,9.1,87,07:54,4,16,1,3,25,2018
638,Joe Pavelski\paveljo01,33,SJS,C,82,22,44,66,0,41,6.4,15,7,0,1,28,16,0,224,9.8,1579,19:15,70,93,500,411,54.9,2018
639,Tanner Pearson\pearsta01,25,LAK,LW,82,15,25,40,11,27,4,13,2,0,4,22,3,0,180,8.3,1309,15:58,36,116,36,37,49.3,2018
640,Matthew Peca\pecama01,24,TBL,C,10,2,3,5,6,0,0.7,2,0,0,0,3,0,0,17,11.8,137,13:40,8,11,78,59,56.9,2018
641,Adam Pelech\pelecad01,23,NYI,D,78,3,16,19,7,28,3.4,3,0,0,1,13,2,1,106,2.8,1503,19:16,142,100,0,0,,2018
642,Anthony Peluso\pelusan01,28,WSH,RW,2,0,0,0,0,4,0,0,0,0,0,0,0,0,0,,9,04:39,0,4,0,0,,2018
643,Brendan Perlini\perlibr01,21,ARI,LW,74,17,13,30,-2,28,3.2,12,5,0,1,7,6,0,129,13.2,1074,14:31,34,83,5,6,45.5,2018
644,Mathieu Perreault\perrema01,30,WPG,C,70,17,22,39,4,38,4.1,11,6,0,2,13,8,1,139,12.2,1012,14:28,25,120,33,26,55.9,2018
645,David Perron\perroda01,29,VEG,LW,70,16,50,66,1,50,6.4,15,1,0,4,33,17,0,125,12.8,1247,17:49,20,118,96,142,40.3,2018
646,Corey Perry\perryco01,32,ANA,RW,71,17,32,49,-4,71,4.5,13,4,0,1,25,7,0,168,10.1,1262,17:47,36,59,2,14,12.5,2018
647,Brett Pesce\pescebr01,23,CAR,D,65,3,16,19,-6,18,3.4,3,0,0,1,16,0,0,88,3.4,1359,20:54,101,57,0,1,0,2018
648,Nic Petan\petanni01,22,WPG,C,15,2,0,2,0,6,0.2,2,0,0,1,0,0,0,16,12.5,126,08:25,4,4,12,13,48,2018
649,Alexander Petrovic\petroal01,25,FLA,D,67,2,11,13,-2,98,2.2,2,0,0,1,11,0,0,60,3.3,982,14:39,74,142,0,0,,2018
650,Jeff Petry\petryje01,30,MTL,D,82,12,30,42,-30,28,5.5,6,6,0,2,13,17,0,178,6.7,1927,23:30,138,167,0,1,0,2018
651,Marcus Pettersson\pettema01,21,ANA,D,22,1,3,4,5,6,1.2,1,0,0,0,2,1,0,16,6.3,299,13:37,27,18,0,0,,2018
652,Dion Phaneuf\phanedi01,32,TOT,D,79,6,20,26,-15,49,3.8,2,4,0,0,13,7,0,134,4.5,1580,20:00,154,161,0,0,,2018
652,Dion Phaneuf\phanedi01,32,OTT,D,53,3,13,16,-8,34,2.4,2,1,0,0,10,3,0,86,3.5,1074,20:15,114,108,0,0,,2018
652,Dion Phaneuf\phanedi01,32,LAK,D,26,3,7,10,-7,15,1.4,0,3,0,0,3,4,0,48,6.3,506,19:28,40,53,0,0,,2018
653,Blake Pietila\pietibl01,24,NJD,LW,2,0,0,0,0,0,0,0,0,0,0,0,0,0,1,0,19,09:28,0,5,0,0,,2018
654,Alex Pietrangelo\pietral01,28,STL,D,78,15,39,54,8,22,9.8,12,3,0,5,28,10,1,216,6.9,2007,01:44,164,48,0,0,,2018
655,Neal Pionk\pionkne01,22,NYR,D,28,1,13,14,-1,12,2.1,1,0,0,0,8,5,0,54,1.9,627,22:23,41,49,0,0,,2018
656,Brandon Pirri\pirribr01,26,VEG,C,2,3,0,3,3,0,0.7,3,0,0,0,0,0,0,11,27.3,35,17:37,0,2,1,1,50,2018
657,Tyler Pitlick\pitlity01,26,DAL,C,80,14,13,27,9,34,2.9,14,0,0,2,12,0,1,129,10.9,1094,13:41,57,122,13,34,27.7,2018
658,Tomas Plekanec\plekato01,35,TOT,C,77,6,20,26,1,45,1.6,6,0,0,1,20,0,0,144,4.2,1165,15:08,41,61,659,577,53.3,2018
658,Tomas Plekanec\plekato01,35,MTL,C,60,6,18,24,3,39,1.8,6,0,0,1,18,0,0,125,4.8,978,16:18,37,38,564,508,52.6,2018
658,Tomas Plekanec\plekato01,35,TOR,C,17,0,2,2,-2,6,-0.2,0,0,0,0,2,0,0,19,0,188,11:03,4,23,95,69,57.9,2018
659,Brayden Point\pointbr01,21,TBL,C,82,32,34,66,18,24,7.5,24,5,3,12,26,6,2,217,14.7,1609,19:37,57,26,557,617,47.4,2018
660,Roman Polak\polakro01,31,TOR,D,54,2,10,12,5,46,2.4,2,0,0,0,10,0,0,47,4.3,953,17:39,84,131,0,0,,2018
661,Jason Pominville\pominja01,35,BUF,RW,82,16,18,34,-17,8,2.9,11,5,0,1,16,2,0,168,9.5,1222,14:54,35,39,33,24,57.9,2018
662,Tucker Poolman\poolmtu01,24,WPG,D,24,1,1,2,2,0,0.7,1,0,0,0,1,0,0,27,3.7,302,12:34,18,20,0,0,,2018
663,Paul Postma\postmpa01,28,BOS,D,14,0,1,1,-2,2,0.1,0,0,0,0,1,0,0,14,0,143,10:14,10,13,0,0,,2018
664,Benoit Pouliot\poulibe01,31,BUF,LW,74,13,6,19,-8,22,1.7,10,1,2,4,6,0,0,83,15.7,1013,13:41,34,69,12,21,36.4,2018
665,Derrick Pouliot\poulide01,24,VAN,D,71,3,19,22,-22,39,2.3,2,1,0,3,10,8,1,78,3.8,1267,17:51,118,79,0,0,,2018
666,Shane Prince\princsh01,25,NYI,C,14,1,1,2,-3,11,-0.1,1,0,0,0,1,0,0,20,5,168,12:00,3,10,5,6,45.5,2018
667,Nate Prosser\prossna01,31,TOT,D,57,3,6,9,8,19,2.5,2,0,1,1,6,0,0,27,11.1,767,13:28,84,60,0,0,,2018
667,Nate Prosser\prossna01,31,MIN,D,56,3,6,9,8,19,2.4,2,0,1,1,6,0,0,27,11.1,752,13:26,83,56,0,0,,2018
667,Nate Prosser\prossna01,31,STL,D,1,0,0,0,0,0,0,0,0,0,0,0,0,0,0,,15,15:23,1,4,0,0,,2018
668,Dalton Prout\proutda01,27,NJD,D,4,0,0,0,-2,13,-0.1,0,0,0,0,0,0,0,5,0,56,13:59,3,7,0,0,,2018
669,Ivan Provorov\provoiv01,21,PHI,D,82,17,24,41,17,20,8.6,15,2,0,2,21,3,0,203,8.4,1981,00:09,169,148,0,0,,2018
670,Jesse Puljujarvi\puljuje01,19,EDM,RW,65,12,8,20,-1,14,1.8,10,2,0,2,8,0,0,136,8.8,869,13:22,23,67,0,3,0,2018
671,Ryan Pulock\pulocry01,23,NYI,D,68,10,22,32,-4,14,4.5,5,5,0,0,16,6,0,184,5.4,1252,18:24,86,113,0,0,,2018
672,Tom Pyatt\pyattto01,30,OTT,C,81,7,15,22,-12,10,0.6,6,0,1,2,14,0,1,103,6.8,1138,14:03,93,55,17,34,33.3,2018
673,Mark Pysyk\pysykma01,26,FLA,D,82,3,13,16,-8,20,2.6,3,0,0,0,13,0,0,106,2.8,1538,18:46,123,102,0,0,,2018
674,John Quenneville\quennjo02,21,NJD,C,2,0,0,0,-3,0,-0.2,0,0,0,0,0,0,0,5,0,27,13:18,0,4,0,1,0,2018
675,Kyle Quincey\quincky01,32,MIN,D,18,0,3,3,-4,28,0.2,0,0,0,0,3,0,0,11,0,257,14:17,18,21,0,0,,2018
676,Alan Quine\quineal01,24,NYI,C,21,0,3,3,-2,4,-0.2,0,0,0,0,3,0,0,15,0,246,11:44,9,32,40,63,38.8,2018
677,Alexander Radulov\radulal01,31,DAL,RW,82,27,45,72,4,72,8,20,7,0,4,29,16,0,217,12.4,1650,20:08,64,77,6,4,60,2018
678,Michael Raffl\rafflmi01,29,PHI,LW,76,13,9,22,9,28,2.1,12,1,0,3,9,0,0,96,13.5,1007,13:15,50,90,39,27,59.1,2018
679,Rickard Rakell\rakelri01,24,ANA,RW,77,34,35,69,6,14,8.3,26,8,0,3,25,10,0,230,14.8,1495,19:25,30,115,105,121,46.5,2018
680,Mikko Rantanen\rantami01,21,COL,RW,81,29,55,84,0,34,9.3,17,12,0,3,32,23,0,178,16.3,1536,18:58,40,32,60,57,51.3,2018
681,Victor Rask\raskvi01,24,CAR,C,71,14,17,31,0,12,2.9,10,4,0,3,10,7,0,126,11.1,1092,15:23,29,62,393,323,54.9,2018
682,Dennis Rasmussen\rasmude01,27,ANA,C,27,1,3,4,4,8,0.3,1,0,0,0,3,0,0,19,5.3,241,08:54,15,31,34,36,48.6,2018
683,Ty Rattie\rattity01,24,EDM,RW,14,5,4,9,1,2,1.1,5,0,0,1,4,0,0,32,15.6,217,15:28,4,11,0,0,,2018
684,Kyle Rau\rauky01,25,MIN,C,3,0,1,1,0,0,0,0,0,0,0,1,0,0,4,0,33,11:02,0,7,0,0,,2018
685,Matt Read\readma01,31,PHI,RW,19,1,0,1,-2,2,-0.2,1,0,0,0,0,0,0,16,6.3,207,10:54,11,21,4,8,33.3,2018
686,Ryan Reaves\reavery01,31,TOT,RW,79,4,6,10,-7,94,0.1,4,0,0,1,6,0,0,42,9.5,600,07:36,27,236,14,14,50,2018
686,Ryan Reaves\reavery01,31,PIT,RW,58,4,4,8,-9,84,0.2,4,0,0,1,4,0,0,34,11.8,392,06:45,19,161,7,8,46.7,2018
686,Ryan Reaves\reavery01,31,VEG,RW,21,0,2,2,2,10,-0.1,0,0,0,0,2,0,0,8,0,208,09:55,8,75,7,6,53.8,2018
687,Zach Redmond\redmoza01,29,BUF,D,3,0,0,0,1,2,0.1,0,0,0,0,0,0,0,7,0,43,14:29,2,4,0,0,,2018
688,Mike Reilly\reillmi01,24,TOT,D,57,2,16,18,-5,26,2.5,2,0,0,0,10,6,0,65,3.1,853,14:58,37,41,0,0,,2018
688,Mike Reilly\reillmi01,24,MIN,D,38,2,8,10,-6,18,1.1,2,0,0,0,4,4,0,36,5.6,469,12:21,18,24,0,0,,2018
688,Mike Reilly\reillmi01,24,MTL,D,19,0,8,8,1,8,1.3,0,0,0,0,6,2,0,29,0,384,20:12,19,17,0,0,,2018
689,Sam Reinhart\reinhsa01,22,BUF,C,82,25,25,50,-24,26,5,13,12,0,5,16,9,0,188,13.3,1402,17:06,42,48,56,86,39.4,2018
690,Mitch Reinke\reinkmi01,21,STL,D,1,0,0,0,0,0,0,0,0,0,0,0,0,0,1,0,13,13:05,2,0,0,0,,2018
691,Brad Richardson\richabr02,32,ARI,C,76,3,12,15,-24,45,-0.7,3,0,0,0,12,0,0,105,2.9,1122,14:46,52,72,543,500,52.1,2018
692,Tobias Rieder\riedeto01,25,TOT,C,78,12,13,25,-12,6,1.7,10,2,0,0,12,1,0,114,10.5,1143,14:39,41,96,22,24,47.8,2018
692,Tobias Rieder\riedeto01,25,ARI,C,58,8,11,19,-11,6,1.1,6,2,0,0,10,1,0,80,10,886,15:17,35,76,22,23,48.9,2018
692,Tobias Rieder\riedeto01,25,LAK,C,20,4,2,6,-1,0,0.6,4,0,0,0,2,0,0,34,11.8,257,12:50,6,20,0,1,0,2018
693,Morgan Rielly\riellmo01,23,TOR,D,76,6,46,52,-4,14,6.8,5,1,0,0,22,24,0,182,3.3,1642,21:36,84,48,0,2,0,2018
694,Zac Rinaldo\rinalza01,27,ARI,C,53,5,2,7,-7,44,0.1,5,0,0,0,2,0,0,56,8.9,598,11:17,23,188,4,11,26.7,2018
695,Rasmus Ristolainen\ristora01,23,BUF,D,73,6,35,41,-25,48,5.7,5,1,0,1,13,22,0,182,3.3,1934,02:30,111,206,1,0,100,2018
696,Brett Ritchie\ritchbr01,24,DAL,RW,71,7,7,14,1,42,1,5,2,0,0,6,1,0,117,6,770,10:50,10,172,0,1,0,2018
697,Nick Ritchie\ritchni01,22,ANA,LW,76,10,17,27,3,72,2.2,9,1,0,2,15,2,0,122,8.2,1002,13:11,27,221,6,11,35.3,2018
698,Eric Robinson\robiner01,22,CBJ,LW,1,0,0,0,1,0,0,0,0,0,0,0,0,0,2,0,11,11:21,0,0,0,0,,2018
699,Jack Rodewald\rodewja01,23,OTT,RW,4,0,0,0,-1,2,-0.1,0,0,0,0,0,0,0,0,,29,07:18,2,5,0,2,0,2018
700,Evan Rodrigues\rodriev01,24,BUF,C,48,7,18,25,-10,14,2,6,1,0,0,13,5,0,91,7.7,669,13:56,23,19,156,212,42.4,2018
701,Kevin Rooney\rooneke01,24,NJD,C,1,0,0,0,0,0,0,0,0,0,0,0,0,0,3,0,12,11:46,0,2,1,2,33.3,2018
702,Calle Rosen\rosenca01,23,TOR,D,4,0,1,1,-3,4,-0.1,0,0,0,0,1,0,0,5,0,51,12:47,0,1,0,0,,2018
703,Jack Roslovic\rosloja01,21,WPG,C,31,5,9,14,5,2,1.5,5,0,0,1,9,0,0,38,13.2,382,12:19,9,20,18,21,46.2,2018
704,Antoine Roussel\roussan01,28,DAL,LW,73,5,12,17,1,126,0.9,5,0,0,0,12,0,0,85,5.9,908,12:26,42,104,22,16,57.9,2018
705,Carter Rowney\rowneca01,28,PIT,RW,44,2,3,5,-13,4,-0.5,1,0,1,0,3,0,0,21,9.5,411,09:21,24,74,164,146,52.9,2018
706,Kevin Roy\royke01,24,ANA,C,25,6,1,7,3,6,0.9,5,1,0,1,1,0,0,26,23.1,341,13:39,7,11,0,9,0,2018
707,Nicolas Roy\royni01,20,CAR,C,1,0,0,0,-1,0,-0.1,0,0,0,0,0,0,0,1,0,11,10:46,0,2,6,4,60,2018
708,Chad Ruhwedel\ruhwech01,27,PIT,D,44,2,3,5,-8,16,0.7,2,0,0,0,3,0,0,67,3,692,15:44,43,67,0,0,,2018
709,Kris Russell\russekr01,30,EDM,D,78,4,17,21,-7,8,3.1,4,0,0,0,15,2,0,90,4.4,1487,19:04,223,97,0,0,,2018
710,Bryan Rust\rustbr01,25,PIT,RW,69,13,25,38,11,26,3.7,9,2,2,3,22,2,1,123,10.6,1107,16:03,40,97,8,23,25.8,2018
711,Jan Rutta\ruttaja02,27,CHI,D,57,6,14,20,-1,24,3.7,4,2,0,1,11,2,1,71,8.5,1098,19:15,64,24,0,0,,2018
712,Bobby Ryan\ryanbo01,30,OTT,LW,62,11,22,33,-12,14,2.4,10,1,0,1,19,3,0,112,9.8,1019,16:27,52,97,12,10,54.5,2018
713,Derek Ryan\ryande01,31,CAR,C,80,15,23,38,-15,28,2.9,12,3,0,1,19,4,0,135,11.1,1248,15:36,27,52,531,409,56.5,2018
714,Joakim Ryan\ryanjo02,24,SJS,D,62,3,9,12,13,8,3.7,3,0,0,1,8,0,1,79,3.8,1039,16:45,98,33,0,0,,2018
715,Kerby Rychel\rycheke01,23,MTL,LW,4,1,1,2,-2,2,0.2,1,0,0,0,1,0,0,7,14.3,44,11:02,2,13,2,2,50,2018
716,Brandon Saad\saadbr01,25,CHI,LW,82,18,17,35,-10,14,2.7,17,1,0,8,17,0,0,237,7.6,1435,17:30,32,29,56,65,46.3,2018
717,Miikka Salomaki\salommi01,24,NSH,RW,58,2,6,8,-8,34,-0.4,2,0,0,0,6,0,0,51,3.9,596,10:17,35,114,5,7,41.7,2018
718,Travis Sanheim\sanhetr01,21,PHI,D,49,2,8,10,-6,20,1.3,2,0,0,0,8,0,0,72,2.8,764,15:35,35,27,0,0,,2018
719,Steven Santini\santist01,22,NJD,D,36,2,8,10,0,21,2,2,0,0,0,7,0,1,56,3.6,730,20:16,73,113,0,1,0,2018
720,Ashton Sautner\sautnas01,23,VAN,D,5,0,2,2,4,2,0.6,0,0,0,0,2,0,0,3,0,67,13:22,5,9,0,0,,2018
721,David Savard\savarda01,27,CBJ,D,81,4,12,16,2,32,3.5,4,0,0,0,11,0,1,145,2.8,1570,19:23,143,144,0,0,,2018
722,Luca Sbisa\sbisalu01,28,VEG,D,30,2,12,14,8,15,2.7,2,0,0,0,11,0,1,26,7.7,586,19:31,54,50,0,0,,2018
723,Marco Scandella\scandma01,27,BUF,D,82,5,17,22,-15,37,4.4,5,0,0,1,12,4,1,138,3.6,1912,23:19,114,91,0,0,,2018
724,Colton Sceviour\scevico01,28,FLA,C,76,11,13,24,6,24,2,10,0,1,2,11,0,2,141,7.8,1021,13:26,69,84,77,81,48.7,2018
725,Tim Schaller\schalti01,27,BOS,LW,82,12,10,22,-5,42,1.5,9,0,3,0,10,0,0,133,9,1089,13:17,59,132,76,90,45.8,2018
726,Mark Scheifele\scheima01,24,WPG,C,60,23,37,60,19,18,7,13,8,2,3,28,8,1,125,18.4,1241,20:41,31,57,594,565,51.3,2018
727,Brayden Schenn\schenbr01,26,STL,C,82,28,42,70,10,56,7.9,20,8,0,8,31,11,0,210,13.3,1617,19:44,37,154,660,714,48,2018
728,Luke Schenn\schenlu01,28,ARI,D,64,1,6,7,-12,35,1.3,1,0,0,1,6,0,0,59,1.7,1049,16:23,105,219,0,0,,2018
729,Nikita Scherbak\scherni01,22,MTL,RW,26,4,2,6,-5,8,0.3,2,1,1,0,0,2,0,39,10.3,348,13:23,15,18,2,0,100,2018
730,David Schlemko\schleda01,30,MTL,D,37,1,4,5,3,6,1.6,1,0,0,1,2,2,0,38,2.6,668,18:04,72,33,0,0,,2018
731,Jordan Schmaltz\schmajo01,24,STL,D,13,0,1,1,0,6,0.3,0,0,0,0,1,0,0,5,0,143,10:58,12,4,0,0,,2018
732,Nick Schmaltz\schmani01,21,CHI,C,78,21,31,52,1,18,5.2,17,4,0,2,20,9,2,118,17.8,1422,18:14,39,13,321,480,40.1,2018
733,Nate Schmidt\schmina01,26,VEG,D,76,5,31,36,19,16,7,4,1,0,1,21,10,0,103,4.9,1690,22:14,121,41,0,1,0,2018
734,Jordan Schroeder\schrojo01,27,CBJ,C,21,1,1,2,-4,4,-0.1,1,0,0,0,1,0,0,20,5,157,07:29,2,14,39,24,61.9,2018
735,Justin Schultz\schulju01,27,PIT,D,63,4,23,27,22,14,5.9,4,0,0,1,13,10,0,109,3.7,1229,19:31,93,36,0,0,,2018
736,Jaden Schwartz\schwaja01,25,STL,C,62,24,35,59,15,26,7.2,17,6,1,3,30,5,0,157,15.3,1202,19:24,30,52,30,43,41.1,2018
737,Brent Seabrook\seabrbr01,32,CHI,D,81,7,19,26,-3,38,4.9,5,2,0,0,13,6,0,136,5.1,1636,20:12,170,85,0,2,0,2018
738,Daniel Sedin\sedinda01,37,VAN,LW,81,23,32,55,-21,40,5.4,14,9,0,5,18,14,0,189,12.2,1237,15:16,2,38,18,22,45,2018
739,Henrik Sedin\sedinhe01,37,VAN,C,82,3,47,50,-22,30,2.7,3,0,0,0,30,17,0,67,4.5,1275,15:33,19,18,438,504,46.5,2018
740,Lukas Sedlak\sedlalu01,24,CBJ,C,53,4,4,8,-3,21,0.3,4,0,0,0,4,0,0,50,8,498,09:24,26,77,191,180,51.5,2018
741,Nick Seeler\seeleni01,24,MIN,D,22,0,4,4,10,21,1.4,0,0,0,0,4,0,0,17,0,320,14:32,25,20,0,0,,2018
742,Tyler Seguin\seguity01,26,DAL,C,82,40,38,78,12,43,10.2,25,14,1,6,26,11,1,335,11.9,1715,20:55,44,74,790,650,54.9,2018
743,Dennis Seidenberg\seidede01,36,NYI,D,28,0,5,5,-9,17,0,0,0,0,0,5,0,0,31,0,501,17:53,43,65,0,0,,2018
744,Andrej Sekera\sekeran01,31,EDM,D,36,0,8,8,-15,6,0.1,0,0,0,0,6,2,0,36,0,588,16:20,42,27,0,0,,2018
745,Mikhail Sergachev\sergami01,19,TBL,D,79,9,31,40,11,38,6,6,3,0,5,18,13,0,141,6.4,1213,15:22,64,90,0,0,,2018
746,Damon Severson\severda01,23,NJD,D,76,9,15,24,-8,42,4.4,9,0,0,2,11,4,0,121,7.4,1496,19:41,62,107,0,0,,2018
747,Ben Sexton\sextobe01,26,OTT,C,2,0,0,0,-1,0,-0.1,0,0,0,0,0,0,0,1,0,21,10:17,0,6,3,2,60,2018
748,Patrick Sharp\sharppa01,36,CHI,LW,70,10,11,21,-16,14,1.1,10,0,0,1,7,4,0,143,7,902,12:53,25,46,53,43,55.2,2018
749,Kevin Shattenkirk\shattke01,29,NYR,D,46,5,18,23,-14,44,2.8,3,2,0,1,8,10,0,94,5.3,933,20:16,65,44,0,0,,2018
750,Andrew Shaw\shawan01,26,MTL,C,51,10,10,20,-8,53,1.6,5,5,0,0,8,2,0,94,10.6,806,15:49,26,80,177,149,54.3,2018
751,Logan Shaw\shawlo01,26,TOT,RW,72,4,10,14,-6,12,0.3,4,0,0,1,9,0,1,105,3.8,855,11:53,46,110,92,111,45.3,2018
751,Logan Shaw\shawlo01,26,ANA,RW,42,2,6,8,-1,4,0.2,2,0,0,1,5,0,1,59,3.4,483,11:30,23,45,4,13,23.5,2018
751,Logan Shaw\shawlo01,26,MTL,RW,30,2,4,6,-5,8,0.1,2,0,0,0,4,0,0,46,4.3,373,12:25,23,65,88,98,47.3,2018
752,Riley Sheahan\sheahri01,26,TOT,C,81,11,21,32,4,8,2.5,10,1,0,1,19,1,1,109,10.1,1188,14:40,50,52,560,473,54.2,2018
752,Riley Sheahan\sheahri01,26,PIT,C,73,11,21,32,4,4,2.6,10,1,0,1,19,1,1,104,10.6,1116,15:17,46,46,552,462,54.4,2018
752,Riley Sheahan\sheahri01,26,DET,C,8,0,0,0,0,4,-0.1,0,0,0,0,0,0,0,5,0,72,09:03,4,6,8,11,42.1,2018
753,Conor Sheary\shearco01,25,PIT,LW,79,18,12,30,2,10,3.1,16,2,0,4,11,1,0,142,12.7,1102,13:57,31,29,4,7,36.4,2018
754,Vadim Shipachyov\shipava01,30,VEG,LW,3,1,0,1,3,2,0.3,1,0,0,1,0,0,0,3,33.3,32,10:35,0,1,12,9,57.1,2018
755,Devin Shore\shorede01,23,DAL,C,82,11,21,32,-30,14,1.4,8,2,1,1,11,9,1,123,8.9,1265,15:26,57,71,88,102,46.3,2018
756,Nick Shore\shoreni01,25,TOT,C,64,5,14,19,-3,16,0.9,5,0,0,1,13,1,0,74,6.8,907,14:10,20,55,352,386,47.7,2018
756,Nick Shore\shoreni01,25,LAK,C,49,4,11,15,-4,12,0.7,4,0,0,1,11,0,0,52,7.7,714,14:34,15,40,278,300,48.1,2018
756,Nick Shore\shoreni01,25,CGY,C,9,1,2,3,0,4,0.2,1,0,0,0,1,1,0,16,6.3,136,15:08,4,9,52,64,44.8,2018
756,Nick Shore\shoreni01,25,OTT,C,6,0,1,1,1,0,0,0,0,0,0,1,0,0,6,0,57,09:28,1,6,22,22,50,2018
757,Patrick Sieloff\sielopa01,23,OTT,D,1,1,0,1,-2,0,0.1,1,0,0,0,0,0,0,3,33.3,11,11:11,1,1,0,0,,2018
758,Duncan Siemens\siemedu01,24,COL,D,16,1,1,2,-5,23,0.1,1,0,0,0,1,0,0,14,7.1,197,12:19,21,22,0,0,,2018
759,Dylan Sikura\sikurdy01,22,CHI,C,5,0,3,3,2,0,0.3,0,0,0,0,3,0,0,9,0,67,13:24,2,0,0,1,0,2018
760,Jakob Silfverberg\silfvja01,27,ANA,LW,77,17,23,40,6,18,3.8,14,2,1,2,16,6,1,187,9.1,1383,17:58,61,52,18,35,34,2018
761,Wayne Simmonds\simmowa01,29,PHI,RW,75,24,22,46,-16,57,4,12,11,1,5,16,6,0,176,13.6,1357,18:05,54,129,12,9,57.1,2018
762,Dominik Simon\simondo01,23,PIT,C,33,4,8,12,2,16,1.1,4,0,0,0,8,0,0,36,11.1,377,11:25,18,37,6,8,42.9,2018
763,Colton Sissons\sissoco01,24,NSH,C,81,9,18,27,2,42,1.4,8,1,0,4,9,6,3,120,7.5,1304,16:06,49,136,517,418,55.3,2018
764,Jeff Skinner\skinnje01,25,CAR,C,82,24,25,49,-27,34,4.3,20,4,0,2,20,5,0,277,8.7,1370,16:42,24,35,26,34,43.3,2018
765,Brady Skjei\skjeibr01,23,NYR,D,82,4,21,25,-27,39,2.7,3,0,1,1,15,6,0,153,2.6,1724,21:02,119,127,0,0,,2018
766,Jaccob Slavin\slavija01,23,CAR,D,82,8,22,30,1,10,6.2,7,1,0,1,21,1,0,154,5.2,1852,22:35,154,47,0,0,,2018
767,Anton Slepyshev\slepyan01,23,EDM,LW,50,6,6,12,-4,8,0.7,6,0,0,0,6,0,0,73,8.2,591,11:49,18,61,1,6,14.3,2018
768,Brendan Smith\smithbr05,28,NYR,D,44,1,7,8,2,69,1.9,1,0,0,0,6,1,0,66,1.5,755,17:10,37,58,0,0,,2018
769,Craig Smith\smithcr01,28,NSH,C,79,25,26,51,20,24,6.5,16,9,0,2,21,5,0,229,10.9,1215,15:23,35,60,40,54,42.6,2018
770,Gemel Smith\smithge02,23,DAL,C,46,6,5,11,5,17,1.3,6,0,0,0,5,0,0,42,14.3,434,09:26,13,33,43,51,45.7,2018
771,Reilly Smith\smithre01,26,VEG,RW,67,22,38,60,31,24,7.6,14,7,1,4,30,7,1,162,13.6,1201,17:55,24,40,4,9,30.8,2018
772,Zack Smith\smithza01,29,OTT,C,68,5,14,19,-32,54,-0.7,5,0,0,1,10,3,1,124,4,1137,16:43,29,90,297,323,47.9,2018
773,Devante Smith-Pelly\smithde06,25,WSH,RW,75,7,9,16,-6,38,0.5,7,0,0,1,9,0,0,103,6.8,926,12:21,62,151,16,17,48.5,2018
774,Vladimir Sobotka\sobotvl01,30,STL,C,81,11,20,31,-6,50,1.9,10,0,1,4,17,3,0,136,8.1,1387,17:07,45,127,191,161,54.3,2018
775,Carl Soderberg\soderca01,32,COL,C,77,16,21,37,0,26,3.4,13,3,0,3,18,2,1,150,10.7,1336,17:21,64,71,425,514,45.3,2018
776,Marcus Sorensen\sorenma01,25,SJS,RW,32,5,2,7,-5,5,0.5,5,0,0,1,2,0,0,25,20,325,10:09,15,26,2,2,50,2018
777,Nikita Soshnikov\soshnni01,24,TOT,RW,15,1,1,2,-2,4,0,1,0,0,0,1,0,0,17,5.9,165,11:01,2,24,0,1,0,2018
777,Nikita Soshnikov\soshnni01,24,STL,RW,12,1,1,2,0,4,0.1,1,0,0,0,1,0,0,17,5.9,134,11:10,0,19,0,0,,2018
777,Nikita Soshnikov\soshnni01,24,TOR,RW,3,0,0,0,-2,0,-0.1,0,0,0,0,0,0,0,0,,31,10:26,2,5,0,1,0,2018
778,Carson Soucy\soucyca01,23,MIN,D,3,0,0,0,-2,2,-0.1,0,0,0,0,0,0,0,4,0,45,14:51,3,4,0,0,,2018
779,Jason Spezza\spezzja01,34,DAL,C,78,8,18,26,-12,12,1.5,4,4,0,3,11,7,0,138,5.8,1014,13:00,26,16,417,330,55.8,2018
780,Ryan Spooner\spoonry01,26,TOT,C,59,13,28,41,6,4,4.3,12,1,0,3,22,6,0,107,12.1,902,15:18,16,66,91,119,43.3,2018
780,Ryan Spooner\spoonry01,26,BOS,C,39,9,16,25,10,2,2.9,8,1,0,3,12,4,0,70,12.9,565,14:29,12,38,68,66,50.7,2018
780,Ryan Spooner\spoonry01,26,NYR,C,20,4,12,16,-4,2,1.4,4,0,0,0,10,2,0,37,10.8,337,16:51,4,28,23,53,30.3,2018
781,Daniel Sprong\spronda01,20,PIT,RW,8,2,1,3,2,0,0.4,2,0,0,1,1,0,0,22,9.1,112,13:59,4,9,0,0,,2018
782,Ryan Sproul\sproury01,25,NYR,D,16,1,4,5,-6,6,0.4,1,0,0,0,3,1,0,15,6.7,262,16:22,17,6,0,0,,2018
783,Jared Spurgeon\spurgja01,28,MIN,D,61,9,28,37,-6,8,5.4,6,3,0,2,18,10,0,110,8.2,1497,00:33,127,64,0,1,0,2018
784,Eric Staal\staaler01,33,MIN,C,82,42,34,76,8,42,9.8,29,11,2,4,27,6,1,241,17.4,1461,17:49,49,42,571,544,51.2,2018
785,Jordan Staal\staaljo01,29,CAR,C,79,19,27,46,-4,26,4.2,13,4,2,2,19,8,0,160,11.9,1521,19:15,32,181,757,581,56.6,2018
786,Marc Staal\staalma01,31,NYR,D,72,1,7,8,11,18,3.2,1,0,0,0,7,0,0,68,1.5,1334,18:32,96,76,0,0,,2018
787,Drew Stafford\staffdr01,32,NJD,RW,59,8,7,15,-20,10,0.3,4,4,0,1,6,1,0,102,7.8,818,13:52,15,77,41,40,50.6,2018
788,Matt Stajan\stajama01,34,CGY,C,68,4,8,12,4,28,0.6,4,0,0,1,8,0,0,65,6.2,744,10:56,31,74,248,234,51.5,2018
789,Steven Stamkos\stamkst01,27,TBL,C,78,27,59,86,18,72,9.3,12,15,0,1,41,18,0,212,12.7,1464,18:46,35,61,466,426,52.2,2018
790,Paul Stastny\stastpa01,32,TOT,C,82,16,37,53,1,18,4.7,13,3,0,3,30,6,1,159,10.1,1501,18:18,38,43,832,683,54.9,2018
790,Paul Stastny\stastpa01,32,STL,C,63,12,28,40,-5,14,3.3,9,3,0,1,25,2,1,135,8.9,1177,18:41,29,36,677,550,55.2,2018
790,Paul Stastny\stastpa01,32,WPG,C,19,4,9,13,6,4,1.4,4,0,0,2,5,4,0,24,16.7,324,17:02,9,7,155,133,53.8,2018
791,Troy Stecher\stechtr01,23,VAN,D,68,1,10,11,-7,35,2.1,1,0,0,0,8,1,1,94,1.1,1279,18:49,75,111,0,1,0,2018
792,Alex Steen\steenal01,33,STL,C,76,15,31,46,-11,20,3.6,10,4,1,2,21,10,0,168,8.9,1421,18:42,58,53,24,35,40.7,2018
793,Lee Stempniak\stemple01,34,CAR,RW,37,3,6,9,-8,4,0.2,2,1,0,0,6,0,0,41,7.3,461,12:28,11,40,3,11,21.4,2018
794,Derek Stepan\stepade01,27,ARI,C,82,14,42,56,-7,26,4.7,9,3,2,2,27,15,0,209,6.7,1580,19:16,54,52,740,810,47.7,2018
795,Chandler Stephenson\stephch02,23,WSH,C,67,6,12,18,13,8,1.6,6,0,0,0,12,0,0,36,16.7,795,11:52,33,26,40,33,54.8,2018
796,Chris Stewart\stewach02,30,TOT,RW,54,10,6,16,-5,27,1.5,9,1,0,1,6,0,0,68,14.7,580,10:45,14,48,3,7,30,2018
796,Chris Stewart\stewach02,30,MIN,RW,47,9,4,13,-1,27,1.3,8,1,0,1,4,0,0,59,15.3,504,10:43,14,37,2,4,33.3,2018
796,Chris Stewart\stewach02,30,CGY,RW,7,1,2,3,-4,0,0.1,1,0,0,0,2,0,0,9,11.1,76,10:55,0,11,1,3,25,2018
797,Mark Stone\stonema01,25,OTT,RW,58,20,42,62,9,10,6.8,18,1,1,3,31,10,1,132,15.2,1199,20:40,39,53,33,28,54.1,2018
798,Michael Stone\stonemi01,27,CGY,D,82,3,7,10,-11,28,2.2,3,0,0,0,6,1,0,98,3.1,1373,16:45,158,106,0,0,,2018
799,Anton Stralman\stralan01,31,TBL,D,80,4,14,18,29,18,4.7,4,0,0,0,14,0,0,131,3.1,1719,21:29,100,104,0,0,,2018
800,Mark Streit\streima01,40,MTL,D,2,0,0,0,-2,0,-0.1,0,0,0,0,0,0,0,3,0,28,14:13,0,2,0,0,,2018
801,Dylan Strome\stromdy01,20,ARI,C,21,4,5,9,4,8,1.1,3,1,0,0,5,0,0,30,13.3,272,12:57,12,7,92,122,43,2018
802,Ryan Strome\stromry01,24,EDM,C,82,13,21,34,-4,33,2.5,11,2,0,3,16,4,1,147,8.8,1248,15:13,17,43,297,374,44.3,2018
803,P.K. Subban\subbapk01,28,NSH,D,82,16,43,59,18,82,10.5,11,5,0,2,22,20,1,207,7.7,1977,00:07,90,111,1,2,33.3,2018
804,Oskar Sundqvist\sundqos01,23,STL,C,42,1,4,5,-5,14,-0.3,1,0,0,0,4,0,0,41,2.4,440,10:29,14,47,144,179,44.6,2018
805,Andrej Sustr\sustran01,27,TBL,D,44,2,5,7,-5,18,0.6,2,0,0,0,5,0,0,45,4.4,565,12:50,33,9,0,0,,2018
806,Ryan Suter\suterry01,33,MIN,D,78,6,45,51,-1,34,7.4,5,1,0,2,22,22,1,149,4,2089,02:47,138,78,0,0,,2018
807,Brandon Sutter\suttebr03,28,VAN,C,61,11,15,26,8,8,2.5,11,0,0,1,11,0,4,106,10.4,1056,17:19,32,55,570,532,51.7,2018
808,Evgeny Svechnikov\svechev01,21,DET,LW,14,2,2,4,-2,8,0.3,2,0,0,0,2,0,0,15,13.3,123,08:49,6,15,1,4,20,2018
809,Jordan Szwarz\szwarjo01,26,BOS,RW,12,0,3,3,-4,2,-0.1,0,0,0,0,2,1,0,19,0,138,11:31,8,9,28,42,40,2018
810,Brandon Tanev\tanevbr01,26,WPG,LW,61,8,10,18,13,18,1.8,5,0,3,1,10,0,0,79,10.1,772,12:40,56,188,3,8,27.3,2018
811,Chris Tanev\tanevch01,28,VAN,D,42,2,9,11,7,8,2.8,2,0,0,0,7,0,2,31,6.5,831,19:47,70,21,0,0,,2018
812,Vladimir Tarasenko\tarasvl01,26,STL,RW,80,33,33,66,15,17,8.4,27,6,0,5,23,10,0,306,10.8,1525,19:03,37,89,1,3,25,2018
813,Tomas Tatar\tatarto01,27,TOT,C,82,20,14,34,-19,34,2.7,11,9,0,4,10,4,0,174,11.5,1334,16:16,29,67,2,13,13.3,2018
813,Tomas Tatar\tatarto01,27,DET,C,62,16,12,28,-8,24,2.6,8,8,0,3,9,3,0,140,11.4,1038,16:44,24,45,1,8,11.1,2018
813,Tomas Tatar\tatarto01,27,VEG,C,20,4,2,6,-11,10,0.1,3,1,0,1,1,1,0,34,11.8,296,14:48,5,22,1,5,16.7,2018
814,John Tavares\tavarjo01,27,NYI,C,82,37,47,84,-12,26,8.8,23,12,2,3,28,18,1,257,14.4,1634,19:56,34,30,913,813,52.9,2018
815,Matt Tennyson\tennyma01,27,BUF,D,15,0,0,0,-8,8,-0.2,0,0,0,0,0,0,0,25,0,270,17:58,11,13,0,0,,2018
816,Teuvo Teravainen\teravte01,23,CAR,C,82,23,41,64,8,14,7.1,18,5,0,3,26,15,0,185,12.4,1385,16:53,22,26,15,34,30.6,2018
817,Troy Terry\terrytr01,20,ANA,C,2,0,0,0,0,0,0,0,0,0,0,0,0,0,3,0,20,10:13,2,0,0,0,,2018
818,Shea Theodore\theodsh01,22,VEG,D,61,6,23,29,5,14,4.9,5,1,0,1,15,8,0,144,4.2,1241,20:21,70,29,0,0,,2018
819,Nate Thompson\thompna01,33,TOT,C,69,5,12,17,-1,20,0.8,4,0,1,0,12,0,0,53,9.4,881,12:46,39,122,360,278,56.4,2018
819,Nate Thompson\thompna01,33,OTT,C,43,4,7,11,0,10,0.6,3,0,1,0,7,0,0,28,14.3,538,12:30,24,79,224,174,56.3,2018
819,Nate Thompson\thompna01,33,LAK,C,26,1,5,6,-1,10,0.1,1,0,0,0,5,0,0,25,4,343,13:13,15,43,136,104,56.7,2018
820,Tage Thompson\thompta01,20,STL,C,41,3,6,9,-12,12,0,3,0,0,0,5,1,0,55,5.5,489,11:55,9,39,1,9,10,2018
821,Chris Thorburn\thorbch01,34,STL,RW,50,1,6,7,-4,60,0.1,1,0,0,0,6,0,0,35,2.9,352,07:02,16,99,7,5,58.3,2018
822,Joe Thornton\thornjo01,38,SJS,C,47,13,23,36,-9,38,3.3,6,7,0,1,12,11,0,75,17.3,862,18:21,18,32,229,211,52,2018
823,Chris Tierney\tiernch01,23,SJS,C,82,17,23,40,0,8,3.7,12,3,2,2,17,4,2,118,14.4,1312,16:00,45,26,488,468,51,2018
824,Owen Tippett\tippeow01,18,FLA,RW,7,1,0,1,-6,0,-0.2,1,0,0,0,0,0,0,17,5.9,78,11:07,4,3,0,2,0,2018
825,Matthew Tkachuk\tkachma01,20,CGY,LW,68,24,25,49,-1,61,5.6,14,10,0,2,18,7,0,188,12.8,1173,17:15,16,80,7,10,41.2,2018
826,Jonathan Toews\toewsjo01,29,CHI,C,74,20,32,52,-1,47,5,18,2,0,2,22,10,0,211,9.5,1457,19:41,24,32,900,653,58,2018
827,Tyler Toffoli\toffoty01,25,LAK,C,82,24,23,47,9,16,5.6,18,6,0,6,17,6,0,251,9.6,1322,16:07,17,75,9,16,36,2018
828,Eeli Tolvanen\tolvaee01,18,NSH,RW,3,0,0,0,0,0,-0.1,0,0,0,0,0,0,0,3,0,36,12:07,1,2,0,0,,2018
829,Dominic Toninato\tonindo01,23,COL,C,37,0,2,2,0,12,-0.3,0,0,0,0,2,0,0,25,0,292,07:54,14,24,83,116,41.7,2018
830,Vincent Trocheck\trochvi01,24,FLA,C,82,31,44,75,-9,54,7.4,15,13,3,5,29,14,1,287,10.8,1752,21:22,55,145,853,724,54.1,2018
831,Zach Trotman\trotmza01,27,PIT,D,3,0,0,0,-3,0,-0.2,0,0,0,0,0,0,0,6,0,38,12:47,2,1,0,0,,2018
832,Jacob Trouba\troubja01,23,WPG,D,55,3,21,24,9,34,4.3,3,0,0,2,17,3,1,144,2.1,1204,21:54,100,84,0,0,,2018
833,Alex Tuch\tuchal01,21,VEG,RW,78,15,22,37,3,27,3.4,11,4,0,4,16,6,0,171,8.8,1190,15:15,42,99,70,95,42.4,2018
834,Dominic Turgeon\turgedo01,21,DET,C,5,0,0,0,-2,2,-0.2,0,0,0,0,0,0,0,3,0,46,09:14,8,3,7,14,33.3,2018
835,Kyle Turris\turriky01,28,TOT,C,76,16,35,51,19,26,5.4,9,7,0,0,21,14,0,145,11,1263,16:37,35,21,449,423,51.5,2018
835,Kyle Turris\turriky01,28,NSH,C,65,13,29,42,22,24,4.7,8,5,0,0,17,12,0,119,10.9,1046,16:06,29,19,358,365,49.5,2018
835,Kyle Turris\turriky01,28,OTT,C,11,3,6,9,-3,2,0.8,1,2,0,0,4,2,0,26,11.5,217,19:42,6,2,91,58,61.1,2018
836,Scottie Upshall\upshasc01,34,STL,LW,63,7,12,19,-1,46,1.6,7,0,0,2,12,0,0,71,9.9,684,10:51,24,119,8,7,53.3,2018
837,Rinat Valiev\valieri01,22,MTL,D,2,0,0,0,0,2,0,0,0,0,0,0,0,0,2,0,24,11:49,2,0,0,0,,2018
838,Curtis Valk\valkcu01,24,FLA,LW,1,0,0,0,0,0,0,0,0,0,0,0,0,0,0,,3,03:25,0,1,0,3,0,2018
839,James van Riemsdyk\vanrija01,28,TOR,LW,81,36,18,54,1,30,7.2,25,11,0,5,9,9,0,248,14.5,1206,14:54,23,40,0,1,0,2018
840,Trevor van Riemsdyk\vanritr01,26,CAR,D,79,3,13,16,9,20,4.2,3,0,0,1,13,0,0,111,2.7,1347,17:03,113,25,0,0,,2018
841,Thomas Vanek\vanekth01,34,TOT,LW,80,24,32,56,-3,36,6.4,20,4,0,1,21,11,0,168,14.3,1127,14:05,18,36,6,18,25,2018
841,Thomas Vanek\vanekth01,34,VAN,LW,61,17,24,41,-12,28,4.2,13,4,0,1,14,10,0,121,14,852,13:58,12,29,4,15,21.1,2018
841,Thomas Vanek\vanekth01,34,CBJ,LW,19,7,8,15,9,8,2.2,7,0,0,0,7,1,0,47,14.9,275,14:28,6,7,2,3,40,2018
842,Sami Vatanen\vatansa01,26,TOT,D,72,4,28,32,-7,40,4.8,3,1,0,0,15,12,1,145,2.8,1613,22:24,105,92,0,0,,2018
842,Sami Vatanen\vatansa01,26,NJD,D,57,3,25,28,-1,32,4.5,2,1,0,0,14,10,1,123,2.4,1296,22:45,79,68,0,0,,2018
842,Sami Vatanen\vatansa01,26,ANA,D,15,1,3,4,-6,8,0.3,1,0,0,0,1,2,0,22,4.5,317,21:06,26,24,0,0,,2018
843,Frank Vatrano\vatrafr01,23,TOT,LW,41,7,3,10,3,34,1.1,7,0,0,0,3,0,0,72,9.7,444,10:50,15,51,10,9,52.6,2018
843,Frank Vatrano\vatrafr01,23,BOS,LW,25,2,0,2,-3,22,-0.1,2,0,0,0,0,0,0,42,4.8,237,09:28,9,34,6,8,42.9,2018
843,Frank Vatrano\vatrafr01,23,FLA,LW,16,5,3,8,6,12,1.2,5,0,0,0,3,0,0,30,16.7,208,12:59,6,17,4,1,80,2018
844,Antoine Vermette\vermean01,35,ANA,C,64,8,8,16,-5,34,0.8,6,2,0,2,7,0,1,91,8.8,880,13:45,40,38,609,406,60,2018
845,Kris Versteeg\verstkr01,31,CGY,RW,24,3,5,8,-8,6,0.3,2,1,0,1,1,4,0,49,6.1,316,13:11,6,6,46,32,59,2018
846,Jimmy Vesey\veseyji02,24,NYR,LW,79,17,11,28,-18,20,2.2,16,1,0,4,9,2,0,136,12.5,1132,14:20,34,83,15,17,46.9,2018
847,Jake Virtanen\virtaja01,21,VAN,RW,75,10,10,20,-11,46,1.3,10,0,0,1,10,0,0,130,7.7,899,11:59,29,156,7,15,31.8,2018
848,Marc-Edouard Vlasic\vlasima01,30,SJS,D,81,11,21,32,9,34,7.2,10,1,0,2,18,2,1,161,6.8,1826,22:33,174,26,0,1,0,2018
849,Jakub Voracek\voracja01,28,PHI,RW,82,20,65,85,10,50,8.1,15,5,0,3,35,30,0,228,8.8,1595,19:27,32,23,15,19,44.1,2018
850,Jakub Vrana\vranaja01,21,WSH,LW,73,13,14,27,2,12,2.6,12,1,0,2,12,2,0,133,9.8,912,12:30,16,31,13,12,52,2018
851,Radim Vrbata\vrbatra01,36,FLA,RW,42,5,9,14,-7,16,0.7,3,2,0,0,7,2,0,88,5.7,542,12:54,16,15,7,14,33.3,2018
852,Chris Wagner\wagnech01,26,TOT,C,79,7,9,16,-10,37,0.2,4,1,2,0,7,2,0,93,7.5,1049,13:17,49,253,230,240,48.9,2018
852,Chris Wagner\wagnech01,26,ANA,C,64,6,9,15,-7,35,0.4,3,1,2,0,7,2,0,78,7.7,861,13:27,34,212,180,194,48.1,2018
852,Chris Wagner\wagnech01,26,NYI,C,15,1,0,1,-3,2,-0.3,1,0,0,0,0,0,0,15,6.7,188,12:32,15,41,50,46,52.1,2018
853,Nathan Walker\walkena01,23,TOT,C,9,1,0,1,0,6,0.1,1,0,0,0,0,0,0,6,16.7,85,09:27,1,18,0,0,,2018
853,Nathan Walker\walkena01,23,WSH,C,7,1,0,1,1,4,0.1,1,0,0,0,0,0,0,4,25,64,09:12,0,13,0,0,,2018
853,Nathan Walker\walkena01,23,EDM,C,2,0,0,0,-1,2,-0.1,0,0,0,0,0,0,0,2,0,21,10:20,1,5,0,0,,2018
854,Lucas Wallmark\wallmlu01,22,CAR,C,11,1,0,1,-4,2,-0.1,1,0,0,0,0,0,0,16,6.3,104,09:30,1,13,38,31,55.1,2018
855,Joel Ward\wardjo02,37,SJS,RW,52,5,7,12,-2,20,0.7,5,0,0,2,7,0,0,40,12.5,617,11:52,27,35,107,124,46.3,2018
856,David Warsofsky\warsoda01,27,COL,D,16,0,5,5,4,0,1,0,0,0,0,5,0,0,18,0,214,13:24,22,1,0,0,,2018
857,Austin Watson\watsoau01,26,NSH,LW,76,14,5,19,2,123,1.8,10,0,4,3,4,0,1,96,14.6,937,12:20,78,187,27,16,62.8,2018
858,Jordan Weal\wealjo01,25,PHI,C,69,8,13,21,-10,12,1,5,3,0,1,13,0,0,102,7.8,894,12:57,25,17,53,63,45.7,2018
859,Shea Weber\webersh01,32,MTL,D,26,6,10,16,-8,14,2.4,4,2,0,1,6,3,1,75,8,659,01:21,59,66,0,0,,2018
860,Yannick Weber\weberya01,29,NSH,D,47,2,3,5,2,16,1.3,2,0,0,0,3,0,0,40,5,567,12:03,35,47,0,0,,2018
861,MacKenzie Weegar\weegama01,24,FLA,D,60,2,6,8,5,32,2.1,2,0,0,0,6,0,0,58,3.4,874,14:34,69,108,0,0,,2018
862,Dale Weise\weiseda01,29,PHI,RW,46,4,4,8,-7,21,0.1,4,0,0,0,4,0,0,44,9.1,486,10:34,14,77,1,1,50,2018
863,Andy Welinski\welinan01,24,ANA,D,7,0,2,2,-1,0,0.2,0,0,0,0,2,0,0,6,0,113,16:10,8,4,0,0,,2018
864,Alexander Wennberg\wennbal01,23,CBJ,C,66,8,27,35,22,12,3.3,5,3,0,2,24,2,1,74,10.8,1197,18:08,46,28,350,424,45.2,2018
865,Zach Werenski\werenza01,20,CBJ,D,77,16,21,37,8,16,7.5,13,3,0,3,14,7,0,207,7.7,1738,22:35,92,58,0,0,,2018
866,Blake Wheeler\wheelbl01,31,WPG,RW,81,23,68,91,13,52,9.2,17,6,0,2,32,34,2,246,9.3,1641,20:15,66,94,166,196,45.9,2018
867,Colin White\whiteco02,21,OTT,C,21,2,4,6,1,8,0.4,2,0,0,1,4,0,0,24,8.3,280,13:21,15,12,20,40,33.3,2018
868,Zach Whitecloud\whiteza01,21,VEG,D,1,0,0,0,3,0,0.2,0,0,0,0,0,0,0,0,,17,16:42,1,0,0,0,,2018
869,Chris Wideman\widemch01,28,OTT,D,16,3,5,8,5,6,1.7,1,2,0,0,5,0,0,24,12.5,185,11:33,9,17,0,0,,2018
870,Justin Williams\williju01,36,CAR,RW,82,16,35,51,-9,56,4.4,14,2,0,2,25,10,0,198,8.1,1360,16:35,42,79,52,64,44.8,2018
871,Colin Wilson\wilsoco01,28,COL,C,56,6,12,18,-5,6,1.1,5,1,0,1,7,5,0,75,8,735,13:08,23,38,60,55,52.2,2018
872,Scott Wilson\wilsosc01,25,TOT,C,69,6,8,14,-20,8,0.1,6,0,0,0,7,1,0,98,6.1,842,12:12,33,128,10,9,52.6,2018
872,Scott Wilson\wilsosc01,25,BUF,C,49,6,8,14,-17,8,0.5,6,0,0,0,7,1,0,85,7.1,684,13:58,28,93,5,5,50,2018
872,Scott Wilson\wilsosc01,25,DET,C,17,0,0,0,-1,0,-0.2,0,0,0,0,0,0,0,10,0,127,07:28,5,22,3,1,75,2018
872,Scott Wilson\wilsosc01,25,PIT,C,3,0,0,0,-2,0,-0.1,0,0,0,0,0,0,0,3,0,31,10:27,0,13,2,3,40,2018
873,Tom Wilson\wilsoto01,23,WSH,RW,78,14,21,35,10,187,3.2,13,0,1,1,20,1,0,123,11.4,1247,15:59,51,250,25,29,46.3,2018
874,Tommy Wingels\wingeto01,29,TOT,C,75,9,8,17,-11,45,0.8,6,1,2,1,8,0,0,86,10.5,861,11:29,41,179,211,244,46.4,2018
874,Tommy Wingels\wingeto01,29,CHI,C,57,7,5,12,-10,43,0.5,4,1,2,1,5,0,0,67,10.4,647,11:21,36,150,185,218,45.9,2018
874,Tommy Wingels\wingeto01,29,BOS,C,18,2,3,5,-1,2,0.3,2,0,0,0,3,0,0,19,10.5,215,11:55,5,29,26,26,50,2018
875,Daniel Winnik\winnida01,32,MIN,C,81,6,17,23,5,27,1.2,6,0,0,0,16,1,0,82,7.3,1099,13:34,53,27,89,110,44.7,2018
876,Luke Witkowski\witkolu01,27,DET,D,31,1,3,4,-1,68,0.7,1,0,0,0,3,0,0,16,6.3,213,06:53,11,57,1,1,50,2018
877,Christian Wolanin\wolanch01,22,OTT,D,10,1,2,3,-4,0,0.2,1,0,0,0,2,0,0,14,7.1,146,14:39,5,5,0,0,,2018
878,Miles Wood\woodmi01,22,NJD,LW,76,19,13,32,-6,84,3.6,16,3,0,2,13,0,0,170,11.2,947,12:28,22,75,2,1,66.7,2018
879,Nail Yakupov\yakupna01,24,COL,RW,58,9,7,16,2,26,1.7,6,3,0,1,6,1,0,94,9.6,629,10:50,9,60,0,2,0,2018
880,Kailer Yamamoto\yamamka01,19,EDM,RW,9,0,3,3,-2,2,0,0,0,0,0,2,1,0,23,0,136,15:10,3,6,0,1,0,2018
881,Keith Yandle\yandlke01,31,FLA,D,82,8,48,56,7,35,8.7,7,1,0,1,29,17,2,179,4.5,2008,00:29,101,26,0,0,,2018
882,Pavel Zacha\zachapa01,20,NJD,C,69,8,17,25,-3,30,1.8,5,2,1,0,14,3,0,112,7.1,992,14:22,22,70,318,407,43.9,2018
883,Nikita Zadorov\zadorni01,22,COL,D,77,7,13,20,4,103,4.4,7,0,0,1,12,1,0,94,7.4,1499,19:28,106,278,0,0,,2018
884,Nikita Zaitsev\zaitsni01,26,TOR,D,60,5,8,13,8,31,3.3,5,0,0,1,8,0,0,54,9.3,1333,22:13,134,113,0,0,,2018
885,Travis Zajac\zajactr01,32,NJD,C,63,12,14,26,-8,25,1.9,9,2,1,0,9,4,1,91,13.2,1128,17:54,38,64,557,537,50.9,2018
886,Henrik Zetterberg\zettehe01,37,DET,LW,82,11,45,56,1,14,4.4,10,1,0,2,28,17,0,180,6.1,1599,19:30,34,49,666,709,48.4,2018
887,Mika Zibanejad\zibanmi01,24,NYR,C,72,27,20,47,-23,14,4.7,13,14,0,4,12,7,1,212,12.7,1293,17:58,64,92,654,633,50.8,2018
888,Mats Zuccarello\zuccama01,30,NYR,LW,80,16,37,53,-10,36,4.4,15,1,0,3,21,16,0,178,9,1514,18:55,67,62,21,59,26.3,2018
889,Jason Zucker\zuckeja01,26,MIN,LW,82,33,31,64,8,44,7.8,25,7,1,7,21,9,1,222,14.9,1391,16:58,47,80,4,14,22.2,2018
890,Valentin Zykov\zykovva01,22,CAR,LW,10,3,4,7,4,2,1,3,0,0,1,4,0,0,18,16.7,137,13:42,1,3,0,1,0,2018
1,Justin Abdelkader\abdelju01,31,DET,LW,71,6,13,19,-14,38,0.1,4,1,1,0,12,1,0,95,6.3,1093,15:24,34,185,52,51,50.5,2019
2,Pontus Aberg\abergpo01,25,TOT,LW,59,12,13,25,-14,20,2,9,3,0,1,9,4,0,101,11.9,861,14:36,11,45,2,17,10.5,2019
2,Pontus Aberg\abergpo01,25,ANA,LW,37,11,8,19,-10,14,1.8,8,3,0,1,7,1,0,74,14.9,578,15:37,7,31,2,9,18.2,2019
2,Pontus Aberg\abergpo01,25,MIN,LW,22,1,5,6,-4,6,0.2,1,0,0,0,2,3,0,27,3.7,283,12:52,4,14,0,8,0,2019
3,Vitaly Abramov\abramvi01,20,OTT,RW,1,0,0,0,-3,0,-0.1,0,0,0,0,0,0,0,0,,14,13:52,1,0,0,0,,2019
4,Noel Acciari\acciano01,27,BOS,C,72,6,8,14,-3,47,0.4,6,0,0,2,8,0,0,99,6.1,935,12:59,36,221,200,203,49.6,2019
5,Kenny Agostino\agostke01,26,TOT,LW,63,6,18,24,-3,34,1.6,6,0,0,0,13,5,0,79,7.6,814,12:55,14,143,15,27,35.7,2019
5,Kenny Agostino\agostke01,26,MTL,LW,36,2,9,11,-1,26,0.5,2,0,0,0,6,3,0,38,5.3,403,11:11,4,80,8,14,36.4,2019
5,Kenny Agostino\agostke01,26,NJD,LW,27,4,9,13,-2,8,1.1,4,0,0,0,7,2,0,41,9.8,411,15:13,10,63,7,13,35,2019
6,Andrew Agozzino\agozzan01,28,COL,LW,11,1,1,2,2,0,0.2,1,0,0,0,1,0,0,11,9.1,86,07:49,3,14,16,22,42.1,2019
7,Sebastian Aho\ahose01,21,CAR,C,82,30,53,83,25,26,9.8,23,3,4,7,31,21,1,243,12.3,1652,20:09,34,65,585,619,48.6,2019
8,Mark Alt\altma01,27,COL,D,2,0,0,0,0,0,0,0,0,0,0,0,0,0,2,0,20,09:55,2,0,0,0,,2019
9,Karl Alzner\alzneka01,30,MTL,D,9,0,1,1,1,2,0.3,0,0,0,0,1,0,0,8,0,156,17:18,10,13,0,0,,2019
10,Michael Amadio\amadimi01,22,LAK,C,43,6,7,13,-1,6,1.3,6,0,0,0,7,0,0,37,16.2,439,10:12,13,16,96,127,43,2019
11,Joey Anderson\anderjo08,20,NJD,RW,34,4,3,7,-7,6,0.2,3,0,1,1,3,0,0,49,8.2,439,12:54,11,42,9,8,52.9,2019
12,Josh Anderson\anderjo05,24,CBJ,RW,82,27,20,47,25,60,6.2,22,3,2,5,15,4,1,230,11.7,1396,17:01,40,214,12,26,31.6,2019
13,Jaret Anderson-Dolan\anderja01,19,LAK,C,5,0,1,1,-2,0,-0.1,0,0,0,0,1,0,0,6,0,58,11:36,2,5,4,5,44.4,2019
14,Lias Andersson\anderli01,20,NYR,C,42,2,4,6,-13,29,-0.4,1,0,1,0,4,0,0,41,4.9,450,10:43,8,60,84,106,44.2,2019
15,Rasmus Andersson\anderra01,22,CGY,D,79,2,17,19,17,23,3.8,2,0,0,0,15,2,0,115,1.7,1267,16:02,83,52,0,0,,2019
16,Sven Andrighetto\andrisv01,25,COL,RW,64,7,10,17,10,14,1.6,7,0,0,1,10,0,0,95,7.4,708,11:04,32,29,3,8,27.3,2019
17,Artem Anisimov\anisiar01,30,CHI,C,78,15,22,37,-2,14,2.6,13,1,1,1,19,3,0,142,10.6,1275,16:21,33,25,332,394,45.7,2019
18,Mason Appleton\applema01,23,WPG,C,36,3,7,10,9,4,1.1,3,0,0,1,7,0,0,29,10.3,295,08:12,12,28,0,1,0,2019
19,Darren Archibald\archida02,28,TOT,RW,12,1,1,2,-3,12,0.1,1,0,0,0,1,0,0,10,10,89,07:23,4,10,0,1,0,2019
19,Darren Archibald\archida02,28,VAN,RW,9,1,1,2,-1,12,0.2,1,0,0,0,1,0,0,8,12.5,69,07:38,3,8,0,1,0,2019
19,Darren Archibald\archida02,28,OTT,RW,3,0,0,0,-2,0,-0.1,0,0,0,0,0,0,0,2,0,20,06:35,1,2,0,0,,2019
20,Josh Archibald\archijo01,26,ARI,RW,68,12,10,22,1,15,2.4,12,0,0,1,9,0,1,92,13,923,13:34,39,161,12,25,32.4,2019
21,Joel Armia\armiajo01,25,MTL,RW,57,13,10,23,0,14,2,10,2,1,2,6,4,0,134,9.7,900,15:48,21,113,5,24,17.2,2019
22,Viktor Arvidsson\arvidvi01,25,NSH,LW,58,34,14,48,12,26,7,29,3,2,7,12,1,1,195,17.4,1110,19:09,23,18,2,15,11.8,2019
23,Zach Aston-Reese\astonza01,24,PIT,C,43,8,9,17,12,26,1.9,7,0,1,1,9,0,0,76,10.5,587,13:39,37,138,8,10,44.4,2019
24,Andreas Athanasiou\athanan01,24,DET,C,76,30,24,54,-9,38,5.9,27,3,0,4,16,8,0,216,13.9,1290,16:58,26,33,171,228,42.9,2019
25,Cam Atkinson\atkinca01,29,CBJ,RW,80,41,28,69,3,20,8.8,29,8,4,8,22,6,0,295,13.9,1550,19:23,25,27,24,52,31.6,2019
26,Nicolas Aube-Kubel\aubekni01,22,PHI,RW,9,0,0,0,1,0,0,0,0,0,0,0,0,0,2,0,50,05:35,0,14,0,0,,2019
27,David Backes\backeda01,34,BOS,C,70,7,13,20,0,31,1.3,5,2,0,1,8,5,0,129,5.4,913,13:02,30,140,176,133,57,2019
28,Mikael Backlund\backlmi01,29,CGY,C,77,21,26,47,34,52,5.4,19,1,1,4,24,1,1,205,10.2,1378,17:54,26,52,511,520,49.6,2019
29,Nicklas Backstrom\backsni02,31,WSH,C,80,22,52,74,2,30,6.6,15,7,0,5,34,18,0,169,13,1596,19:57,30,54,700,739,48.6,2019
30,Sven Baertschi\baertsv01,26,VAN,LW,26,9,5,14,-9,6,1.4,6,3,0,0,1,4,0,43,20.9,394,15:08,13,18,1,3,25,2019
31,Josh Bailey\bailejo01,29,NYI,C,82,16,40,56,8,21,5.4,13,2,1,4,28,12,0,126,12.7,1380,16:50,32,19,140,132,51.5,2019
32,Justin Bailey\baileju01,23,PHI,RW,11,0,1,1,0,2,0,0,0,0,0,1,0,0,5,0,63,05:44,5,9,0,0,,2019
33,Rudolfs Balcers\balceru01,21,OTT,LW,36,5,9,14,-7,10,0.9,2,3,0,1,8,1,0,48,10.4,445,12:21,24,18,1,6,14.3,2019
34,Ivan Barbashev\barbaiv01,23,STL,C,80,14,12,26,-4,17,2.5,12,0,2,1,12,0,0,60,23.3,921,11:31,31,86,201,240,45.6,2019
35,Mark Barberio\barbema01,28,COL,D,12,1,0,1,-6,4,-0.1,1,0,0,0,0,0,0,11,9.1,183,15:14,14,13,0,0,,2019
36,Aleksander Barkov\barkoal01,23,FLA,C,82,35,61,96,-3,8,10,22,13,0,5,42,18,1,206,17,1833,22:21,61,28,1041,898,53.7,2019
37,Tyson Barrie\barrity01,27,COL,D,78,14,45,59,-3,36,8.4,12,2,0,2,22,23,0,218,6.4,1699,21:47,93,48,0,0,,2019
38,Matt Bartkowski\bartkma01,30,MIN,D,2,1,0,1,2,0,0.4,1,0,0,0,0,0,0,2,50,21,10:42,1,1,0,0,,2019
39,Mathew Barzal\barzama01,21,NYI,C,82,18,44,62,-5,46,5.6,15,3,0,3,29,15,0,179,10.1,1470,17:55,56,25,241,339,41.6,2019
40,Nathan Bastian\bastina01,21,NJD,RW,7,3,0,3,0,10,0.5,3,0,0,0,0,0,0,13,23.1,89,12:41,1,24,3,0,100,2019
41,Drake Batherson\bathedr01,20,OTT,C,20,3,6,9,-2,6,0.7,1,2,0,2,5,1,0,18,16.7,268,13:25,21,17,3,1,75,2019
42,Gavin Bayreuther\bayrega01,24,DAL,D,19,2,3,5,2,10,1.4,2,0,0,0,1,2,0,25,8,346,18:11,19,11,0,0,,2019
43,Jay Beagle\beaglja01,33,VAN,RW,57,3,10,13,-8,18,0.1,2,0,1,0,10,0,0,45,6.7,778,13:39,33,102,426,332,56.2,2019
44,Jake Bean\beanja01,20,CAR,D,2,0,0,0,0,2,0,0,0,0,0,0,0,0,1,0,17,08:28,0,1,0,0,,2019
45,Nathan Beaulieu\beaulna01,26,TOT,D,48,3,9,12,6,39,2.7,3,0,0,0,8,1,0,60,5,744,15:30,42,60,0,0,,2019
45,Nathan Beaulieu\beaulna01,26,BUF,D,30,3,4,7,1,32,1.7,3,0,0,0,3,1,0,35,8.6,441,14:42,30,33,0,0,,2019
45,Nathan Beaulieu\beaulna01,26,WPG,D,18,0,5,5,5,7,1.1,0,0,0,0,5,0,0,25,0,303,16:51,12,27,0,0,,2019
46,Anthony Beauvillier\beauvan01,21,NYI,LW,81,18,10,28,1,8,2.8,17,1,0,4,9,1,0,156,11.5,1186,14:39,35,87,26,31,45.6,2019
47,Matt Beleskey\belesma01,30,NYR,LW,4,1,0,1,1,5,0.2,1,0,0,0,0,0,0,3,33.3,29,07:22,1,7,1,0,100,2019
48,Pierre-Edouard Bellemare\bellepi01,33,VEG,LW,76,6,9,15,2,6,0.7,4,0,2,0,9,0,0,108,5.6,945,12:26,51,71,393,326,54.7,2019
49,Louis Belpedio\belpelo01,22,MIN,D,2,0,0,0,0,0,0,0,0,0,0,0,0,0,0,,26,13:08,4,1,0,0,,2019
50,Jamie Benn\bennja01,29,DAL,LW,78,27,26,53,14,56,6.6,19,8,0,2,23,3,0,189,14.3,1422,18:14,71,142,205,213,49,2019
51,Jordie Benn\bennjo01,31,MTL,D,81,5,17,22,15,39,4.8,5,0,0,1,17,0,0,93,5.4,1474,18:12,128,124,0,0,,2019
52,Sam Bennett\bennesa01,22,CGY,C,71,13,14,27,-6,93,1.9,9,4,0,2,12,2,0,115,11.3,944,13:17,27,121,50,40,55.6,2019
53,Matt Benning\bennima01,24,EDM,D,70,5,12,17,11,33,4,5,0,0,0,10,1,1,94,5.3,1046,14:57,59,109,0,0,,2019
54,Patrice Bergeron\bergepa01,33,BOS,C,65,32,47,79,23,30,10.1,19,9,4,3,26,18,3,205,15.6,1200,18:28,60,43,786,603,56.6,2019
55,Patrik Berglund\berglpa01,30,BUF,C,23,2,2,4,-5,6,0,2,0,0,0,2,0,0,25,8,300,13:03,16,25,68,48,58.6,2019
56,Tyler Bertuzzi\bertuty01,23,DET,LW,73,21,26,47,11,36,5.2,18,3,0,4,23,3,0,131,16,1206,16:31,39,76,10,20,33.3,2019
57,Alex Biega\biegaal01,30,VAN,D,41,2,14,16,0,22,2.7,2,0,0,0,13,1,0,91,2.2,725,17:40,43,101,0,0,,2019
58,Clark Bishop\bishocl01,22,CAR,C,20,1,2,3,-3,6,0,1,0,0,0,2,0,0,16,6.3,189,09:27,5,39,69,78,46.9,2019
59,Anthony Bitetto\bitetan01,28,TOT,D,36,0,3,3,-7,12,0.3,0,0,0,0,3,0,0,30,0,429,11:56,36,80,0,0,,2019
59,Anthony Bitetto\bitetan01,28,NSH,D,18,0,3,3,1,8,0.6,0,0,0,0,3,0,0,15,0,192,10:40,23,40,0,0,,2019
59,Anthony Bitetto\bitetan01,28,MIN,D,18,0,0,0,-8,4,-0.2,0,0,0,0,0,0,0,15,0,237,13:11,13,40,0,0,,2019
60,Anders Bjork\bjorkan01,22,BOS,LW,20,1,2,3,-1,2,0,1,0,0,0,2,0,0,18,5.6,236,11:48,12,9,1,0,100,2019
61,Oliver Bjorkstrand\bjorkol01,23,CBJ,RW,77,23,13,36,8,8,4.8,20,3,0,1,13,0,0,161,14.3,950,12:20,34,43,5,8,38.5,2019
62,Nick Bjugstad\bjugsni01,26,TOT,C,64,14,12,26,6,30,2.6,12,2,0,2,8,4,0,154,9.1,968,15:07,27,126,262,268,49.4,2019
62,Nick Bjugstad\bjugsni01,26,PIT,C,32,9,5,14,4,14,1.6,8,1,0,1,3,2,0,94,9.6,504,15:45,9,82,159,169,48.5,2019
62,Nick Bjugstad\bjugsni01,26,FLA,C,32,5,7,12,2,16,1,4,1,0,1,5,2,0,60,8.3,464,14:30,18,44,103,99,51,2019
63,Colin Blackwell\blackco01,25,NSH,C,6,0,0,0,-1,2,-0.1,0,0,0,0,0,0,0,5,0,58,09:44,3,10,13,16,44.8,2019
64,Sammy Blais\blaissa01,22,STL,LW,32,2,2,4,-1,6,0.1,2,0,0,0,2,0,0,27,7.4,315,09:51,12,93,1,1,50,2019
65,Joseph Blandisi\blandjo01,24,TOT,C,9,0,0,0,-1,6,-0.1,0,0,0,0,0,0,0,8,0,67,07:27,1,10,0,0,,2019
65,Joseph Blandisi\blandjo01,24,PIT,C,6,0,0,0,0,0,-0.1,0,0,0,0,0,0,0,7,0,35,05:51,1,6,0,0,,2019
65,Joseph Blandisi\blandjo01,24,ANA,C,3,0,0,0,-1,6,-0.1,0,0,0,0,0,0,0,1,0,32,10:39,0,4,0,0,,2019
66,Anton Blidh\blidhan01,23,BOS,LW,1,0,0,0,0,0,0,0,0,0,0,0,0,0,0,,14,13:46,1,6,0,0,,2019
67,Teddy Blueger\bluegte01,24,PIT,C,28,6,4,10,7,15,1.3,5,0,1,1,2,0,2,33,18.2,310,11:03,14,52,41,51,44.6,2019
68,Mikkel Boedker\boedkmi01,29,OTT,RW,71,7,28,35,-23,6,1.6,5,2,0,1,23,5,0,88,8,996,14:01,28,54,7,11,38.9,2019
69,Brock Boeser\boesebr01,21,VAN,RW,69,26,30,56,-2,22,6.3,20,6,0,3,21,9,0,209,12.4,1322,19:10,22,14,39,51,43.3,2019
70,Zach Bogosian\bogosza01,28,BUF,D,65,3,16,19,-5,52,3.7,2,0,1,0,15,1,0,93,3.2,1406,21:38,116,83,0,0,,2019
71,Nick Bonino\boninni01,30,NSH,C,81,17,18,35,27,18,4.1,14,3,0,1,17,0,1,118,14.4,1321,16:18,70,24,586,546,51.8,2019
72,William Borgen\borgewi01,22,BUF,D,4,0,0,0,-5,0,-0.3,0,0,0,0,0,0,0,2,0,66,16:33,3,12,0,0,,2019
73,Henrik Borgström\borgshe01,21,FLA,C,50,8,10,18,-14,4,1.1,5,3,0,0,6,4,0,54,14.8,600,12:00,12,11,165,240,40.7,2019
74,Mark Borowiecki\borowma01,29,OTT,D,53,1,4,5,-12,89,0.4,1,0,0,0,4,0,0,59,1.7,825,15:34,93,212,0,0,,2019
75,Robert Bortuzzo\borturo01,29,STL,D,59,2,8,10,9,47,2.8,2,0,0,0,7,0,1,75,2.7,913,15:28,72,95,0,0,,2019
76,Evan Bouchard\bouchev01,19,EDM,D,7,1,0,1,-5,2,-0.1,0,1,0,0,0,0,0,10,10,86,12:21,8,6,0,0,,2019
77,Reid Boucher\bouchre01,25,VAN,C,1,0,0,0,0,0,0,0,0,0,0,0,0,0,0,,5,05:28,0,1,0,0,,2019
78,Gabriel Bourque\bourqga01,28,COL,LW,55,2,6,8,3,10,0.2,2,0,0,1,5,0,1,34,5.9,536,09:44,48,100,7,13,35,2019
79,Jay Bouwmeester\bouwmja01,35,STL,D,78,3,14,17,-3,40,3.5,3,0,0,1,14,0,0,82,3.7,1617,20:44,127,61,0,0,,2019
80,Madison Bowey\boweyma01,23,TOT,D,50,2,8,10,-1,46,1.6,2,0,0,1,8,0,0,48,4.2,763,15:16,63,72,0,0,,2019
80,Madison Bowey\boweyma01,23,WSH,D,33,1,5,6,3,38,1.1,1,0,0,1,5,0,0,34,2.9,454,13:45,41,47,0,0,,2019
80,Madison Bowey\boweyma01,23,DET,D,17,1,3,4,-4,8,0.5,1,0,0,0,3,0,0,14,7.1,309,18:12,22,25,0,0,,2019
81,Johnny Boychuk\boychjo01,35,NYI,D,74,3,16,19,10,25,4.5,2,1,0,1,13,2,1,157,1.9,1393,18:50,120,144,0,0,,2019
82,Travis Boyd\boydtr01,25,WSH,C,53,5,15,20,6,6,1.7,5,0,0,1,13,2,0,35,14.3,521,09:50,21,13,76,134,36.2,2019
83,Brian Boyle\boylebr01,34,TOT,C,73,18,6,24,-14,38,2.3,10,7,1,4,3,2,1,123,14.6,981,13:26,50,145,170,163,51.1,2019
83,Brian Boyle\boylebr01,34,NJD,C,47,13,6,19,-13,22,1.9,6,6,1,2,3,2,1,81,16,650,13:49,36,88,103,102,50.2,2019
83,Brian Boyle\boylebr01,34,NSH,C,26,5,0,5,-1,16,0.4,4,1,0,2,0,0,0,42,11.9,331,12:44,14,57,67,61,52.3,2019
84,Tyler Bozak\bozakty01,32,STL,C,72,13,25,38,-3,20,3.2,11,2,0,3,19,6,0,141,9.2,1177,16:21,33,52,451,379,54.3,2019
85,Erik Brannstrom\branner01,19,OTT,D,2,0,0,0,0,0,0,0,0,0,0,0,0,0,0,,36,18:04,1,1,0,0,,2019
86,Derick Brassard\brassde01,31,TOT,C,70,14,9,23,-19,39,1.2,12,2,0,0,6,3,0,110,12.7,1050,15:00,15,102,283,305,48.1,2019
86,Derick Brassard\brassde01,31,PIT,C,40,9,6,15,-6,29,1.1,9,0,0,0,4,2,0,62,14.5,597,14:56,12,69,200,221,47.5,2019
86,Derick Brassard\brassde01,31,COL,C,20,4,0,4,-7,8,0,2,2,0,0,0,0,0,32,12.5,300,15:00,3,20,69,67,50.7,2019
86,Derick Brassard\brassde01,31,FLA,C,10,1,3,4,-6,2,0,1,0,0,0,2,1,0,16,6.3,153,15:17,0,13,14,17,45.2,2019
87,Jesper Bratt\brattje01,20,NJD,W,51,8,25,33,-8,6,2.8,7,1,0,1,18,7,0,91,8.8,774,15:10,22,36,4,3,57.1,2019
88,Justin Braun\braunju01,31,SJS,D,78,2,14,16,-14,35,1.6,2,0,0,0,13,1,0,105,1.9,1584,20:18,120,121,0,0,,2019
89,Connor Brickley\brickco01,26,NYR,C,14,1,3,4,3,9,0.4,1,0,0,0,3,0,0,18,5.6,126,08:59,6,35,0,7,0,2019
90,Daniel Brickley\brickda01,23,LAK,D,4,0,1,1,-2,0,0,0,0,0,0,1,0,0,2,0,51,12:49,4,5,0,0,,2019
91,Guillaume Brisebois\brisegu01,21,VAN,D,8,0,0,0,-4,0,-0.2,0,0,0,0,0,0,0,5,0,88,11:01,7,3,0,0,,2019
92,T.J. Brodie\broditj01,28,CGY,D,79,9,25,34,29,24,7,7,1,1,1,22,3,0,102,8.8,1696,21:28,86,21,0,1,0,2019
93,Jonas Brodin\brodijo01,25,MIN,D,82,4,14,18,-15,30,3.7,3,0,1,2,13,1,0,111,3.6,1685,20:33,135,61,0,0,,2019
94,Kyle Brodziak\brodzky01,34,EDM,C,70,6,3,9,-14,33,-0.4,5,0,1,2,3,0,0,74,8.1,818,11:42,46,92,399,368,52,2019
95,Jonny Brodzinski\brodzjo01,25,LAK,C,13,2,1,3,0,2,0.3,2,0,0,0,1,0,0,17,11.8,129,09:55,7,23,1,1,50,2019
96,Troy Brouwer\brouwtr01,33,FLA,RW,75,12,9,21,-6,47,1.5,11,0,1,1,9,0,0,86,14,952,12:41,38,177,19,32,37.3,2019
97,Connor Brown\brownco02,25,TOR,RW,82,8,21,29,11,16,2,8,0,0,0,17,1,3,85,9.4,1131,13:48,37,35,20,31,39.2,2019
98,Dustin Brown\browndu01,34,LAK,RW,72,22,29,51,-17,24,4.7,12,9,1,3,25,3,1,180,12.2,1469,20:24,29,150,1,16,5.9,2019
99,J.T. Brown\brownjt01,28,MIN,RW,56,3,5,8,0,29,0.4,3,0,0,0,5,0,0,56,5.4,514,09:10,16,99,5,13,27.8,2019
100,Josh Brown\brownjo01,25,FLA,D,37,1,1,2,-3,28,0.5,1,0,0,0,1,0,0,28,3.6,492,13:18,31,80,0,0,,2019
101,Logan Brown\brownlo01,20,OTT,C,2,0,0,0,-2,0,-0.1,0,0,0,0,0,0,0,2,0,21,10:31,1,0,2,6,25,2019
102,Pavel Buchnevich\buchnpa01,23,NYR,LW,64,21,17,38,-10,13,4,14,7,0,1,12,5,0,119,17.6,971,15:10,20,60,7,18,28,2019
103,Michael Bunting\buntimi01,23,ARI,LW,5,1,0,1,0,2,0.1,1,0,0,0,0,0,0,5,20,48,09:33,1,6,0,0,,2019
104,Andre Burakovsky\burakan01,23,WSH,LW,76,12,13,25,2,14,2.2,11,1,0,4,13,0,0,100,12,846,11:08,29,35,7,13,35,2019
105,Erik Burgdoerfer\burgder01,30,OTT,D,4,0,0,0,-1,2,0,0,0,0,0,0,0,0,2,0,43,10:40,0,16,0,0,,2019
106,Brent Burns\burnsbr01,33,SJS,D,82,16,67,83,13,34,12,8,7,1,6,42,21,4,300,5.3,2058,01:06,105,90,0,1,0,2019
107,Will Butcher\butchwi01,24,NJD,D,78,4,26,30,-17,18,4.1,3,1,0,1,13,13,0,108,3.7,1503,19:16,74,38,0,0,,2019
108,Chris Butler\butlech01,32,STL,D,13,1,1,2,3,0,0.7,1,0,0,0,1,0,0,10,10,183,14:02,17,17,0,0,,2019
109,Dustin Byfuglien\byfugdu01,33,WPG,D,42,4,27,31,4,69,4.4,3,1,0,1,12,15,0,115,3.5,1023,00:22,51,77,0,0,,2019
110,Paul Byron\byronpa01,29,MTL,C,56,15,16,31,16,17,3.8,13,0,2,3,14,1,1,94,16,816,14:34,36,114,12,23,34.3,2019
111,Drake Caggiula\caggidr01,24,TOT,LW,55,12,11,23,-5,28,1.9,11,0,1,2,11,0,0,96,12.5,794,14:26,26,135,16,27,37.2,2019
111,Drake Caggiula\caggidr01,24,EDM,LW,29,7,4,11,-8,16,0.8,6,0,1,2,4,0,0,49,14.3,407,14:03,17,79,4,11,26.7,2019
111,Drake Caggiula\caggidr01,24,CHI,LW,26,5,7,12,3,12,1.1,5,0,0,0,7,0,0,47,10.6,386,14:51,9,56,12,16,42.9,2019
112,Ryan Callahan\callary01,33,TBL,RW,52,7,10,17,7,14,1.5,6,1,0,3,9,0,1,76,9.2,579,11:08,25,89,6,15,28.6,2019
113,Matt Calvert\calvema01,29,COL,LW,82,11,15,26,-10,58,1.4,10,1,0,0,12,1,2,141,7.8,1164,14:12,51,115,40,53,43,2019
114,Kyle Capobianco\capobky01,21,ARI,D,2,0,0,0,-2,0,-0.1,0,0,0,0,0,0,0,1,0,32,16:05,2,2,0,0,,2019
115,Paul Carey\careypa01,30,TOT,C,7,0,0,0,0,0,-0.1,0,0,0,0,0,0,0,4,0,75,10:39,3,3,1,3,25,2019
115,Paul Carey\careypa01,30,OTT,C,5,0,0,0,0,0,-0.1,0,0,0,0,0,0,0,1,0,46,09:08,2,2,1,3,25,2019
115,Paul Carey\careypa01,30,BOS,C,2,0,0,0,0,0,0,0,0,0,0,0,0,0,3,0,29,14:25,1,1,0,0,,2019
116,Brandon Carlo\carlobr01,22,BOS,D,72,2,8,10,22,47,4.3,2,0,0,0,6,0,2,116,1.7,1506,20:55,88,134,1,0,100,2019
117,John Carlson\carlsjo01,29,WSH,D,80,13,57,70,21,34,10.5,10,3,0,1,27,30,0,185,7,2005,01:04,164,54,0,0,,2019
118,Gabriel Carlsson\carlsga01,22,CBJ,D,1,0,0,0,-1,2,-0.1,0,0,0,0,0,0,0,1,0,9,09:21,0,0,0,0,,2019
119,Ryan Carpenter\carpery01,28,VEG,C,68,5,13,18,-6,8,0.7,4,0,1,0,12,0,1,102,4.9,858,12:37,17,126,161,145,52.6,2019
120,Daniel Carr\carrda01,27,VEG,LW,6,1,0,1,-1,0,0.1,1,0,0,0,0,0,0,11,9.1,59,09:50,3,9,0,0,,2019
121,Connor Carrick\carrico01,24,TOT,D,34,2,9,11,-13,19,1.1,2,0,0,1,8,1,0,42,4.8,571,16:48,37,25,0,0,,2019
121,Connor Carrick\carrico01,24,NJD,D,20,1,6,7,-6,6,0.9,1,0,0,1,5,1,0,26,3.8,392,19:35,26,20,0,0,,2019
121,Connor Carrick\carrico01,24,DAL,D,14,1,3,4,-7,13,0.3,1,0,0,0,3,0,0,16,6.3,179,12:49,11,5,0,0,,2019
122,Sam Carrick\carrisa01,26,ANA,C,6,0,1,1,-1,2,0,0,0,0,0,1,0,0,5,0,61,10:13,2,15,19,18,51.4,2019
123,Trevor Carrick\carritr01,24,CAR,D,1,0,0,0,-1,5,-0.1,0,0,0,0,0,0,0,0,,11,11:29,1,1,0,0,,2019
124,William Carrier\carriwi01,24,VEG,LW,54,8,1,9,-4,29,0.7,8,0,0,1,1,0,0,85,9.4,537,09:57,13,277,0,0,,2019
125,Jeff Carter\carteje01,34,LAK,C,76,13,20,33,-20,42,2,7,5,1,1,11,8,1,174,7.5,1380,18:09,30,80,607,577,51.3,2019
126,Colby Cave\caveco01,24,TOT,C,53,3,5,8,-5,16,-0.1,3,0,0,1,5,0,0,58,5.2,653,12:19,18,73,200,199,50.1,2019
126,Colby Cave\caveco01,24,EDM,C,33,2,1,3,-4,8,-0.3,2,0,0,1,1,0,0,40,5,389,11:47,13,51,125,113,52.5,2019
126,Colby Cave\caveco01,24,BOS,C,20,1,4,5,-1,8,0.1,1,0,0,0,4,0,0,18,5.6,264,13:11,5,22,75,86,46.6,2019
127,Cody Ceci\cecico01,25,OTT,D,74,7,19,26,-22,18,3.1,7,0,0,2,18,1,0,132,5.3,1670,22:34,142,120,0,0,,2019
128,Peter Cehlarik\cehlape01,23,BOS,LW,20,4,2,6,3,6,0.7,3,1,0,1,2,0,0,30,13.3,252,12:36,7,5,0,5,0,2019
129,Erik Cernak\cernaer01,21,TBL,D,58,5,11,16,25,58,4.3,4,1,0,1,11,0,0,107,4.7,1117,19:15,79,198,0,0,,2019
130,Thomas Chabot\chaboth01,22,OTT,D,70,14,41,55,-12,32,7.5,12,1,1,2,26,15,0,185,7.6,1700,00:17,112,71,0,0,,2019
131,Michael Chaput\chapumi01,26,MTL,C,32,0,5,5,-4,14,-0.3,0,0,0,0,5,0,0,31,0,359,11:13,17,53,124,120,50.8,2019
132,Zdeno Chara\charazd01,41,BOS,D,62,5,9,14,22,57,4.8,4,1,0,2,7,2,0,99,5.1,1307,21:05,88,81,0,0,,2019
133,Rourke Chartier\chartro01,22,SJS,C,13,1,0,1,-5,2,-0.2,1,0,0,0,0,0,0,19,5.3,122,09:24,3,14,34,51,40,2019
134,Jake Chelios\chelija01,27,DET,D,5,0,0,0,0,2,0.1,0,0,0,0,0,0,0,5,0,86,17:12,5,7,0,0,,2019
135,Ben Chiarot\chiarbe01,27,WPG,D,78,5,15,20,6,62,3.8,5,0,0,1,14,0,1,111,4.5,1452,18:37,139,171,0,0,,2019
136,Alex Chiasson\chiasal01,28,EDM,RW,73,22,16,38,-1,32,4,13,8,1,1,8,7,1,123,17.9,1239,16:58,31,85,7,15,31.8,2019
137,Filip Chlapik\chlapfi01,21,OTT,C,5,1,0,1,-2,4,0,1,0,0,0,0,0,0,9,11.1,69,13:52,4,1,8,16,33.3,2019
138,Dennis Cholowski\cholode01,20,DET,D,52,7,9,16,-20,16,1.7,3,4,0,1,4,5,0,71,9.9,949,18:15,50,18,1,0,100,2019
139,Jakob Chychrun\chychja01,20,ARI,D,53,5,15,20,-12,28,3.4,2,3,0,0,10,5,0,117,4.3,1074,20:15,77,74,0,0,,2019
140,Filip Chytil\chytifi01,19,NYR,C,75,11,12,23,-22,8,0.9,8,3,0,2,8,4,0,133,8.3,1034,13:47,21,29,68,107,38.9,2019
141,Anthony Cirelli\cirelan01,21,TBL,C,82,19,20,39,25,34,4.4,14,0,5,5,18,1,1,123,15.4,1217,14:51,49,94,502,449,52.8,2019
142,Casey Cizikas\cizikca01,27,NYI,C,73,20,13,33,22,36,4.6,18,0,2,3,12,0,1,111,18,1024,14:01,68,129,497,516,49.1,2019
143,Fredrik Claesson\claesfr01,26,NYR,D,37,2,4,6,3,9,1.6,2,0,0,0,3,0,1,44,4.5,638,17:15,33,76,0,0,,2019
144,Adam Clendening\clendad01,26,CBJ,D,4,0,0,0,1,0,0.1,0,0,0,0,0,0,0,3,0,43,10:39,3,1,0,0,,2019
145,Kyle Clifford\cliffky01,28,LAK,LW,72,11,10,21,4,96,2.3,10,1,0,2,10,0,0,115,9.6,755,10:29,24,115,3,5,37.5,2019
146,Connor Clifton\cliftco01,23,BOS,D,19,0,1,1,5,15,0.8,0,0,0,0,1,0,0,22,0,336,17:42,13,40,0,0,,2019
147,Cal Clutterbuck\cluttca01,31,NYI,RW,73,8,15,23,6,44,1.7,5,3,0,2,14,0,1,95,8.4,1020,13:58,40,209,15,19,44.1,2019
148,Braydon Coburn\coburbr01,33,TBL,D,74,4,19,23,4,34,3.4,4,0,0,0,19,0,0,113,3.5,1192,16:07,62,96,0,0,,2019
149,Andrew Cogliano\coglian01,31,TOT,LW,78,6,11,17,1,22,1,5,1,0,1,11,0,0,106,5.7,982,12:35,32,68,11,18,37.9,2019
149,Andrew Cogliano\coglian01,31,ANA,LW,46,3,8,11,2,14,0.6,2,1,0,1,8,0,0,64,4.7,609,13:15,13,43,7,13,35,2019
149,Andrew Cogliano\coglian01,31,DAL,LW,32,3,3,6,-1,8,0.4,3,0,0,0,3,0,0,42,7.1,373,11:39,19,25,4,5,44.4,2019
150,Ian Cole\coleia01,29,COL,D,71,2,13,15,-1,115,2.6,2,0,0,0,13,0,0,82,2.4,1403,19:45,178,107,0,0,,2019
151,Blake Coleman\colembl01,27,NJD,C,78,22,14,36,-19,71,3.3,16,3,3,3,12,0,2,213,10.3,1327,17:01,44,225,109,153,41.6,2019
152,Blake Comeau\comeabl01,32,DAL,RW,77,7,11,18,-7,42,0.6,7,0,0,2,11,0,0,102,6.9,1211,15:44,40,208,25,32,43.9,2019
153,J.T. Compher\comphj.01,23,COL,LW,66,16,16,32,-8,31,2.6,9,4,3,3,11,5,0,118,13.6,1153,17:29,59,33,301,311,49.2,2019
154,Max Comtois\comtoma01,20,ANA,LW,10,2,5,7,3,7,0.8,2,0,0,1,5,0,0,9,22.2,146,14:35,3,27,3,8,27.3,2019
155,Cory Conacher\conacco01,29,TBL,LW,1,0,0,0,0,2,0,0,0,0,0,0,0,0,1,0,9,08:35,0,0,0,0,,2019
156,Erik Condra\condrer01,32,DAL,RW,6,1,0,1,-2,2,0,1,0,0,0,0,0,0,10,10,76,12:41,1,3,0,1,0,2019
157,Kevin Connauton\connake01,28,ARI,D,50,1,7,8,-2,22,2.3,1,0,0,0,5,0,2,76,1.3,918,18:21,75,108,0,0,,2019
158,Brett Connolly\connobr01,26,WSH,RW,81,22,24,46,13,24,5.2,21,1,0,5,23,1,0,139,15.8,1080,13:20,25,53,9,22,29,2019
159,Kyle Connor\connoky01,22,WPG,LW,82,34,32,66,-7,18,7,22,11,1,5,24,8,0,227,15,1579,19:15,21,9,8,5,61.5,2019
160,Andrew Copp\coppan01,24,WPG,C,69,11,14,25,20,6,2.9,10,0,1,2,14,0,0,82,13.4,839,12:10,34,71,198,160,55.3,2019
161,Nick Cousins\cousini01,25,ARI,C,81,7,20,27,-8,35,1.8,6,1,0,2,18,2,0,144,4.9,1097,13:33,51,115,243,277,46.7,2019
162,Logan Couture\coutulo01,29,SJS,C,81,27,43,70,-6,22,6.6,19,6,2,3,31,12,0,204,13.2,1506,18:36,52,65,282,327,46.3,2019
163,Sean Couturier\coutuse01,26,PHI,C,80,33,43,76,2,34,7.8,24,8,1,5,34,9,0,223,14.8,1770,22:08,60,40,755,568,57.1,2019
164,Charlie Coyle\coylech01,26,TOT,C,81,12,22,34,-1,20,2.7,10,1,1,2,19,3,0,155,7.7,1359,16:47,56,77,322,380,45.9,2019
164,Charlie Coyle\coylech01,26,MIN,C,60,10,18,28,1,16,2.5,8,1,1,2,16,2,0,113,8.8,1023,17:03,45,61,226,265,46,2019
164,Charlie Coyle\coylech01,26,BOS,C,21,2,4,6,-2,4,0.2,2,0,0,0,3,1,0,42,4.8,336,15:59,11,16,96,115,45.5,2019
165,Adam Cracknell\crackad01,33,ANA,RW,2,0,0,0,-1,0,-0.1,0,0,0,0,0,0,0,3,0,21,10:26,0,6,0,0,,2019
166,Sidney Crosby\crosbsi01,31,PIT,C,79,35,65,100,18,36,11.4,23,12,0,3,46,17,2,220,15.9,1658,21:00,43,85,1012,814,55.4,2019
167,Lawson Crouse\crousla01,21,ARI,LW,81,11,14,25,5,67,2.6,9,0,2,1,14,0,0,131,8.4,1049,12:57,44,288,24,34,41.4,2019
168,Matt Cullen\cullema01,42,PIT,C,71,7,13,20,6,14,1.5,5,0,2,2,11,0,2,87,8,817,11:31,31,32,320,320,50,2019
169,Josh Currie\currijo01,26,EDM,RW,21,2,3,5,2,2,0.5,2,0,0,0,3,0,0,19,10.5,183,08:43,17,39,2,3,40,2019
170,Austin Czarnik\czarnau01,26,CGY,C,54,6,12,18,-1,8,1.2,6,0,0,3,9,3,0,65,9.2,612,11:20,24,10,30,34,46.9,2019
171,Evgenii Dadonov\dadonev01,29,FLA,RW,82,28,42,70,-6,8,7.1,20,8,0,4,33,9,0,195,14.4,1506,18:22,42,33,2,3,40,2019
172,Rasmus Dahlin\dahlira01,18,BUF,D,82,9,35,44,-13,34,6.6,4,5,0,4,20,15,0,177,5.1,1735,21:09,66,97,0,0,,2019
173,Carl Dahlstrom\dahlsca01,24,CHI,D,38,0,6,6,9,6,1.5,0,0,0,0,5,0,1,42,0,707,18:36,35,33,0,0,,2019
174,Michael Dal Colle\dalcomi01,22,NYI,LW,28,3,4,7,3,2,0.6,3,0,0,2,4,0,0,34,8.8,339,12:07,8,10,0,1,0,2019
175,Trevor Daley\daleytr01,35,DET,D,44,2,6,8,-3,12,1.6,1,0,1,1,6,0,0,47,4.3,817,18:34,53,14,0,0,,2019
176,Zac Dalpe\dalpeza01,29,CBJ,RW,1,0,1,1,1,0,0.1,0,0,0,0,1,0,0,1,0,9,09:01,0,0,0,1,0,2019
177,Phillip Danault\danauph01,25,MTL,LW,81,12,41,53,17,39,4.6,12,0,0,1,35,4,2,132,9.1,1440,17:47,60,95,882,706,55.5,2019
178,Marko Daňo\danoma01,24,COL,C,8,0,0,0,-1,7,-0.1,0,0,0,0,0,0,0,3,0,55,06:53,3,16,0,5,0,2019
179,Laurent Dauphin\dauphla01,23,ARI,C,1,0,0,0,-1,0,-0.1,0,0,0,0,0,0,0,2,0,12,12:19,1,0,0,1,0,2019
180,Brandon Davidson\davidbr01,27,CHI,D,10,0,1,1,-4,15,-0.2,0,0,0,0,1,0,0,7,0,138,13:48,15,17,0,0,,2019
181,Calvin de Haan\dehaaca01,27,CAR,D,74,1,13,14,1,20,3.1,1,0,0,1,13,0,0,102,1,1370,18:31,106,187,0,1,0,2019
182,Jacob de La Rose\delarja01,23,DET,LW,60,3,6,9,-13,16,-0.4,3,0,0,0,6,0,0,55,5.5,686,11:26,29,72,161,219,42.4,2019
183,Chase De Leo\deleoch01,23,ANA,C,1,0,0,0,1,0,0,0,0,0,0,0,0,0,4,0,13,12:32,0,1,0,0,,2019
184,Jean-Sebastien Dea\deaje01,24,TOT,C,23,4,2,6,0,8,0.7,4,0,0,1,2,0,0,29,13.8,236,10:15,12,21,53,51,51,2019
184,Jean-Sebastien Dea\deaje01,24,NJD,C,20,3,2,5,-1,6,0.5,3,0,0,1,2,0,0,27,11.1,215,10:44,12,19,51,50,50.5,2019
184,Jean-Sebastien Dea\deaje01,24,PIT,C,3,1,0,1,1,2,0.2,1,0,0,0,0,0,0,2,50,21,07:03,0,2,2,1,66.7,2019
185,Anthony DeAngelo\deangan01,23,NYR,D,61,4,26,30,6,77,4.9,4,0,0,0,16,10,0,111,3.6,1179,19:20,82,54,0,0,,2019
186,Alex DeBrincat\debrial01,21,CHI,RW,82,41,35,76,0,15,8.8,28,13,0,3,24,11,0,220,18.6,1451,17:42,26,35,16,19,45.7,2019
187,Jake Debrusk\debruja01,22,BOS,LW,68,27,15,42,2,18,5.2,19,8,0,4,12,3,0,156,17.3,1099,16:10,24,45,8,30,21.1,2019
188,Danny DeKeyser\dekeyda01,28,DET,D,52,5,15,20,2,39,3.8,5,0,0,3,15,0,0,59,8.5,1142,21:58,94,79,0,0,,2019
189,Michael Del Zotto\delzomi01,28,TOT,D,42,1,9,10,-2,8,1.8,1,0,0,0,9,0,0,45,2.2,715,17:02,53,129,0,0,,2019
189,Michael Del Zotto\delzomi01,28,VAN,D,23,1,3,4,3,8,1.2,1,0,0,0,3,0,0,21,4.8,413,17:57,31,89,0,0,,2019
189,Michael Del Zotto\delzomi01,28,ANA,D,12,0,3,3,-3,0,0.4,0,0,0,0,3,0,0,19,0,211,17:36,19,19,0,0,,2019
189,Michael Del Zotto\delzomi01,28,STL,D,7,0,3,3,-2,0,0.2,0,0,0,0,3,0,0,5,0,91,13:02,3,21,0,0,,2019
190,Dylan DeMelo\demeldy01,25,OTT,D,77,4,18,22,-1,32,3.9,4,0,0,0,14,3,1,109,3.7,1485,19:17,130,121,0,0,,2019
191,Jason Demers\demerja01,30,ARI,D,35,2,6,8,9,12,2.8,2,0,0,2,5,1,0,39,5.1,700,20:00,43,50,0,0,,2019
192,Travis Dermott\dermotr01,22,TOR,D,64,4,13,17,-5,22,2.1,4,0,0,0,13,0,0,98,4.1,1108,17:18,57,100,0,0,,2019
193,Nicolas Deslauriers\deslani01,27,MTL,LW,48,2,3,5,-12,22,-0.6,1,0,1,0,3,0,0,48,4.2,482,10:02,22,135,1,0,100,2019
194,Phillip Di Giuseppe\digiuph01,25,TOT,LW,24,1,3,4,-3,8,0,1,0,0,0,3,0,0,31,3.2,243,10:08,9,54,3,2,60,2019
194,Phillip Di Giuseppe\digiuph01,25,CAR,LW,21,1,3,4,-2,8,0.1,1,0,0,0,3,0,0,27,3.7,208,09:55,6,49,3,2,60,2019
194,Phillip Di Giuseppe\digiuph01,25,NSH,LW,3,0,0,0,-1,0,-0.1,0,0,0,0,0,0,0,4,0,35,11:41,3,5,0,0,,2019
195,Jason Dickinson\dickija01,23,DAL,C,67,6,16,22,9,23,1.9,6,0,0,2,16,0,0,94,6.4,896,13:22,50,106,201,268,42.9,2019
196,Brenden Dillon\dillobr01,28,SJS,D,82,1,21,22,19,61,4.5,0,0,1,0,21,0,0,71,1.4,1455,17:45,78,201,0,0,,2019
197,Christian Djoos\djoosch01,24,WSH,D,45,1,9,10,9,4,2,1,0,0,0,9,0,0,33,3,611,13:34,28,18,0,0,,2019
198,Max Domi\domima01,23,MTL,LW,82,28,44,72,20,80,8.2,24,4,0,2,37,7,0,203,13.8,1425,17:23,39,53,447,549,44.9,2019
199,Ryan Donato\donatry01,22,TOT,C,56,10,15,25,-15,6,1.8,7,3,0,1,10,5,0,139,7.2,767,13:42,21,24,11,17,39.3,2019
199,Ryan Donato\donatry01,22,BOS,C,34,6,3,9,-11,2,0.4,3,3,0,0,3,0,0,75,8,425,12:30,10,15,7,10,41.2,2019
199,Ryan Donato\donatry01,22,MIN,C,22,4,12,16,-4,4,1.4,4,0,0,1,7,5,0,64,6.3,342,15:33,11,9,4,7,36.4,2019
200,Matt Donovan\donovma01,28,NSH,D,2,0,1,1,0,2,0.1,0,0,0,0,1,0,0,1,0,15,07:24,3,0,0,0,,2019
201,Joonas Donskoi\donskjo01,26,SJS,RW,80,14,23,37,10,10,3.4,13,1,0,4,21,2,0,115,12.2,1074,13:25,36,36,1,9,10,2019
202,Jake Dotchin\dotchja01,24,ANA,D,20,0,1,1,-4,39,0.1,0,0,0,0,0,0,1,7,0,236,11:49,16,54,0,0,,2019
203,Drew Doughty\doughdr01,29,LAK,D,82,8,37,45,-34,44,5.7,1,7,0,1,19,17,1,154,5.2,2181,02:36,120,168,0,0,,2019
204,Nic Dowd\dowdni01,28,WSH,C,64,8,14,22,10,20,2.1,8,0,0,3,13,0,1,47,17,659,10:18,37,97,245,227,51.9,2019
205,Justin Dowling\dowliju01,28,DAL,C,11,0,1,1,-4,0,-0.2,0,0,0,0,1,0,0,9,0,139,12:40,7,11,31,28,52.5,2019
206,Leon Draisaitl\draisle01,23,EDM,C,82,50,55,105,2,52,12.6,31,16,3,5,42,13,0,231,21.6,1852,22:35,26,57,677,663,50.5,2019
207,Sheldon Dries\driessh01,24,COL,C,40,3,3,6,-7,26,0,2,0,1,0,3,0,0,44,6.8,363,09:04,20,66,66,65,50.4,2019
208,Jonathan Drouin\drouijo01,23,MTL,LW,81,18,35,53,-8,26,4.4,15,3,0,3,22,13,0,190,9.5,1371,16:56,23,55,37,51,42,2019
209,Dillon Dube\dubedi01,20,CGY,C,25,1,4,5,2,4,0.2,1,0,0,0,4,0,0,22,4.5,252,10:04,3,11,16,24,40,2019
210,Brandon Dubinsky\dubinbr01,32,CBJ,C,61,6,8,14,-16,36,0.2,6,0,0,0,7,0,1,63,9.5,754,12:21,28,147,427,321,57.1,2019
211,Pierre-Luc Dubois\duboipi01,20,CBJ,LW,82,27,34,61,16,64,7.2,25,2,0,5,27,7,0,174,15.5,1453,17:43,52,115,455,592,43.5,2019
212,Matt Duchene\duchema01,28,TOT,C,73,31,39,70,-3,8,7.7,25,6,0,1,31,8,0,172,18,1375,18:50,40,28,676,546,55.3,2019
212,Matt Duchene\duchema01,28,OTT,C,50,27,31,58,-2,6,6.8,22,5,0,1,24,7,0,126,21.4,962,19:15,28,17,473,386,55.1,2019
212,Matt Duchene\duchema01,28,CBJ,C,23,4,8,12,-1,2,0.9,3,1,0,0,7,1,0,46,8.7,413,17:57,12,11,203,160,55.9,2019
213,Anthony Duclair\duclaan01,23,TOT,LW,74,19,14,33,-2,14,3.6,12,7,0,3,13,1,0,132,14.4,940,12:42,33,32,2,13,13.3,2019
213,Anthony Duclair\duclaan01,23,CBJ,LW,53,11,8,19,-3,12,1.9,7,4,0,2,7,1,0,92,12,652,12:19,21,24,2,13,13.3,2019
213,Anthony Duclair\duclaan01,23,OTT,LW,21,8,6,14,1,2,1.7,5,3,0,1,6,0,0,40,20,287,13:41,12,8,0,0,,2019
214,Mathew Dumba\dumbama01,24,MIN,D,32,12,10,22,-5,21,4.2,6,6,0,1,4,6,0,93,12.9,748,23:23,43,60,0,0,,2019
215,Brian Dumoulin\dumoubr01,27,PIT,D,76,3,20,23,31,20,5.7,3,0,0,0,16,0,4,99,3,1598,21:02,129,141,0,0,,2019
216,Vince Dunn\dunnvi02,22,STL,D,78,12,23,35,14,45,7.2,9,3,0,4,18,5,0,150,8,1368,17:32,68,48,0,1,0,2019
217,Christian Dvorak\dvorach01,22,ARI,C,20,2,5,7,-2,2,0.5,1,1,0,1,5,0,0,25,8,288,14:23,7,16,125,101,55.3,2019
218,Ryan Dzingel\dzingry01,26,TOT,C,78,26,30,56,-9,29,5.7,21,5,0,5,24,6,0,159,16.4,1312,16:49,38,54,39,56,41.1,2019
218,Ryan Dzingel\dzingry01,26,OTT,C,57,22,22,44,-13,29,4.4,18,4,0,4,16,6,0,133,16.5,1012,17:45,35,41,36,54,40,2019
218,Ryan Dzingel\dzingry01,26,CBJ,C,21,4,8,12,4,0,1.3,3,1,0,1,8,0,0,26,15.4,300,14:16,3,13,3,2,60,2019
219,Cody Eakin\eakinco01,27,VEG,C,78,22,19,41,19,16,5.2,18,1,3,3,16,3,0,120,18.3,1200,15:23,35,88,479,461,51,2019
220,Patrick Eaves\eavespa01,34,ANA,RW,7,0,0,0,-4,4,-0.3,0,0,0,0,0,0,0,6,0,97,13:53,1,14,0,0,,2019
221,Jordan Eberle\eberljo01,28,NYI,RW,78,19,18,37,-6,17,3.4,12,7,0,5,13,5,0,160,11.9,1289,16:32,35,36,9,11,45,2019
222,Alexander Edler\edleral01,32,VAN,D,56,10,24,34,3,54,6.4,6,4,0,2,10,13,1,128,7.8,1376,00:34,166,127,0,0,,2019
223,Joel Edmundson\edmunjo01,25,STL,D,64,2,9,11,8,68,3.2,2,0,0,1,9,0,0,102,2,1241,19:23,106,128,0,1,0,2019
224,Nikolaj Ehlers\ehlerni01,22,WPG,LW,62,21,16,37,2,15,4.2,19,2,0,4,11,5,0,158,13.3,977,15:46,16,27,1,1,50,2019
225,Christoffer Ehn\ehnch01,22,DET,C,60,3,6,9,-5,6,-0.1,2,0,1,1,6,0,0,49,6.1,637,10:37,39,70,84,93,47.5,2019
226,Jack Eichel\eicheja01,22,BUF,C,77,28,54,82,-11,26,8.2,20,8,0,2,36,18,0,303,9.2,1574,20:26,51,70,597,673,47,2019
227,Aaron Ekblad\ekblaaa01,22,FLA,D,82,13,24,37,1,47,6.8,8,5,0,1,19,5,0,180,7.2,1939,23:39,88,114,0,0,,2019
228,Mattias Ekholm\ekholma01,28,NSH,D,80,8,36,44,27,47,9.2,6,2,0,3,29,5,2,146,5.5,1869,23:22,107,68,0,0,,2019
229,Oliver Ekman-Larsson\ekmanol01,27,ARI,D,81,14,30,44,-16,52,7.9,8,5,1,2,14,14,2,176,8,1915,23:38,52,162,0,0,,2019
230,Remi Elie\eliere01,23,BUF,LW,16,0,1,1,-3,2,-0.3,0,0,0,0,1,0,0,9,0,166,10:21,3,30,1,0,100,2019
231,Lars Eller\ellerla01,29,WSH,C,81,13,23,36,-1,37,2.3,12,0,1,1,18,3,2,163,8,1339,16:32,47,69,543,566,49,2019
232,Stefan Elliott\elliost01,28,OTT,D,3,0,1,1,1,0,0.2,0,0,0,0,1,0,0,3,0,27,08:59,1,2,0,0,,2019
233,Ryan Ellis\ellisry01,28,NSH,D,82,7,34,41,21,20,8.4,5,1,1,2,30,4,0,149,4.7,1969,00:01,154,71,0,0,,2019
234,Deryk Engelland\engelde01,36,VEG,D,74,2,10,12,-3,18,2.5,2,0,0,1,10,0,0,105,1.9,1471,19:53,152,165,0,0,,2019
235,Andreas Englund\engluan01,23,OTT,D,3,0,0,0,-2,10,-0.1,0,0,0,0,0,0,0,2,0,40,13:20,2,5,0,0,,2019
236,Tyler Ennis\ennisty01,29,TOR,C,51,12,6,18,-6,2,1.8,10,2,0,1,3,3,0,81,14.8,507,09:56,14,49,1,0,100,2019
237,Jonathan Ericsson\ericsjo01,34,DET,D,52,3,2,5,-10,35,0.9,3,0,0,1,2,0,0,48,6.3,895,17:13,56,98,0,0,,2019
238,Loui Eriksson\erikslo01,33,VAN,LW,81,11,18,29,-11,22,1.9,10,1,0,2,16,2,0,107,10.3,1139,14:04,28,3,2,4,33.3,2019
239,Joel Eriksson Ek\eriksjo02,22,MIN,C,58,7,7,14,-7,20,0.8,7,0,0,2,7,0,0,111,6.3,783,13:30,24,117,247,293,45.7,2019
240,Adam Erne\ernead01,23,TBL,LW,65,7,13,20,10,40,1.7,5,2,0,3,13,0,0,70,10,686,10:33,26,159,11,12,47.8,2019
241,Robby Fabbri\fabbrro01,23,STL,C,32,2,4,6,-4,6,0,2,0,0,1,4,0,0,43,4.7,405,12:39,8,30,4,10,28.6,2019
242,Dante Fabbro\fabbrda01,20,NSH,D,4,1,0,1,-1,0,0.2,1,0,0,0,0,0,0,5,20,51,12:44,6,3,0,0,,2019
243,Radek Faksa\faksara01,25,DAL,C,81,15,15,30,-3,54,2.6,13,1,1,1,12,2,1,114,13.2,1331,16:26,65,103,570,562,50.4,2019
244,Justin Falk\falkju01,30,OTT,D,10,0,0,0,-4,11,-0.2,0,0,0,0,0,0,0,7,0,129,12:56,9,36,0,0,,2019
245,Oscar Fantenberg\fanteos01,27,TOT,D,61,2,2,4,3,17,1.9,2,0,0,0,2,0,0,70,2.9,976,16:00,74,91,0,0,,2019
245,Oscar Fantenberg\fanteos01,27,LAK,D,46,2,1,3,-2,10,1.3,2,0,0,0,1,0,0,54,3.7,739,16:03,65,72,0,0,,2019
245,Oscar Fantenberg\fanteos01,27,CGY,D,15,0,1,1,5,7,0.6,0,0,0,0,1,0,0,16,0,237,15:50,9,19,0,0,,2019
246,Jesper Fast\fastje01,27,NYR,RW,66,8,12,20,-3,26,1.1,8,0,0,1,12,0,0,80,10,1038,15:43,47,120,7,13,35,2019
247,Justin Faulk\faulkju01,26,CAR,D,82,11,24,35,9,47,7.4,5,6,0,3,20,4,0,217,5.1,1839,22:25,121,156,0,0,,2019
248,Taylor Fedun\fedunta01,30,DAL,D,54,4,7,11,2,14,2.9,4,0,0,0,4,2,1,86,4.7,748,13:51,58,19,0,0,,2019
249,Eric Fehr\fehrer01,33,MIN,RW,72,7,8,15,-8,30,0.8,7,0,0,0,7,0,1,67,10.4,795,11:03,48,40,364,345,51.3,2019
250,Micheal Ferland\ferlami01,26,CAR,LW,71,17,23,40,13,58,4.7,11,6,0,3,16,7,0,156,10.9,1001,14:06,19,182,23,50,31.5,2019
251,Kevin Fiala\fialake01,22,TOT,LW,83,13,26,39,-23,36,2.4,11,2,0,2,17,9,0,174,7.5,1298,15:38,20,42,3,5,37.5,2019
251,Kevin Fiala\fialake01,22,NSH,LW,64,10,22,32,-11,26,2.3,9,1,0,1,16,6,0,131,7.6,963,15:03,17,28,3,2,60,2019
251,Kevin Fiala\fialake01,22,MIN,LW,19,3,4,7,-12,10,0.1,2,1,0,1,1,3,0,43,7,335,17:38,3,14,0,3,0,2019
252,Valtteri Filppula\filppva01,34,NYI,C,72,17,14,31,19,16,3.9,16,0,1,4,14,0,0,78,21.8,1028,14:16,34,12,398,413,49.1,2019
253,Christian Fischer\fischch01,21,ARI,RW,71,11,7,18,-13,27,1.3,11,0,0,0,7,0,0,116,9.5,935,13:10,19,124,2,5,28.6,2019
254,Haydn Fleury\fleurha01,22,CAR,D,20,0,1,1,4,2,0.7,0,0,0,0,1,0,0,17,0,251,12:32,21,25,0,0,,2019
255,Warren Foegele\foegewa01,22,CAR,LW,77,10,5,15,-17,20,0.4,10,0,0,3,5,0,0,106,9.4,962,12:30,19,126,10,11,47.6,2019
256,Steven Fogarty\fogarst01,25,NYR,C,10,0,0,0,-1,0,-0.2,0,0,0,0,0,0,0,9,0,78,07:46,3,6,8,19,29.6,2019
257,Marcus Foligno\foligma01,27,MIN,LW,82,7,12,19,-1,55,1.2,7,0,0,0,10,1,1,91,7.7,982,11:58,43,206,13,15,46.4,2019
258,Nick Foligno\foligni01,31,CBJ,LW,73,17,18,35,12,44,3.6,15,2,0,2,16,2,0,141,12.1,1292,17:42,51,175,133,102,56.6,2019
259,Christian Folin\folinch01,27,TOT,D,45,0,6,6,6,27,1.6,0,0,0,0,6,0,0,47,0,705,15:40,78,125,1,0,100,2019
259,Christian Folin\folinch01,27,PHI,D,26,0,2,2,5,16,0.9,0,0,0,0,2,0,0,20,0,404,15:33,59,60,1,0,100,2019
259,Christian Folin\folinch01,27,MTL,D,19,0,4,4,1,11,0.7,0,0,0,0,4,0,0,27,0,301,15:49,19,65,0,0,,2019
260,Derek Forbort\forbode01,26,LAK,D,81,2,12,14,-13,52,2.8,2,0,0,1,12,0,0,75,2.7,1680,20:45,139,105,0,1,0,2019
261,Alex Formenton\formeal01,19,OTT,LW,9,1,0,1,-2,6,-0.1,1,0,0,0,0,0,0,16,6.3,105,11:40,7,11,1,2,33.3,2019
262,Jakob Forsbacka Karlsson\forsbja01,22,BOS,C,28,3,6,9,1,2,0.7,3,0,0,0,5,1,0,21,14.3,330,11:48,9,14,95,131,42,2019
263,Filip Forsberg\forsbfi01,24,NSH,C,64,28,22,50,8,26,6.3,19,7,2,4,19,3,0,217,12.9,1191,18:37,29,100,1,6,14.3,2019
264,Gustav Forsling\forslgu02,22,CHI,D,43,3,6,9,-9,30,0.7,3,0,0,0,6,0,0,57,5.3,735,17:05,38,38,0,0,,2019
265,Alexandre Fortin\fortial01,21,CHI,LW,24,3,3,6,-6,2,0.2,2,0,1,1,3,0,0,29,10.3,254,10:35,7,21,11,6,64.7,2019
266,Cam Fowler\fowleca01,27,ANA,D,59,5,18,23,-14,20,3.6,4,1,0,2,12,5,1,88,5.7,1379,23:22,91,32,0,0,,2019
267,Trent Frederic\fredetr01,20,BOS,C,15,0,0,0,-4,15,-0.4,0,0,0,0,0,0,0,19,0,141,09:24,3,18,41,40,50.6,2019
268,Mark Friedman\friedma01,23,PHI,D,1,0,0,0,-1,0,-0.1,0,0,0,0,0,0,0,1,0,13,12:33,0,1,0,0,,2019
269,Tanner Fritz\fritzta01,27,NYI,C,8,0,1,1,-3,2,-0.2,0,0,0,0,1,0,0,6,0,87,10:49,6,18,17,24,41.5,2019
270,Martin Frk\frkma01,25,DET,RW,30,1,5,6,-9,4,-0.1,0,1,0,0,5,0,0,28,3.6,276,09:11,4,35,0,0,,2019
271,Michael Frolik\frolimi01,30,CGY,LW,65,16,18,34,24,26,4.2,14,0,2,4,18,0,0,132,12.1,868,13:22,22,57,13,25,34.2,2019
272,Kurtis Gabriel\gabriku01,25,NJD,RW,22,2,2,4,0,59,0.4,2,0,0,1,2,0,0,7,28.6,162,07:22,8,78,0,0,,2019
273,Sam Gagner\gagnesa01,29,TOT,C,32,6,7,13,-6,14,0.9,5,1,0,1,7,0,0,68,8.8,467,14:35,7,21,59,59,50,2019
273,Sam Gagner\gagnesa01,29,EDM,C,25,5,5,10,-3,10,0.8,5,0,0,1,5,0,0,51,9.8,340,13:36,5,16,47,44,51.6,2019
273,Sam Gagner\gagnesa01,29,VAN,C,7,1,2,3,-3,4,0.1,0,1,0,0,2,0,0,17,5.9,127,18:08,2,5,12,15,44.4,2019
274,Alex Galchenyuk\galchal01,24,ARI,C,72,19,22,41,-19,34,4.1,10,9,0,4,10,12,0,159,11.9,1133,15:44,34,62,188,223,45.7,2019
275,Brendan Gallagher\gallabr01,26,MTL,RW,82,33,19,52,10,49,6.5,29,4,0,4,16,3,0,302,10.9,1345,16:24,31,126,23,28,45.1,2019
276,Joseph Gambardella\gambajo01,25,EDM,C,15,0,3,3,2,2,0.2,0,0,0,0,3,0,0,7,0,122,08:06,5,14,3,1,75,2019
277,Dylan Gambrell\gambrdy01,22,SJS,C,8,0,0,0,1,2,-0.1,0,0,0,0,0,0,0,6,0,69,08:38,1,13,20,19,51.3,2019
278,Jake Gardiner\gardija01,28,TOR,D,62,3,27,30,19,26,5.2,3,0,0,0,22,5,0,78,3.8,1315,21:13,64,61,0,1,0,2019
279,Conor Garland\garlaco01,22,ARI,RW,47,13,5,18,1,12,2.5,9,4,0,2,3,2,0,118,11,601,12:47,17,33,10,8,55.6,2019
280,Jason Garrison\garrija01,34,EDM,D,17,1,0,1,1,8,0.5,0,1,0,0,0,0,0,16,6.3,216,12:42,23,13,0,0,,2019
281,Adam Gaudette\gaudead01,22,VAN,C,56,5,7,12,-8,18,0.5,5,0,0,1,5,2,0,55,9.1,613,10:57,15,48,150,221,40.4,2019
282,Frederick Gaudreau\gaudrfr01,25,NSH,C,55,3,1,4,1,2,-0.1,3,0,0,1,1,0,0,43,7,496,09:01,18,25,156,167,48.3,2019
283,Johnny Gaudreau\gaudrjo01,25,CGY,LW,82,36,63,99,18,24,10.9,30,6,0,8,42,21,0,245,14.7,1646,20:04,12,12,1,2,33.3,2019
284,Brendan Gaunce\gauncbr01,24,VAN,C,3,1,2,3,3,0,0.5,1,0,0,1,2,0,0,2,50,23,07:37,0,4,8,5,61.5,2019
285,Cameron Gaunce\gauncca01,28,TBL,D,2,0,0,0,3,7,0.2,0,0,0,0,0,0,0,2,0,31,15:40,1,4,0,0,,2019
286,Frederik Gauthier\gauthfr01,23,TOR,C,70,3,11,14,3,12,0.7,3,0,0,0,11,0,0,46,6.5,586,08:22,28,98,240,207,53.7,2019
287,Timothy Gettinger\gettiti01,20,NYR,LW,4,0,0,0,0,0,0,0,0,0,0,0,0,0,2,0,30,07:31,3,15,0,0,,2019
288,Ryan Getzlaf\getzlry01,33,ANA,C,67,14,34,48,-19,58,3.7,13,1,0,2,24,10,0,133,10.5,1304,19:28,74,150,551,463,54.3,2019
289,Brian Gibbons\gibbobr02,30,TOT,C,64,8,11,19,-5,20,1.4,8,0,0,0,11,0,0,50,16,699,10:55,29,40,13,25,34.2,2019
289,Brian Gibbons\gibbobr02,30,ANA,C,44,2,3,5,-8,16,-0.2,2,0,0,0,3,0,0,29,6.9,455,10:20,19,26,1,1,50,2019
289,Brian Gibbons\gibbobr02,30,OTT,C,20,6,8,14,3,4,1.7,6,0,0,0,8,0,0,21,28.6,244,12:13,10,14,12,24,33.3,2019
290,Brandon Gignac\gignabr01,21,NJD,C,1,0,0,0,-2,0,-0.1,0,0,0,0,0,0,0,1,0,9,09:04,1,0,0,0,,2019
291,Dennis Gilbert\gilbede01,22,CHI,D,1,0,0,0,0,2,0,0,0,0,0,0,0,0,0,,13,12:46,1,6,0,0,,2019
292,John Gilmour\gilmojo01,25,NYR,D,5,0,0,0,-3,4,-0.2,0,0,0,0,0,0,0,9,0,80,16:05,13,3,0,0,,2019
293,Stephen Gionta\giontst01,35,NYI,C,5,0,0,0,-4,0,-0.2,0,0,0,0,0,0,0,4,0,44,08:47,2,14,20,17,54.1,2019
294,Mark Giordano\giordma01,35,CGY,D,78,17,57,74,39,69,12.6,10,3,4,2,37,18,2,221,7.7,1891,00:14,144,58,0,0,,2019
295,Samuel Girard\girarsa01,20,COL,D,82,4,23,27,8,6,4.9,4,0,0,0,14,9,0,116,3.4,1631,19:54,90,65,1,0,100,2019
296,Dan Girardi\girarda01,34,TBL,D,62,4,12,16,6,12,2.8,4,0,0,0,11,0,1,75,5.3,1104,17:48,108,151,0,0,,2019
297,Zemgus Girgensons\girgeze01,25,BUF,C,72,5,13,18,-11,17,0.4,5,0,0,0,13,0,0,78,6.4,980,13:37,29,144,28,41,40.6,2019
298,Claude Giroux\giroucl01,31,PHI,C,82,22,63,85,9,24,7.9,19,2,1,4,42,21,0,229,9.6,1759,21:27,19,28,674,489,58,2019
299,Ben Gleason\gleasbe01,20,DAL,D,4,0,1,1,-1,0,0.1,0,0,0,0,1,0,0,2,0,60,14:53,1,2,0,0,,2019
300,Luke Glendening\glendlu01,29,DET,C,78,10,13,23,2,15,1.3,9,0,1,1,11,0,2,102,9.8,1231,15:47,102,198,658,524,55.7,2019
301,Nikolay Goldobin\goldoni01,23,VAN,LW,63,7,20,27,-10,18,1.7,6,1,0,1,11,8,1,105,6.7,944,14:59,21,15,0,0,,2019
302,Alex Goligoski\goligal01,33,ARI,D,76,3,24,27,-7,16,5.1,2,1,0,0,16,6,2,102,2.9,1582,20:49,154,79,1,0,100,2019
303,Cody Goloubef\golouco01,29,OTT,D,5,0,0,0,0,2,0,0,0,0,0,0,0,0,3,0,54,10:49,5,13,0,0,,2019
304,Barclay Goodrow\goodrba01,25,SJS,RW,82,7,10,17,4,76,0.9,6,0,1,3,10,0,0,84,8.3,903,11:01,68,125,296,255,53.7,2019
305,Shayne Gostisbehere\gostish01,25,PHI,D,78,9,28,37,-20,22,4.2,5,4,0,2,18,10,0,180,5,1533,19:40,102,46,0,0,,2019
306,Tyrell Goulbourne\goulbty01,25,PHI,LW,2,0,0,0,0,0,0,0,0,0,0,0,0,0,3,0,15,07:25,0,6,0,0,,2019
307,Yanni Gourde\gourdya01,27,TBL,C,80,22,26,48,9,66,4.9,16,5,1,5,21,4,1,130,16.9,1267,15:50,30,83,151,132,53.4,2019
308,Michael Grabner\grabnmi01,31,ARI,RW,41,9,7,16,-2,8,1.8,3,0,6,1,4,0,3,65,13.8,590,14:23,15,28,5,7,41.7,2019
309,Markus Granlund\granlma01,25,VAN,C,77,12,10,22,-4,20,1.6,10,2,0,1,8,1,1,123,9.8,1158,15:03,24,46,149,199,42.8,2019
310,Mikael Granlund\granlmi01,26,TOT,C,79,16,38,54,-8,24,4.7,12,2,2,5,20,18,0,189,8.5,1449,18:21,40,46,129,159,44.8,2019
310,Mikael Granlund\granlmi01,26,MIN,C,63,15,34,49,-2,20,4.7,11,2,2,5,18,16,0,160,9.4,1179,18:43,33,28,112,137,45,2019
310,Mikael Granlund\granlmi01,26,NSH,C,16,1,4,5,-6,4,-0.1,1,0,0,0,2,2,0,29,3.4,270,16:54,7,18,17,22,43.6,2019
311,Derek Grant\grantde01,28,TOT,C,56,4,10,14,-6,14,0.6,4,0,0,1,9,0,1,74,5.4,654,11:41,29,92,271,244,52.6,2019
311,Derek Grant\grantde01,28,ANA,C,31,2,7,9,-9,8,0.2,2,0,0,1,6,0,1,48,4.2,429,13:50,19,50,195,187,51,2019
311,Derek Grant\grantde01,28,PIT,C,25,2,3,5,3,6,0.4,2,0,0,0,3,0,0,26,7.7,226,09:02,10,42,76,57,57.1,2019
312,Kevin Gravel\graveke01,26,EDM,D,36,0,3,3,-2,4,0.6,0,0,0,0,3,0,0,44,0,530,14:43,53,31,0,0,,2019
313,Ryan Graves\gravery01,23,COL,D,26,3,2,5,4,2,1.3,3,0,0,0,2,0,0,26,11.5,289,11:06,51,32,0,0,,2019
314,Anthony Greco\grecoan01,25,FLA,RW,1,0,0,0,-3,0,-0.1,0,0,0,0,0,0,0,2,0,10,09:30,0,0,0,0,,2019
315,Mike Green\greenmi03,33,DET,D,43,5,21,26,-1,28,3.9,5,0,0,0,18,3,0,92,5.4,932,21:41,56,60,0,0,,2019
316,Andy Greene\greenan01,36,NJD,D,82,5,20,25,-9,16,4.6,5,0,0,0,14,2,4,104,4.8,1708,20:50,208,67,0,0,,2019
317,Jordan Greenway\greenjo02,21,MIN,LW,81,12,12,24,-12,29,1.7,12,0,0,0,12,0,0,109,11,1104,13:38,40,57,31,50,38.3,2019
318,A.J. Greer\greeraj01,22,COL,LW,15,1,1,2,-2,14,0.1,1,0,0,0,1,0,0,9,11.1,94,06:16,5,20,2,3,40,2019
319,Rocco Grimaldi\grimaro01,25,NSH,C,53,5,8,13,-2,10,0.9,5,0,0,0,8,0,0,81,6.2,530,10:00,20,32,4,3,57.1,2019
320,Carl Grundstrom\grundca01,21,LAK,RW,15,5,1,6,-4,6,0.6,5,0,0,1,0,1,0,26,19.2,225,14:58,3,38,0,0,,2019
321,Eric Gryba\grybaer01,30,NJD,D,10,0,0,0,-1,10,0.1,0,0,0,0,0,0,0,11,0,153,15:18,16,21,0,0,,2019
322,Matt Grzelcyk\grzelma01,25,BOS,D,66,3,15,18,9,68,4,2,1,0,0,10,5,0,90,3.3,1263,19:08,60,46,0,0,,2019
323,Radko Gudas\gudasra01,28,PHI,D,77,4,16,20,6,63,3.9,4,0,0,0,16,0,0,136,2.9,1376,17:53,133,255,0,0,,2019
324,Erik Gudbranson\gudbrer01,27,TOT,D,76,2,8,10,-20,87,1.1,2,0,0,1,7,0,1,94,2.1,1386,18:14,84,184,0,0,,2019
324,Erik Gudbranson\gudbrer01,27,VAN,D,57,2,6,8,-27,83,0.2,2,0,0,1,6,0,0,72,2.8,1025,17:59,60,132,0,0,,2019
324,Erik Gudbranson\gudbrer01,27,PIT,D,19,0,2,2,7,4,0.9,0,0,0,0,1,0,1,22,0,360,18:58,24,52,0,0,,2019
325,Jake Guentzel\guentja01,24,PIT,C,82,40,36,76,13,26,9.4,33,6,1,4,31,5,0,227,17.6,1587,19:21,47,105,10,20,33.3,2019
326,Brendan Guhle\guhlebr01,21,TOT,D,8,0,1,1,-2,4,0.1,0,0,0,0,1,0,0,15,0,120,15:01,7,9,0,0,,2019
326,Brendan Guhle\guhlebr01,21,ANA,D,6,0,1,1,-3,2,0,0,0,0,0,1,0,0,14,0,97,16:08,7,8,0,0,,2019
326,Brendan Guhle\guhlebr01,21,BUF,D,2,0,0,0,1,2,0.1,0,0,0,0,0,0,0,1,0,23,11:41,0,1,0,0,,2019
327,Carl Gunnarsson\gunnaca01,32,STL,D,25,3,4,7,8,6,2,3,0,0,1,3,0,1,21,14.3,398,15:56,35,11,0,0,,2019
328,Denis Gurianov\guriade01,21,DAL,RW,21,1,3,4,-3,0,0.1,1,0,0,0,2,1,0,23,4.3,228,10:52,9,23,1,1,50,2019
329,Erik Gustafsson\gustaer02,26,CHI,D,79,17,43,60,-6,34,7.7,13,4,0,3,29,14,0,160,10.6,1784,22:35,115,100,0,0,,2019
330,Carl Hagelin\hagelca01,30,TOT,LW,58,5,14,19,7,30,1.2,5,0,0,2,14,0,0,99,5.1,854,14:44,20,64,6,21,22.2,2019
330,Carl Hagelin\hagelca01,30,LAK,LW,22,1,4,5,-2,8,0.1,1,0,0,1,4,0,0,36,2.8,309,14:02,11,18,2,11,15.4,2019
330,Carl Hagelin\hagelca01,30,WSH,LW,20,3,8,11,7,10,1.1,3,0,0,1,8,0,0,35,8.6,299,14:56,5,13,3,4,42.9,2019
330,Carl Hagelin\hagelca01,30,PIT,LW,16,1,2,3,2,12,0,1,0,0,0,2,0,0,28,3.6,247,15:27,4,33,1,6,14.3,2019
331,Robert Hagg\haggro01,23,PHI,D,82,5,15,20,-3,63,3.3,5,0,0,1,15,0,0,86,5.8,1390,16:57,158,258,0,0,,2019
332,Ron Hainsey\hainsro01,37,TOR,D,81,5,18,23,30,21,5.6,4,0,1,0,18,0,0,81,6.2,1641,20:15,144,91,1,0,100,2019
333,Libor Hajek\hajekli01,20,NYR,D,5,1,0,1,1,6,0.3,1,0,0,0,0,0,0,10,10,83,16:32,3,5,0,0,,2019
334,Micheal Haley\haleymi01,32,TOT,C,43,2,4,6,-2,75,0.1,2,0,0,0,4,0,0,34,5.9,348,08:05,16,76,13,17,43.3,2019
334,Micheal Haley\haleymi01,32,FLA,C,24,1,2,3,-2,30,0,1,0,0,0,2,0,0,20,5,180,07:31,6,44,12,12,50,2019
334,Micheal Haley\haleymi01,32,SJS,C,19,1,2,3,0,45,0.1,1,0,0,0,2,0,0,14,7.1,168,08:49,10,32,1,5,16.7,2019
335,Taylor Hall\hallta02,27,NJD,LW,33,11,26,37,-6,16,3.8,10,1,0,3,15,11,0,113,9.7,650,19:41,29,22,26,32,44.8,2019
336,Dan Hamhuis\hamhuda01,36,NSH,D,57,0,5,5,-2,28,1.2,0,0,0,0,5,0,0,39,0,915,16:03,61,38,0,0,,2019
337,Dougie Hamilton\hamildo01,25,CAR,D,82,18,21,39,0,54,7.6,16,2,0,2,16,5,0,259,6.9,1613,19:40,91,160,0,1,0,2019
338,Travis Hamonic\hamontr01,28,CGY,D,69,7,12,19,21,33,4.7,6,0,1,1,10,0,2,128,5.5,1440,20:52,167,44,0,1,0,2019
339,Noah Hanifin\hanifno01,22,CGY,D,80,5,28,33,18,12,5.7,3,1,1,2,23,4,1,116,4.3,1662,20:46,83,87,0,0,,2019
340,Joel Hanley\hanlejo01,27,DAL,D,16,0,0,0,0,2,0.4,0,0,0,0,0,0,0,9,0,219,13:42,16,16,0,0,,2019
341,Markus Hannikainen\hannima01,25,CBJ,LW,44,4,3,7,-5,2,0.2,4,0,0,1,3,0,0,52,7.7,417,09:29,8,63,0,3,0,2019
342,Martin Hanzal\hanzama01,31,DAL,C,7,1,1,2,-4,4,0,0,1,0,0,1,0,0,14,7.1,90,12:52,4,14,45,31,59.2,2019
343,Ben Harpur\harpube01,24,OTT,D,51,1,4,5,-13,56,0.4,1,0,0,0,4,0,0,50,2,899,17:37,69,89,0,0,,2019
344,Scott Harrington\harrisc01,25,CBJ,D,73,2,15,17,6,23,3.3,2,0,0,0,15,0,0,54,3.7,952,13:03,81,73,0,0,,2019
345,Ryan Hartman\hartmry01,24,TOT,RW,83,12,14,26,1,74,2.1,12,0,0,2,14,0,0,145,8.3,1089,13:07,39,107,4,12,25,2019
345,Ryan Hartman\hartmry01,24,NSH,RW,64,10,10,20,7,44,1.9,10,0,0,2,10,0,0,113,8.8,860,13:26,21,69,2,11,15.4,2019
345,Ryan Hartman\hartmry01,24,PHI,RW,19,2,4,6,-6,30,0.2,2,0,0,0,4,0,0,32,6.3,229,12:03,18,38,2,1,66.7,2019
346,Garnet Hathaway\hathaga01,27,CGY,RW,76,11,8,19,14,56,2,9,0,2,5,8,0,0,77,14.3,800,10:32,36,200,7,8,46.7,2019
347,Erik Haula\haulaer01,27,VEG,LW,15,2,5,7,1,10,0.6,2,0,0,0,4,1,0,26,7.7,249,16:35,6,11,78,74,51.3,2019
348,Jayce Hawryluk\hawryja01,23,FLA,C,42,7,5,12,-8,16,1,7,0,0,0,4,1,0,35,20,396,09:26,25,101,14,5,73.7,2019
349,John Hayden\haydejo01,23,CHI,C,54,3,2,5,-12,27,-0.6,3,0,0,0,2,0,0,42,7.1,495,09:10,23,97,7,22,24.1,2019
350,Kevin Hayes\hayeske01,26,TOT,RW,71,19,36,55,-2,12,5.3,14,3,2,2,27,8,1,156,12.2,1298,18:17,15,58,483,498,49.2,2019
350,Kevin Hayes\hayeske01,26,NYR,RW,51,14,28,42,1,10,4.1,9,3,2,1,19,8,1,119,11.8,992,19:27,12,51,373,395,48.6,2019
350,Kevin Hayes\hayeske01,26,WPG,RW,20,5,8,13,-3,2,1.2,5,0,0,1,8,0,0,37,13.5,306,15:17,3,7,110,103,51.6,2019
351,Dillon Heatherington\heathdi01,23,DAL,D,5,0,1,1,4,0,0.5,0,0,0,0,1,0,0,5,0,51,10:11,2,6,0,0,,2019
352,Victor Hedman\hedmavi01,28,TBL,D,70,12,42,54,24,44,8.9,10,2,0,4,18,23,1,182,6.6,1594,22:46,97,59,0,1,0,2019
353,Tim Heed\heedti01,28,SJS,D,37,2,11,13,9,10,2.5,1,1,0,0,9,2,0,41,4.9,532,14:22,31,16,0,0,,2019
354,Danton Heinen\heineda01,23,BOS,C,77,11,23,34,13,16,3.3,10,1,0,2,17,6,0,114,9.6,1076,13:58,36,54,2,10,16.7,2019
355,Miro Heiskanen\heiskmi01,19,DAL,D,82,12,21,33,-14,16,6.5,10,2,0,4,14,6,1,182,6.6,1895,23:07,71,34,0,0,,2019
356,Darren Helm\helmda01,32,DET,C,61,7,10,17,-11,20,0.5,6,0,1,0,7,0,3,107,6.5,889,14:35,26,50,16,20,44.4,2019
357,Matt Hendricks\hendrma01,37,TOT,C,26,0,3,3,-2,19,-0.1,0,0,0,0,3,0,0,23,0,230,08:50,8,40,42,35,54.5,2019
357,Matt Hendricks\hendrma01,37,MIN,C,22,0,2,2,-2,19,-0.1,0,0,0,0,2,0,0,20,0,198,08:59,5,31,41,35,53.9,2019
357,Matt Hendricks\hendrma01,37,WPG,C,4,0,1,1,0,0,0,0,0,0,0,1,0,0,3,0,32,08:04,3,9,1,0,100,2019
358,Adam Henrique\henriad01,28,ANA,C,82,18,24,42,-5,24,4,10,8,0,3,18,5,1,122,14.8,1349,16:27,71,78,571,511,52.8,2019
359,Tomas Hertl\hertlto01,25,SJS,C,77,35,39,74,5,18,8.3,23,11,1,5,34,4,1,176,19.9,1465,19:01,64,53,609,574,51.5,2019
360,Joe Hicketts\hickejo01,22,DET,D,11,0,0,0,-9,0,-0.5,0,0,0,0,0,0,0,16,0,204,18:35,27,17,0,0,,2019
361,Thomas Hickey\hicketh01,29,NYI,D,40,0,4,4,5,33,1.6,0,0,0,0,3,0,1,47,0,740,18:30,71,40,0,0,,2019
362,Vinnie Hinostroza\hinosvi01,24,ARI,C,72,16,23,39,-4,14,4.2,13,3,0,3,21,2,0,152,10.5,1099,15:16,41,69,39,64,37.9,2019
363,Roope Hintz\hintzro01,22,DAL,LW,58,9,13,22,-11,24,1.6,6,3,0,3,10,3,0,99,9.1,815,14:03,36,87,217,183,54.3,2019
364,Taro Hirose\hirosta01,22,DET,LW,10,1,6,7,0,2,0.5,1,0,0,1,5,1,0,15,6.7,153,15:18,9,1,1,0,100,2019
365,Nico Hischier\hischni01,20,NJD,C,69,17,30,47,0,24,4.8,14,3,0,3,22,8,0,160,10.6,1249,18:06,44,53,437,529,45.2,2019
366,Niklas Hjalmarsson\hjalmni01,31,ARI,D,82,0,10,10,8,44,4.2,0,0,0,0,8,0,2,57,0,1615,19:42,187,45,0,0,,2019
367,Joshua Ho-Sang\hosanjo01,23,NYI,C,10,1,1,2,2,6,0.1,1,0,0,0,1,0,0,10,10,145,14:31,3,0,0,1,0,2019
368,Mike Hoffman\hoffmmi02,29,FLA,C,82,36,34,70,-24,30,7.3,19,17,0,6,16,18,0,253,14.2,1463,17:50,26,42,13,25,34.2,2019
369,Nick Holden\holdeni01,31,VEG,D,61,3,12,15,5,14,3.2,3,0,0,0,10,0,2,77,3.9,1116,18:18,76,104,0,0,,2019
370,Justin Holl\hollju01,27,TOR,D,11,0,1,1,-5,2,-0.2,0,0,0,0,1,0,0,6,0,137,12:29,5,9,0,0,,2019
371,Korbinian Holzer\holzeko01,30,ANA,D,22,1,3,4,5,8,1.4,1,0,0,0,3,0,0,15,6.7,353,16:04,38,61,0,0,,2019
372,Julius Honka\honkaju01,23,DAL,D,29,0,4,4,-2,10,0.9,0,0,0,0,4,0,0,38,0,398,13:43,31,16,0,1,0,2019
373,Patric Hornqvist\hornqpa01,32,PIT,RW,69,18,19,37,-3,26,3.6,12,6,0,2,13,6,0,197,9.1,1068,15:29,34,150,9,9,50,2019
374,Bo Horvat\horvabo01,23,VAN,C,82,27,34,61,-4,33,6.2,18,7,2,3,22,11,1,227,11.9,1709,20:50,63,62,1083,935,53.7,2019
375,Brett Howden\howdebr01,20,NYR,C,66,6,17,23,-16,14,0.7,6,0,0,1,15,2,0,74,8.1,986,14:56,47,64,353,376,48.4,2019
376,Filip Hronek\hronefi01,21,DET,D,46,5,18,23,-10,30,2.9,4,1,0,0,13,4,1,73,6.8,918,19:58,32,66,0,0,,2019
377,Jonathan Huberdeau\huberjo01,25,FLA,C,82,30,62,92,-14,40,9.1,19,11,0,5,39,23,0,226,13.3,1546,18:51,45,57,12,7,63.2,2019
378,Charles Hudon\hudonch01,24,MTL,LW,32,3,2,5,-9,16,-0.2,3,0,0,0,1,1,0,50,6,374,11:40,9,73,4,5,44.4,2019
379,Quinn Hughes\hughequ01,19,VAN,D,5,0,3,3,0,2,0.4,0,0,0,0,1,2,0,6,0,90,18:05,1,1,0,0,,2019
380,Brad Hunt\huntbr01,30,TOT,D,42,5,7,12,-2,8,2.4,1,4,0,1,3,4,0,75,6.7,625,14:53,28,18,0,0,,2019
380,Brad Hunt\huntbr01,30,MIN,D,29,3,2,5,-5,6,1.1,0,3,0,0,1,1,0,47,6.4,428,14:46,18,11,0,0,,2019
380,Brad Hunt\huntbr01,30,VEG,D,13,2,5,7,3,2,1.3,1,1,0,1,2,3,0,28,7.1,197,15:10,10,7,0,0,,2019
381,Dryden Hunt\huntdr01,23,FLA,LW,31,3,7,10,0,8,0.7,3,0,0,0,7,0,0,53,5.7,343,11:04,9,65,0,3,0,2019
382,Matt Hunwick\hunwima01,33,BUF,D,14,0,2,2,-7,4,0,0,0,0,0,2,0,0,10,0,220,15:41,9,6,0,0,,2019
383,Ben Hutton\huttobe01,25,VAN,D,69,5,15,20,-23,43,2.7,4,1,0,1,7,7,1,114,4.4,1543,22:21,102,55,0,0,,2019
384,Tomas Hyka\hykato01,25,VEG,RW,17,1,3,4,-2,2,0.1,1,0,0,0,1,2,0,22,4.5,200,11:46,5,6,1,1,50,2019
385,Zach Hyman\hymanza01,26,TOR,C,71,21,20,41,16,65,4.5,20,0,1,4,20,0,0,144,14.6,1227,17:17,39,102,112,126,47.1,2019
386,Alex Iafallo\iafalal01,25,LAK,C,82,15,18,33,-17,22,2.3,13,2,0,2,14,4,0,148,10.1,1380,16:50,54,87,7,17,29.2,2019
387,Matt Irwin\irwinma01,31,NSH,D,44,1,6,7,5,38,1.7,1,0,0,0,6,0,0,50,2,497,11:18,37,80,0,0,,2019
388,Joshua Jacobs\jacobjo01,22,NJD,D,1,0,0,0,-1,0,-0.1,0,0,0,0,0,0,0,1,0,15,14:54,1,2,0,0,,2019
389,Mark Jankowski\jankoma01,24,CGY,C,79,14,18,32,6,12,2.9,9,0,5,1,15,0,3,99,14.1,1004,12:42,56,30,426,394,52,2019
390,Mattias Janmark\janmama02,26,DAL,C,81,6,19,25,-4,24,1.3,6,0,0,0,17,1,1,105,5.7,1233,15:13,44,28,10,16,38.5,2019
391,Calle Jarnkrok\jarnkca01,27,NSH,C,79,10,16,26,13,12,2.1,8,1,1,1,15,1,0,106,9.4,1219,15:26,22,56,166,165,50.2,2019
392,Christian Jaros\jarosch01,22,OTT,D,61,1,9,10,-14,27,0.8,1,0,0,0,7,2,0,65,1.5,876,14:22,82,110,0,0,,2019
393,Dmitrij Jaskin\jaskidm01,25,WSH,RW,37,2,6,8,-5,6,0.1,2,0,0,0,6,0,0,48,4.2,373,10:05,14,87,0,3,0,2019
394,Boone Jenner\jennebo01,25,CBJ,C,77,16,22,38,6,42,3.6,14,1,1,3,20,2,0,170,9.4,1314,17:04,70,158,626,531,54.1,2019
395,Nick Jensen\jenseni02,28,TOT,D,80,2,18,20,4,21,3.8,2,0,0,0,17,0,1,94,2.1,1588,19:51,105,82,0,0,,2019
395,Nick Jensen\jenseni02,28,DET,D,60,2,13,15,1,17,3,2,0,0,0,12,0,1,66,3,1248,20:48,79,61,0,0,,2019
395,Nick Jensen\jenseni02,28,WSH,D,20,0,5,5,3,4,0.8,0,0,0,0,5,0,0,28,0,340,17:00,26,21,0,0,,2019
396,Jakub Jerabek\jerabja01,27,STL,D,1,0,0,0,-3,2,-0.2,0,0,0,0,0,0,0,1,0,8,07:52,1,0,0,0,,2019
397,Ryan Johansen\johanry01,26,NSH,C,80,14,50,64,7,42,5.6,13,0,1,6,33,16,1,136,10.3,1564,19:33,23,95,782,679,53.5,2019
398,Marcus Johansson\johanma03,28,TOT,C,58,13,17,30,-16,8,2.5,11,2,0,1,10,7,0,115,11.3,924,15:55,24,28,16,34,32,2019
398,Marcus Johansson\johanma03,28,NJD,C,48,12,15,27,-15,8,2.3,10,2,0,1,8,7,0,103,11.7,789,16:27,18,23,14,30,31.8,2019
398,Marcus Johansson\johanma03,28,BOS,C,10,1,2,3,-1,0,0.2,1,0,0,0,2,0,0,12,8.3,134,13:25,6,5,2,4,33.3,2019
399,Adam Johnson\johnsad01,24,PIT,C,6,0,2,2,2,0,0.2,0,0,0,0,2,0,0,3,0,32,05:18,3,11,0,0,,2019
400,Erik Johnson\johnser01,30,COL,D,80,7,18,25,8,38,5.1,7,0,0,1,18,0,0,144,4.9,1745,21:49,143,124,0,0,,2019
401,Jack Johnson\johnsja02,32,PIT,D,82,1,12,13,-4,41,1.8,0,1,0,0,9,1,2,86,1.2,1581,19:17,147,233,0,0,,2019
402,Luke Johnson\johnslu01,24,CHI,C,15,0,1,1,-8,8,-0.5,0,0,0,0,0,1,0,19,0,162,10:49,9,31,51,55,48.1,2019
403,Tyler Johnson\johnsty01,28,TBL,C,80,29,18,47,15,28,5.7,27,1,1,4,11,7,0,163,17.8,1276,15:57,32,50,230,243,48.6,2019
404,Andreas Johnsson\johnsan01,24,TOR,LW,73,20,23,43,14,32,4.9,17,3,0,3,20,3,0,130,15.4,998,13:40,36,60,7,12,36.8,2019
405,Ross Johnston\johnsro02,24,NYI,LW,17,1,3,4,3,23,0.4,1,0,0,0,3,0,0,12,8.3,135,07:55,1,43,0,1,0,2019
406,Henri Jokiharju\jokihhe01,19,CHI,D,38,0,12,12,-7,16,0.8,0,0,0,0,11,1,0,62,0,721,18:59,37,48,0,0,,2019
407,Caleb Jones\jonesca01,21,EDM,D,17,1,5,6,-9,6,0.3,1,0,0,0,4,1,0,21,4.8,337,19:48,18,20,0,0,,2019
408,Max Jones\jonesma03,20,ANA,LW,30,2,3,5,-1,14,0.1,2,0,0,1,2,1,0,58,3.4,395,13:10,5,30,1,2,33.3,2019
409,Seth Jones\jonesse01,24,CBJ,D,75,9,37,46,1,28,7.5,9,0,0,4,24,10,3,184,4.9,1937,01:49,133,106,0,0,,2019
410,Mathieu Joseph\josepma01,21,TBL,RW,70,13,13,26,5,26,2.5,13,0,0,1,11,0,2,95,13.7,795,11:22,14,129,10,24,29.4,2019
411,Roman Josi\josiro01,28,NSH,D,82,15,41,56,9,42,9.9,13,2,0,4,30,10,1,274,5.5,2064,01:10,144,53,0,1,0,2019
412,Tyson Jost\jostty01,20,COL,C,70,11,15,26,-2,14,2.1,7,4,0,3,14,1,0,114,9.6,910,13:00,35,48,55,91,37.7,2019
413,Noah Juulsen\juulsno01,21,MTL,D,21,1,4,5,5,6,1.2,1,0,0,0,4,0,0,22,4.5,359,17:07,39,60,0,0,,2019
414,Nazem Kadri\kadrina01,28,TOR,C,73,16,28,44,-2,43,3.7,12,4,0,5,19,9,0,184,8.7,1182,16:11,13,85,403,327,55.2,2019
415,Dominik Kahun\kahundo01,23,CHI,C,82,13,24,37,10,6,3.1,12,1,0,2,23,1,0,137,9.5,1160,14:09,27,13,22,39,36.1,2019
416,Vladislav Kamenev\kamenvl01,22,COL,LW,23,2,3,5,-2,10,0.3,0,1,1,0,3,0,0,22,9.1,208,09:02,4,20,59,59,50,2019
417,David Kampf\kampfda01,24,CHI,C,63,4,15,19,-6,14,0.4,4,0,0,0,15,0,0,72,5.6,877,13:55,30,39,276,333,45.3,2019
418,Steven Kampfer\kampfst01,30,BOS,D,35,3,3,6,-6,22,0.9,2,1,0,0,2,1,0,40,7.5,512,14:38,32,44,0,0,,2019
419,Evander Kane\kaneev01,27,SJS,LW,75,30,26,56,-4,153,5.8,24,5,1,1,19,6,1,268,11.2,1381,18:25,25,173,92,120,43.4,2019
420,Patrick Kane\kanepa01,30,CHI,RW,81,44,66,110,2,22,11.8,35,9,0,7,45,21,0,341,12.9,1822,22:29,18,21,1,4,20,2019
421,Kasperi Kapanen\kapanka01,22,TOR,RW,78,20,24,44,12,27,4.4,17,1,2,3,22,2,0,174,11.5,1296,16:37,19,92,5,4,55.6,2019
422,Erik Karlsson\karlser01,28,SJS,D,53,3,42,45,6,22,6,1,2,0,1,24,18,0,169,1.8,1298,00:29,69,44,1,1,50,2019
423,Melker Karlsson\karlsme01,28,SJS,C,79,12,4,16,-1,26,1,12,0,0,2,4,0,0,79,15.2,908,11:30,39,67,14,12,53.8,2019
424,William Karlsson\karlswi01,26,VEG,C,82,24,32,56,1,16,5.7,16,7,1,5,23,7,2,169,14.2,1545,18:51,55,51,588,646,47.6,2019
425,Ondrej Kase\kaseon01,23,ANA,RW,30,11,9,20,0,2,2.5,10,1,0,2,6,3,0,94,11.7,470,15:39,11,17,9,18,33.3,2019
426,Zack Kassian\kassiza01,28,EDM,RW,79,15,11,26,-6,102,2,14,0,1,3,11,0,0,111,13.5,1169,14:48,15,191,0,6,0,2019
427,Brady Keeper\keepebr01,22,FLA,D,1,0,0,0,1,0,0.1,0,0,0,0,0,0,0,1,0,13,12:40,1,2,0,0,,2019
428,Duncan Keith\keithdu01,35,CHI,D,82,6,34,40,13,70,6,6,0,0,1,30,3,1,141,4.3,1887,23:01,144,42,0,0,,2019
429,Clayton Keller\kellecl01,20,ARI,C,82,14,33,47,-21,24,3.6,13,1,0,5,15,18,0,200,7,1495,18:14,21,16,28,56,33.3,2019
430,Adrian Kempe\kempead01,22,LAK,LW,81,12,16,28,-10,50,2,12,0,0,2,12,4,0,118,10.2,1175,14:30,21,86,315,424,42.6,2019
431,Mario Kempe\kempema01,30,ARI,C,52,4,5,9,5,18,0.8,4,0,0,0,5,0,0,57,7,582,11:11,30,105,126,203,38.3,2019
432,Michal Kempny\kempnmi01,28,WSH,D,71,6,19,25,24,60,5.3,6,0,0,3,19,0,0,111,5.4,1362,19:11,135,84,0,0,,2019
433,Alexander Kerfoot\kerfoal01,24,COL,C,78,15,27,42,-9,38,3.4,11,4,0,1,15,12,0,116,12.9,1161,14:53,29,22,274,215,56,2019
434,Ryan Kesler\keslery01,34,ANA,C,60,5,3,8,-19,44,-0.8,4,1,0,1,1,2,0,86,5.8,990,16:30,56,93,582,463,55.7,2019
435,Phil Kessel\kesseph01,31,PIT,RW,82,27,55,82,-19,28,7.7,15,12,0,10,31,24,0,215,12.6,1474,17:59,18,12,4,5,44.4,2019
436,Jujhar Khaira\khairju01,24,EDM,LW,60,3,15,18,-12,43,0.4,2,0,1,0,14,0,1,64,4.7,754,12:34,33,123,55,71,43.7,2019
437,Alex Killorn\killoal01,29,TBL,C,82,18,22,40,22,45,4.3,15,2,1,2,18,3,1,153,11.8,1220,14:52,23,88,2,8,20,2019
438,Bogdan Kiselevich\kiselbo01,28,FLA,D,32,0,8,8,-3,12,1,0,0,0,0,8,0,0,14,0,475,14:51,21,49,0,0,,2019
439,Oscar Klefbom\klefbos01,25,EDM,D,61,5,23,28,-11,16,3.9,4,1,0,2,13,10,0,167,3,1463,23:59,102,44,0,0,,2019
440,John Klingberg\klingjo01,26,DAL,D,64,10,35,45,6,12,8.5,5,5,0,5,20,15,0,153,6.5,1570,00:32,77,42,0,0,,2019
441,Justin Kloos\kloosju01,25,ANA,C,1,0,0,0,0,0,0,0,0,0,0,0,0,0,2,0,7,07:04,0,2,0,0,,2019
442,Corban Knight\knighco01,28,PHI,C,23,1,3,4,-5,0,-0.1,1,0,0,0,3,0,0,15,6.7,223,09:41,13,9,63,58,52.1,2019
443,Slater Koekkoek\koekksl01,24,TOT,D,31,2,4,6,4,14,1.2,2,0,0,0,4,0,0,36,5.6,491,15:50,48,54,0,0,,2019
443,Slater Koekkoek\koekksl01,24,CHI,D,22,1,4,5,4,10,1,1,0,0,0,4,0,0,21,4.8,362,16:27,36,46,0,0,,2019
443,Slater Koekkoek\koekksl01,24,TBL,D,9,1,0,1,0,4,0.2,1,0,0,0,0,0,0,15,6.7,129,14:20,12,8,0,0,,2019
444,Mikko Koivu\koivumi01,35,MIN,C,48,8,21,29,-2,22,2.4,6,2,0,0,10,10,1,89,9,878,18:18,32,13,488,406,54.6,2019
445,Leo Komarov\komarle01,32,NYI,C,82,6,20,26,18,42,2.1,6,0,0,1,20,0,0,78,7.7,1139,13:53,38,203,84,100,45.7,2019
446,Travis Konecny\konectr01,21,PHI,C,82,24,25,49,-4,40,4.9,20,4,0,3,21,4,0,182,13.2,1251,15:16,45,65,7,15,31.8,2019
447,Anze Kopitar\kopitan01,31,LAK,C,81,22,38,60,-20,30,5,19,1,2,3,20,18,0,156,14.1,1807,22:18,66,59,1002,817,55.1,2019
448,Kalle Kossila\kossika01,25,ANA,LW,8,1,0,1,-1,4,0,1,0,0,1,0,0,0,11,9.1,82,10:18,3,5,30,28,51.7,2019
449,Jesperi Kotkaniemi\kotkaje01,18,MTL,C,79,11,23,34,1,26,2.6,10,1,0,2,19,4,0,134,8.2,1086,13:44,41,66,359,426,45.7,2019
450,Ilya Kovalchuk\kovalil01,35,LAK,LW,64,16,18,34,-26,10,2.6,12,4,0,1,13,5,0,141,11.3,1039,16:14,19,28,16,20,44.4,2019
451,Chris Kreider\kreidch01,27,NYR,C,79,28,24,52,4,57,6,21,7,0,2,19,5,0,201,13.9,1375,17:24,49,159,27,45,37.5,2019
452,David Krejci\krejcda01,32,BOS,C,81,20,53,73,7,16,7.3,14,6,0,4,43,10,0,139,14.4,1432,17:41,24,28,530,565,48.4,2019
453,Niklas Kronwall\kronwni01,38,DET,D,79,3,24,27,-5,40,4.2,2,1,0,0,17,7,0,71,4.2,1576,19:57,96,84,0,0,,2019
454,Torey Krug\krugto01,27,BOS,D,64,6,47,53,-2,33,7.1,4,2,0,2,19,28,0,151,4,1363,21:18,60,53,0,0,,2019
455,Marcus Kruger\krugema01,28,CHI,C,74,4,8,12,-2,30,0,4,0,0,2,7,0,1,74,5.4,771,10:25,34,51,188,203,48.1,2019
456,Nikita Kucherov\kucheni01,25,TBL,RW,82,41,87,128,24,62,14.6,26,15,0,8,54,33,0,246,16.7,1637,19:58,31,44,0,3,0,2019
457,Ryan Kuffner\kuffnry01,22,DET,LW,10,0,0,0,-4,0,-0.3,0,0,0,0,0,0,0,8,0,109,10:56,5,4,0,2,0,2019
458,Karson Kuhlman\kuhlmka01,23,BOS,C,11,3,2,5,5,2,0.8,3,0,0,1,2,0,0,15,20,134,12:09,4,6,1,0,100,2019
459,Tom Kuhnhackl\kuhnhto01,27,NYI,RW,36,4,5,9,1,10,0.6,4,0,0,0,4,0,1,30,13.3,457,12:41,41,48,0,2,0,2019
460,Dean Kukan\kukande01,25,CBJ,D,25,0,5,5,6,6,1.3,0,0,0,0,5,0,0,16,0,337,13:28,21,16,0,0,,2019
461,Brett Kulak\kulakbr01,25,MTL,D,57,6,11,17,12,31,3.9,5,0,1,3,11,0,0,102,5.9,1017,17:51,64,107,0,0,,2019
462,Dmitry Kulikov\kulikdm01,28,WPG,D,57,0,6,6,4,47,1.4,0,0,0,0,6,0,0,40,0,893,15:40,71,88,0,0,,2019
463,Luke Kunin\kuninlu01,21,MIN,C,49,6,11,17,-9,27,0.9,6,0,0,1,10,1,0,88,6.8,778,15:53,34,67,88,112,44,2019
464,Chris Kunitz\kunitch01,39,CHI,LW,56,5,5,10,-7,23,0.2,5,0,0,1,5,0,0,44,11.4,507,09:04,15,85,2,5,28.6,2019
465,Janne Kuokkanen\kuokkja01,20,CAR,C,7,0,0,0,-2,4,-0.2,0,0,0,0,0,0,0,6,0,76,10:55,3,0,0,0,,2019
466,Sean Kuraly\kuralse01,26,BOS,C,71,8,13,21,6,38,1.6,8,0,0,3,13,0,0,134,6,978,13:46,35,129,285,245,53.8,2019
467,Evgeny Kuznetsov\kuzneev01,26,WSH,C,76,21,51,72,7,50,6.8,13,8,0,3,36,15,0,193,10.9,1428,18:47,20,46,396,627,38.7,2019
468,Oliver Kylington\kylinol01,21,CGY,D,38,3,5,8,3,10,1.5,3,0,0,1,5,0,0,21,14.3,472,12:25,41,11,0,0,,2019
469,Jordan Kyrou\kyroujo01,20,STL,C,16,1,2,3,-1,4,0.1,1,0,0,0,2,0,0,16,6.3,155,09:40,3,2,2,0,100,2019
470,Joel L'Esperance\lespejo01,23,DAL,RW,18,2,0,2,-4,6,0,1,1,0,0,0,0,0,24,8.3,220,12:15,4,22,26,30,46.4,2019
471,Kevin Labanc\labanke01,23,SJS,RW,82,17,39,56,-1,36,5.1,15,2,0,4,21,18,0,130,13.1,1150,14:01,16,66,9,14,39.1,2019
472,Andrew Ladd\laddan01,33,NYI,LW,26,3,8,11,3,16,1,3,0,0,0,7,0,1,34,8.8,360,13:51,8,37,2,3,40,2019
473,Paul Ladue\laduepa01,26,LAK,D,33,2,3,5,0,12,1.3,2,0,0,1,3,0,0,33,6.1,436,13:13,25,51,0,0,,2019
474,Patrik Laine\lainepa01,20,WPG,RW,82,30,20,50,-24,42,4.7,15,15,0,3,12,8,0,245,12.2,1413,17:14,44,70,11,19,36.7,2019
475,Maxime Lajoie\lajoima01,21,OTT,D,56,7,8,15,-25,20,1.2,3,4,0,0,4,4,0,79,8.9,1059,18:54,82,34,0,0,,2019
476,Juho Lammikko\lammiju01,23,FLA,RW,40,0,6,6,-7,6,-0.4,0,0,0,0,5,0,1,39,0,437,10:56,21,45,142,190,42.8,2019
477,Gabriel Landeskog\landega01,26,COL,LW,73,34,41,75,17,51,9,24,10,0,9,24,17,0,243,14,1544,21:09,64,120,360,333,51.9,2019
478,Nick Lappin\lappini01,26,NJD,RW,11,0,0,0,-6,0,-0.4,0,0,0,0,0,0,0,11,0,151,13:41,3,16,5,1,83.3,2019
479,Dylan Larkin\larkidy01,22,DET,C,76,32,41,73,-6,75,7.5,23,7,2,4,32,8,1,287,11.1,1660,21:51,38,80,865,722,54.5,2019
480,Adam Larsson\larssad01,26,EDM,D,82,3,17,20,-28,44,1.8,3,0,0,0,16,0,1,117,2.6,1773,21:37,128,256,0,0,,2019
481,Jacob Larsson\larssja01,21,ANA,D,49,0,5,5,-4,16,1.3,0,0,0,0,5,0,0,57,0,839,17:07,59,41,0,1,0,2019
482,Johan Larsson\larssjo02,26,BUF,LW,73,6,8,14,-8,37,0.1,5,0,1,0,8,0,0,79,7.6,1043,14:18,44,112,503,490,50.7,2019
483,Brian Lashoff\lashobr01,28,DET,D,4,0,1,1,-1,2,0.1,0,0,0,0,1,0,0,2,0,55,13:40,4,3,0,0,,2019
484,Scott Laughton\laughsc01,24,PHI,C,82,12,20,32,-11,53,1.9,12,0,0,1,18,0,2,130,9.2,1218,14:51,46,146,344,291,54.2,2019
485,Jeremy Lauzon\lauzoje01,21,BOS,D,16,1,0,1,-1,2,0.4,1,0,0,1,0,0,0,11,9.1,249,15:32,15,15,0,0,,2019
486,Curtis Lazar\lazarcu01,23,CGY,C,1,0,0,0,-1,0,0,0,0,0,0,0,0,0,0,,5,04:48,1,0,3,1,75,2019
487,Nick Leddy\leddyni01,27,NYI,D,82,4,22,26,0,18,5,4,0,0,0,12,10,0,116,3.4,1767,21:33,89,77,0,0,,2019
488,Anders Lee\leean01,28,NYI,C,82,28,23,51,20,58,6.5,18,10,0,5,17,6,0,204,13.7,1401,17:05,51,103,75,80,48.4,2019
489,Artturi Lehkonen\lehkoar01,23,MTL,LW,82,11,20,31,10,32,2.3,11,0,0,4,20,0,0,176,6.3,1276,15:33,39,120,5,14,26.3,2019
490,Jori Lehtera\lehtejo01,31,PHI,C,27,1,2,3,-7,33,-0.3,1,0,0,0,2,0,0,17,5.9,246,09:07,7,29,79,67,54.1,2019
491,Brendan Leipsic\leipsbr01,24,TOT,LW,62,7,16,23,-14,24,1.3,6,1,0,1,13,3,0,92,7.6,855,13:47,28,56,7,6,53.8,2019
491,Brendan Leipsic\leipsbr01,24,LAK,LW,45,5,13,18,-4,22,1.3,4,1,0,0,12,1,0,56,8.9,637,14:09,25,45,4,4,50,2019
491,Brendan Leipsic\leipsbr01,24,VAN,LW,17,2,3,5,-10,2,0,2,0,0,1,1,2,0,36,5.6,218,12:50,3,11,3,2,60,2019
492,Josh Leivo\leivojo01,25,TOT,LW,76,14,10,24,5,32,2.3,11,3,0,2,6,4,0,151,9.3,1066,14:02,23,44,15,26,36.6,2019
492,Josh Leivo\leivojo01,25,VAN,LW,49,10,8,18,4,25,1.8,9,1,0,0,5,3,0,113,8.8,782,15:57,18,22,4,9,30.8,2019
492,Josh Leivo\leivojo01,25,TOR,LW,27,4,2,6,1,7,0.5,2,2,0,2,1,1,0,38,10.5,284,10:32,5,22,11,17,39.3,2019
493,Brendan Lemieux\lemiebr01,22,TOT,LW,63,12,5,17,6,108,2.2,12,0,0,1,5,0,0,67,17.9,570,09:03,31,129,7,13,35,2019
493,Brendan Lemieux\lemiebr01,22,WPG,LW,44,9,2,11,10,64,1.8,9,0,0,1,2,0,0,37,24.3,326,07:25,15,81,4,6,40,2019
493,Brendan Lemieux\lemiebr01,22,NYR,LW,19,3,3,6,-4,44,0.4,3,0,0,0,3,0,0,30,10,244,12:50,16,48,3,7,30,2019
494,Kris Letang\letankr01,31,PIT,D,65,16,40,56,13,48,9,13,2,1,3,22,17,1,206,7.8,1687,01:58,111,116,0,0,,2019
495,Mark Letestu\letesma01,33,CBJ,C,2,0,0,0,-1,0,-0.1,0,0,0,0,0,0,0,1,0,19,09:20,0,3,5,1,83.3,2019
496,Vinni Lettieri\lettivi01,23,NYR,C,27,1,2,3,-7,14,-0.3,0,1,0,0,1,1,0,40,2.5,274,10:09,11,41,7,6,53.8,2019
497,Tyler Lewington\lewinty01,24,WSH,D,2,1,1,2,3,7,0.5,1,0,0,0,1,0,0,3,33.3,28,13:48,1,4,0,0,,2019
498,Trevor Lewis\lewistr01,32,LAK,C,44,3,9,12,-9,9,0.3,3,0,0,1,9,0,0,87,3.4,617,14:01,25,53,57,67,46,2019
499,Oscar Lindberg\lindbos02,27,TOT,C,55,9,11,20,4,28,2,9,0,0,0,10,1,0,91,9.9,686,12:28,27,104,101,122,45.3,2019
499,Oscar Lindberg\lindbos02,27,VEG,C,35,4,8,12,3,24,1.1,4,0,0,0,7,1,0,66,6.1,422,12:03,17,65,15,17,46.9,2019
499,Oscar Lindberg\lindbos02,27,OTT,C,20,5,3,8,1,4,0.9,5,0,0,0,3,0,0,25,20,264,13:13,10,39,86,105,45,2019
500,Oskar Lindblom\lindbos01,22,PHI,LW,81,17,16,33,-9,20,2.7,15,2,0,2,15,1,0,162,10.5,1113,13:45,52,68,3,7,30,2019
501,Esa Lindell\lindees01,24,DAL,D,82,11,21,32,14,33,8.6,5,4,2,1,18,3,0,132,8.3,1995,00:20,161,143,0,0,,2019
502,Ryan Lindgren\lindgry01,20,NYR,D,5,0,0,0,-6,8,-0.4,0,0,0,0,0,0,0,8,0,73,14:35,9,11,0,0,,2019
503,Anton Lindholm\lindhan01,24,COL,D,2,0,0,0,-1,0,-0.1,0,0,0,0,0,0,0,0,,14,07:11,1,1,0,0,,2019
504,Elias Lindholm\lindhel01,24,CGY,C,81,27,51,78,30,20,8.4,17,9,1,5,31,17,3,182,14.8,1623,20:02,39,82,509,428,54.3,2019
505,Hampus Lindholm\lindhha01,25,ANA,D,76,6,22,28,-5,44,5.5,5,1,0,0,16,5,1,125,4.8,1824,00:00,133,81,0,0,,2019
506,Par Lindholm\lindhpa01,27,TOT,C,65,1,12,13,5,18,0.2,1,0,0,0,12,0,0,65,1.5,738,11:21,55,58,204,203,50.1,2019
506,Par Lindholm\lindhpa01,27,TOR,C,61,1,11,12,5,18,0.1,1,0,0,0,11,0,0,60,1.7,698,11:27,54,54,201,194,50.9,2019
506,Par Lindholm\lindhpa01,27,WPG,C,4,0,1,1,0,0,0,0,0,0,0,1,0,0,5,0,39,09:47,1,4,3,9,25,2019
507,Bryan Little\littlbr01,31,WPG,RW,82,15,26,41,-12,26,2.9,11,4,0,5,21,3,2,126,11.9,1298,15:50,29,62,526,476,52.5,2019
508,Blake Lizotte\lizotbl01,21,LAK,C,1,0,0,0,-1,0,-0.1,0,0,0,0,0,0,0,1,0,11,11:12,1,0,4,4,50,2019
509,Ryan Lomberg\lombery01,24,CGY,LW,4,0,0,0,0,17,-0.1,0,0,0,0,0,0,0,1,0,28,06:59,0,12,0,0,,2019
510,Ben Lovejoy\lovejbe01,34,TOT,D,71,2,7,9,-1,37,2.7,2,0,0,0,7,0,0,95,2.1,1213,17:05,118,76,0,0,,2019
510,Ben Lovejoy\lovejbe01,34,NJD,D,51,2,5,7,1,33,2.1,2,0,0,0,5,0,0,70,2.9,896,17:35,77,59,0,0,,2019
510,Ben Lovejoy\lovejbe01,34,DAL,D,20,0,2,2,-2,4,0.6,0,0,0,0,2,0,0,25,0,317,15:50,41,17,0,0,,2019
511,Adam Lowry\lowryad01,25,WPG,LW,78,12,11,23,6,33,1.8,11,0,1,3,9,0,2,105,11.4,1142,14:38,49,223,643,473,57.6,2019
512,Milan Lucic\lucicmi01,30,EDM,LW,79,6,14,20,-9,91,0.5,4,2,0,0,12,2,0,74,8.1,1046,13:14,22,259,25,20,55.6,2019
513,Matt Luff\luffma01,21,LAK,RW,33,8,3,11,-2,9,1.3,7,1,0,2,3,0,0,45,17.8,367,11:07,19,17,1,3,25,2019
514,Isac Lundestrom\lundeis01,19,ANA,C,15,0,2,2,-1,2,-0.1,0,0,0,0,2,0,0,13,0,195,13:02,5,4,21,43,32.8,2019
515,Ilya Lyubushkin\lyubuil01,24,ARI,D,41,0,4,4,-9,13,0.6,0,0,0,0,4,0,0,27,0,563,13:44,61,150,0,0,,2019
516,Olli Maatta\maattol01,24,PIT,D,60,1,13,14,9,12,2.7,0,1,0,1,10,3,0,74,1.4,1115,18:35,116,97,0,0,,2019
517,Kurtis MacDermid\macdeku01,24,LAK,D,11,0,1,1,-1,11,0.2,0,0,0,0,1,0,0,5,0,103,09:21,4,26,0,0,,2019
518,Andrew MacDonald\macdoan01,32,PHI,D,47,0,9,9,-5,18,1.1,0,0,0,0,7,0,2,41,0,771,16:24,95,30,0,0,,2019
519,Jacob MacDonald\macdoja02,25,FLA,D,2,1,0,1,1,0,0.3,1,0,0,0,0,0,0,1,100,24,12:03,1,1,0,0,,2019
520,Mackenzie MacEachern\maceama01,24,STL,LW,29,3,2,5,0,10,0.4,3,0,0,1,2,0,0,33,9.1,233,08:02,4,49,0,0,,2019
521,Zack MacEwen\macewza01,22,VAN,C,4,0,1,1,-4,5,-0.1,0,0,0,0,1,0,0,2,0,29,07:11,1,4,0,1,0,2019
522,Derek MacKenzie\mackede01,37,FLA,C,1,0,0,0,0,0,0,0,0,0,0,0,0,0,0,,3,02:43,0,0,2,1,66.7,2019
523,Nathan MacKinnon\mackina01,23,COL,C,82,41,58,99,20,34,11.8,29,12,0,6,33,25,0,365,11.2,1812,22:05,31,54,518,666,43.8,2019
524,Saku Maenalanen\maenasa01,24,CAR,RW,34,4,4,8,0,20,0.7,4,0,0,0,4,0,0,36,11.1,321,09:26,10,45,6,15,28.6,2019
525,Josh Mahura\mahurjo01,20,ANA,D,17,1,4,5,0,4,0.9,1,0,0,0,1,3,0,20,5,243,14:18,18,6,0,0,,2019
526,Denis Malgin\malgide01,22,FLA,C,50,7,9,16,-10,14,0.9,7,0,0,0,8,1,0,66,10.6,644,12:53,21,40,36,56,39.1,2019
527,Evgeni Malkin\malkiev01,32,PIT,C,68,21,51,72,-25,89,6.2,12,9,0,5,34,17,0,187,11.2,1279,18:48,33,54,381,452,45.7,2019
528,Brad Malone\malonbr01,29,EDM,C,16,0,0,0,0,4,-0.2,0,0,0,0,0,0,0,13,0,143,08:57,5,35,32,40,44.4,2019
529,Maxim Mamin\maminma01,24,FLA,C,7,0,0,0,-2,5,-0.2,0,0,0,0,0,0,0,8,0,51,07:21,1,10,0,1,0,2019
530,Andrew Mangiapane\mangian01,22,CGY,LW,44,8,5,13,11,12,1.6,8,0,0,1,5,0,0,65,12.3,464,10:33,17,43,6,3,66.7,2019
531,Brandon Manning\mannibr01,28,TOT,D,39,2,2,4,-15,25,-0.3,2,0,0,0,2,0,0,33,6.1,579,14:50,40,63,0,0,,2019
531,Brandon Manning\mannibr01,28,CHI,D,27,1,2,3,-14,21,-0.6,1,0,0,0,2,0,0,23,4.3,418,15:28,23,50,0,0,,2019
531,Brandon Manning\mannibr01,28,EDM,D,12,1,0,1,-1,4,0.3,1,0,0,0,0,0,0,10,10,161,13:25,17,13,0,0,,2019
532,Josh Manson\mansojo01,27,ANA,D,74,3,13,16,-8,62,3.5,3,0,0,0,12,0,1,96,3.1,1651,22:18,90,184,0,0,,2019
533,Anthony Mantha\manthan01,24,DET,RW,67,25,23,48,-8,30,5,18,7,0,1,17,6,0,198,12.6,1194,17:50,23,67,22,28,44,2019
534,Brad Marchand\marchbr03,30,BOS,LW,79,36,64,100,15,96,11.7,23,10,3,9,36,24,4,231,15.6,1550,19:37,19,46,45,60,42.9,2019
535,Jonathan Marchessault\audymjo01,28,VEG,C,82,25,34,59,2,52,6.3,20,5,0,6,23,11,0,278,9,1488,18:09,22,98,92,155,37.2,2019
536,Martin Marincin\marinma01,26,TOR,D,24,1,4,5,-4,12,0.4,1,0,0,0,4,0,0,34,2.9,365,15:12,21,21,0,1,0,2019
537,Patrick Marleau\marlepa01,39,TOR,C,82,16,21,37,-6,28,2.5,12,4,0,3,15,6,0,161,9.9,1340,16:21,41,74,104,99,51.2,2019
538,Mitch Marner\marnemi01,21,TOR,RW,82,26,68,94,22,22,9.8,22,3,1,5,48,18,2,233,11.2,1625,19:49,43,29,7,5,58.3,2019
539,Cooper Marody\marodco01,22,EDM,C,6,0,0,0,-1,0,-0.1,0,0,0,0,0,0,0,6,0,41,06:55,0,0,9,17,34.6,2019
540,Pat Maroon\maroopa01,30,STL,LW,74,10,18,28,-3,64,2.1,8,2,0,3,9,9,0,118,8.5,1049,14:10,7,135,2,3,40,2019
541,Danick Martel\marteda01,24,TBL,LW,9,0,2,2,3,8,0.1,0,0,0,0,2,0,0,16,0,92,10:11,1,12,1,1,50,2019
542,Matt Martin\martima02,29,NYI,LW,67,6,8,14,5,53,1,6,0,0,1,8,0,0,62,9.7,766,11:26,42,275,6,9,40,2019
543,Alec Martinez\martial01,31,LAK,D,60,4,14,18,-2,8,3.8,4,0,0,2,12,2,0,78,5.1,1282,21:22,135,78,0,0,,2019
544,Jordan Martinook\martijo01,26,CAR,LW,82,15,10,25,1,38,2.2,14,0,1,5,10,0,0,146,10.3,1188,14:29,46,199,150,191,44,2019
545,Andreas Martinsen\martian01,28,CHI,LW,24,1,3,4,-5,14,-0.1,1,0,0,0,3,0,0,21,4.8,190,07:56,9,83,3,4,42.9,2019
546,Mike Matheson\mathemi01,24,FLA,D,75,8,19,27,-24,44,3.2,8,0,0,2,11,6,2,129,6.2,1674,22:19,132,63,0,1,0,2019
547,Auston Matthews\matthau01,21,TOR,C,68,37,36,73,-9,12,8.3,25,12,0,5,28,8,0,251,14.7,1262,18:33,60,28,475,436,52.1,2019
548,Scott Mayfield\mayfisc01,26,NYI,D,79,4,15,19,18,68,5.3,3,0,1,0,15,0,0,104,3.8,1480,18:44,159,118,0,1,0,2019
549,Charlie McAvoy\mcavoch01,21,BOS,D,54,7,21,28,14,45,5.7,6,1,0,3,19,1,1,79,8.9,1197,22:10,91,92,0,0,,2019
550,Jake McCabe\mccabja01,25,BUF,D,59,4,10,14,-4,35,3,3,0,1,0,10,0,0,64,6.3,1118,18:57,99,103,0,1,0,2019
551,Jared McCann\mccanja01,22,TOT,C,78,19,16,35,-1,31,3.5,14,1,4,2,14,2,0,150,12.7,1133,14:32,51,77,275,320,46.2,2019
551,Jared McCann\mccanja01,22,FLA,C,46,8,10,18,-9,18,1.2,6,1,1,1,8,2,0,78,10.3,647,14:04,21,45,192,229,45.6,2019
551,Jared McCann\mccanja01,22,PIT,C,32,11,6,17,8,13,2.3,8,0,3,1,6,0,0,72,15.3,486,15:11,30,32,83,91,47.7,2019
552,Max McCormick\mccorma01,26,OTT,LW,14,1,0,1,-6,4,-0.2,1,0,0,0,0,0,0,12,8.3,105,07:30,6,21,0,1,0,2019
553,Ian McCoshen\mccosia01,23,FLA,D,19,1,1,2,-2,8,0.4,1,0,0,0,1,0,0,15,6.7,253,13:19,13,41,0,0,,2019
554,Connor McDavid\mcdavco01,22,EDM,C,78,41,75,116,3,20,13,31,9,1,9,50,24,1,240,17.1,1781,22:50,30,39,428,490,46.6,2019
555,Ryan McDonagh\mcdonry01,29,TBL,D,82,9,37,46,38,34,8.9,9,0,0,1,31,3,3,128,7,1811,22:05,161,98,0,0,,2019
556,Brock McGinn\mcginbr01,24,CAR,LW,82,10,16,26,10,20,2.2,9,0,1,0,16,0,0,123,8.1,1173,14:19,38,137,26,35,42.6,2019
557,Jamie McGinn\mcginja01,30,FLA,LW,19,4,3,7,-5,6,0.6,3,1,0,1,3,0,0,23,17.4,203,10:41,3,34,1,0,100,2019
558,Dylan McIlrath\mcilrdy01,26,DET,D,7,0,0,0,2,4,0.3,0,0,0,0,0,0,0,6,0,106,15:11,7,19,0,0,,2019
559,Greg McKegg\mckeggr01,26,CAR,C,41,6,5,11,-2,8,1,6,0,0,1,5,0,0,27,22.2,437,10:40,18,30,146,140,51,2019
560,Cody McLeod\mcleoco01,34,TOT,LW,38,1,0,1,-13,67,-0.7,1,0,0,0,0,0,0,22,4.5,246,06:29,10,112,0,1,0,2019
560,Cody McLeod\mcleoco01,34,NYR,LW,31,1,0,1,-10,60,-0.5,1,0,0,0,0,0,0,21,4.8,211,06:49,9,96,0,1,0,2019
560,Cody McLeod\mcleoco01,34,NSH,LW,7,0,0,0,-3,7,-0.2,0,0,0,0,0,0,0,1,0,35,05:02,1,16,0,0,,2019
561,Michael McLeod\mcleomi01,20,NJD,C,21,0,3,3,-8,13,-0.4,0,0,0,0,3,0,0,21,0,256,12:12,4,41,70,62,53,2019
562,Brayden McNabb\mcnabbr01,28,VEG,D,81,4,12,16,11,52,4.3,4,0,0,1,11,0,1,84,4.8,1578,19:29,139,200,0,0,,2019
563,Adam McQuaid\mcquaad01,32,TOT,D,50,3,4,7,2,42,1.9,3,0,0,1,3,0,1,28,10.7,789,15:47,88,122,0,0,,2019
563,Adam McQuaid\mcquaad01,32,NYR,D,36,2,3,5,3,33,1.5,2,0,0,0,2,0,1,19,10.5,629,17:28,76,99,0,0,,2019
563,Adam McQuaid\mcquaad01,32,CBJ,D,14,1,1,2,-1,9,0.4,1,0,0,1,1,0,0,9,11.1,160,11:25,12,23,0,0,,2019
564,Wade Megan\meganwa01,28,DET,C,11,0,1,1,-4,2,-0.2,0,0,0,0,1,0,0,16,0,87,07:53,4,4,28,23,54.9,2019
565,Jaycob Megna\megnaja02,26,ANA,D,28,1,3,4,-1,12,1,1,0,0,0,3,0,0,31,3.2,407,14:32,29,32,0,0,,2019
566,Timo Meier\meierti01,22,SJS,RW,78,30,36,66,9,55,7.4,24,6,0,2,31,4,1,250,12,1324,16:58,40,99,12,26,31.6,2019
567,Dakota Mermis\mermida01,25,ARI,D,1,0,0,0,1,0,0.1,0,0,0,0,0,0,0,0,,11,11:20,0,0,0,0,,2019
568,Jonathon Merrill\merrijo01,26,VEG,D,57,3,12,15,16,53,4,2,0,1,0,12,0,0,72,4.2,1019,17:53,72,71,0,0,,2019
569,Victor Mete\metevi01,20,MTL,D,71,0,13,13,17,6,3.5,0,0,0,0,13,0,0,65,0,1262,17:46,95,21,0,0,,2019
570,Marc Methot\methoma01,33,DAL,D,9,0,0,0,-3,6,0,0,0,0,0,0,0,0,3,0,152,16:56,10,15,0,0,,2019
571,Jacob Middleton\middlja01,23,SJS,D,3,0,1,1,-1,2,0,0,0,0,0,1,0,0,0,,30,09:56,2,1,0,0,,2019
572,Sonny Milano\milanso01,22,CBJ,LW,8,1,0,1,0,0,0.1,1,0,0,0,0,0,0,5,20,67,08:19,0,5,0,0,,2019
573,Colin Miller\milleco02,26,VEG,D,65,3,26,29,0,44,4.5,2,1,0,0,14,12,0,131,2.3,1277,19:39,64,122,0,0,,2019
574,J.T. Miller\millejt01,25,TBL,C,75,13,34,47,8,30,4.2,9,4,0,4,18,16,0,108,12,1100,14:40,23,115,259,265,49.4,2019
575,Kevan Miller\milleke03,31,BOS,D,39,0,7,7,8,35,2,0,0,0,0,7,0,0,32,0,692,17:45,79,73,0,0,,2019
576,Casey Mittelstadt\mitteca01,20,BUF,C,77,12,13,25,-19,10,1.4,9,3,0,1,6,7,0,118,10.2,1036,13:27,16,30,213,323,39.7,2019
577,Sean Monahan\monahse01,24,CGY,C,78,34,48,82,7,12,8.9,22,12,0,5,37,11,0,211,16.1,1486,19:03,24,36,454,434,51.1,2019
578,Brandon Montour\montobr01,24,TOT,D,82,8,27,35,-20,56,5.3,7,1,0,2,22,5,0,181,4.4,1841,22:27,121,99,0,0,,2019
578,Brandon Montour\montobr01,24,ANA,D,62,5,20,25,-16,40,3.7,5,0,0,2,17,3,0,126,4,1405,22:40,93,67,0,0,,2019
578,Brandon Montour\montobr01,24,BUF,D,20,3,7,10,-4,16,1.6,2,1,0,0,5,2,0,55,5.5,435,21:46,28,32,0,0,,2019
579,John Moore\moorejo01,28,BOS,D,61,4,9,13,0,26,2.8,2,2,0,1,8,1,0,97,4.1,1145,18:46,76,77,0,0,,2019
580,Trevor Moore\mooretr01,23,TOR,LW,25,2,6,8,1,2,0.6,2,0,0,0,6,0,0,26,7.7,227,09:06,7,15,0,0,,2019
581,Samuel Morin\morinsa01,23,PHI,D,5,0,0,0,-3,4,-0.2,0,0,0,0,0,0,0,5,0,62,12:22,7,9,0,0,,2019
582,Josh Morrissey\morrijo04,23,WPG,D,59,6,25,31,9,14,5.2,2,3,1,2,17,7,1,95,6.3,1322,22:24,107,55,0,0,,2019
583,Joseph Morrow\morrojo02,26,WPG,D,41,1,6,7,0,20,1.1,1,0,0,0,6,0,0,40,2.5,572,13:58,37,37,0,0,,2019
584,Tyler Motte\mottety01,23,VAN,C,74,9,7,16,-12,10,0.7,7,0,2,1,7,0,0,114,7.9,945,12:46,52,200,15,33,31.3,2019
585,Mirco Mueller\muellmi01,23,NJD,D,53,1,10,11,-3,17,2.2,1,0,0,0,10,0,0,39,2.6,958,18:04,61,75,0,0,,2019
586,Connor Murphy\murphco02,25,CHI,D,52,5,8,13,12,40,3,5,0,0,1,8,0,0,84,6,1013,19:29,91,119,0,0,,2019
587,Ryan Murphy\murphry01,25,TOT,D,3,0,1,1,1,0,0.2,0,0,0,0,0,1,0,1,0,34,11:10,3,1,0,0,,2019
587,Ryan Murphy\murphry01,25,MIN,D,2,0,0,0,1,0,0.1,0,0,0,0,0,0,0,1,0,19,09:37,2,1,0,0,,2019
587,Ryan Murphy\murphry01,25,NJD,D,1,0,1,1,0,0,0.1,0,0,0,0,0,1,0,0,,14,14:17,1,0,0,0,,2019
588,Ryan Murray\murrary01,25,CBJ,D,56,1,28,29,20,10,5.7,1,0,0,0,27,1,0,71,1.4,1201,21:26,93,27,0,0,,2019
589,Jake Muzzin\muzzija01,29,TOT,D,80,9,28,37,21,47,7.8,8,1,0,1,23,4,1,141,6.4,1707,21:20,134,172,0,0,,2019
589,Jake Muzzin\muzzija01,29,LAK,D,50,4,17,21,10,33,4.7,4,0,0,0,15,2,0,78,5.1,1076,21:32,92,111,0,0,,2019
589,Jake Muzzin\muzzija01,29,TOR,D,30,5,11,16,11,14,3.1,4,1,0,1,8,2,1,63,7.9,631,21:02,42,61,0,0,,2019
590,Philippe Myers\myersph01,22,PHI,D,21,1,1,2,-5,2,0.2,1,0,0,0,1,0,0,25,4,323,15:22,8,42,0,0,,2019
591,Tyler Myers\myersty01,28,WPG,D,80,9,22,31,11,63,5.8,8,0,1,3,14,7,1,156,5.8,1628,20:21,99,97,0,0,,2019
592,Vladislav Namestnikov\namesvl01,26,NYR,C,78,11,20,31,-7,44,2,8,1,2,3,15,2,3,119,9.2,1232,15:48,62,140,22,32,40.7,2019
593,Riley Nash\nashri02,29,CBJ,C,78,3,9,12,-8,19,-0.2,3,0,0,1,9,0,0,79,3.8,846,10:50,43,72,150,183,45,2019
594,James Neal\nealja01,31,CGY,LW,63,7,12,19,-5,28,0.6,5,2,0,1,8,4,0,141,5,942,14:57,19,46,5,6,45.5,2019
595,Martin Necas\necasma01,20,CAR,C,7,1,1,2,0,2,0.2,1,0,0,0,1,0,0,6,16.7,70,10:01,2,3,16,28,36.4,2019
596,Brock Nelson\nelsobr01,27,NYI,C,82,25,28,53,20,28,6.3,22,2,1,3,22,6,0,181,13.8,1474,17:58,55,51,594,652,47.7,2019
597,Casey Nelson\nelsoca01,26,BUF,D,38,1,5,6,1,13,1.6,1,0,0,0,5,0,0,37,2.7,586,15:25,36,44,0,0,,2019
598,Patrik Nemeth\nemetpa01,26,COL,D,74,1,9,10,5,53,2.3,1,0,0,0,8,0,1,57,1.8,1220,16:29,131,137,1,0,100,2019
599,Valeri Nichushkin\nichuva01,23,DAL,RW,57,0,10,10,-4,0,-0.1,0,0,0,0,10,0,0,65,0,679,11:55,32,71,3,3,50,2019
600,Nino Niederreiter\niedeni01,26,TOT,RW,82,23,30,53,-4,30,5.6,17,6,0,3,21,9,0,184,12.5,1330,16:14,20,94,37,30,55.2,2019
600,Nino Niederreiter\niedeni01,26,MIN,RW,46,9,14,23,-11,10,1.9,6,3,0,2,9,5,0,81,11.1,672,14:37,13,46,27,16,62.8,2019
600,Nino Niederreiter\niedeni01,26,CAR,RW,36,14,16,30,7,20,3.7,11,3,0,1,12,4,0,103,13.6,658,18:17,7,48,10,14,41.7,2019
601,Frans Nielsen\nielsfr01,34,DET,C,72,10,25,35,-7,14,2.2,10,0,0,4,16,8,1,120,8.3,1201,16:41,44,79,450,473,48.8,2019
602,Matthew Nieto\nietoma01,26,COL,LW,64,4,19,23,2,8,1.3,3,0,1,1,17,0,2,86,4.7,881,13:46,26,50,9,8,52.9,2019
603,Boo Nieves\nievecr01,25,NYR,C,43,4,6,10,-4,8,0.6,4,0,0,1,6,0,0,34,11.8,415,09:39,18,33,88,139,38.8,2019
604,Sami Niku\nikusa01,22,WPG,D,30,1,3,4,0,2,0.7,1,0,0,0,3,0,0,19,5.3,418,13:55,30,10,0,0,,2019
605,Jacob Nilsson\nilssja01,25,CHI,C,2,0,0,0,-2,0,-0.1,0,0,0,0,0,0,0,0,,16,07:52,1,1,3,5,37.5,2019
606,Matt Niskanen\niskama01,32,WSH,D,80,8,17,25,-3,41,3.6,7,1,0,1,15,1,1,143,5.6,1755,21:56,137,167,0,0,,2019
607,Stefan Noesen\noesest01,25,NJD,RW,41,3,5,8,-19,28,-0.3,3,0,0,0,5,0,0,64,4.7,522,12:44,21,95,23,33,41.1,2019
608,Nelson Nogier\nogiene01,22,WPG,D,1,0,0,0,0,0,0,0,0,0,0,0,0,0,1,0,10,10:06,1,0,0,0,,2019
609,Jordan Nolan\nolanjo01,29,STL,C,14,0,2,2,2,14,0.1,0,0,0,0,2,0,0,17,0,111,07:56,4,22,0,1,0,2019
610,Joakim Nordstrom\nordsjo02,26,BOS,C,70,7,5,12,0,13,0.4,7,0,0,3,5,0,0,103,6.8,944,13:29,52,86,48,77,38.4,2019
611,Tomas Nosek\nosekto01,26,VEG,C,68,8,9,17,-10,18,0.8,7,0,1,1,9,0,0,116,6.9,848,12:28,23,75,82,50,62.1,2019
612,Ryan Nugent-Hopkins\nugenry01,25,EDM,C,82,28,41,69,-13,26,6.6,19,8,1,3,21,18,2,208,13.5,1648,20:06,40,69,379,461,45.1,2019
613,Darnell Nurse\nurseda01,23,EDM,D,82,10,31,41,-5,87,6.6,9,1,0,1,22,8,1,196,5.1,1953,23:49,146,162,0,0,,2019
614,Markus Nutivaara\nutivma01,24,CBJ,D,80,5,16,21,3,6,4.2,5,0,0,1,16,0,0,99,5.1,1414,17:41,61,80,0,0,,2019
615,Alexander Nylander\nylanal01,20,BUF,LW,12,2,2,4,-4,4,0.2,1,1,0,0,2,0,0,16,12.5,146,12:12,1,1,2,1,66.7,2019
616,William Nylander\nylanwi01,22,TOR,C,54,7,20,27,-4,16,1.6,6,1,0,0,15,5,0,130,5.4,838,15:31,14,16,203,165,55.2,2019
617,Gustav Nyquist\nyquigu01,29,TOT,RW,81,22,38,60,1,12,5.8,20,2,0,3,28,10,0,204,10.8,1419,17:31,23,36,11,11,50,2019
617,Gustav Nyquist\nyquigu01,29,DET,RW,62,16,33,49,0,8,4.6,15,1,0,2,23,10,0,163,9.8,1123,18:07,16,24,8,10,44.4,2019
617,Gustav Nyquist\nyquigu01,29,SJS,RW,19,6,5,11,1,4,1.2,5,1,0,1,5,0,0,41,14.6,296,15:34,7,12,3,1,75,2019
618,Logan O'Connor\oconnlo01,22,COL,RW,5,0,0,0,-2,0,-0.1,0,0,0,0,0,0,0,1,0,34,06:49,1,4,0,3,0,2019
619,Danny O'Regan\oregada01,25,BUF,C,1,0,0,0,0,0,0,0,0,0,0,0,0,0,2,0,12,11:56,0,0,1,0,100,2019
620,Ryan O'Reilly\oreilry01,27,STL,C,82,28,49,77,22,12,8.8,21,6,1,5,31,16,2,234,12,1702,20:46,36,31,1086,824,56.9,2019
621,Jordan Oesterle\oestejo01,26,ARI,D,71,6,14,20,-3,12,4.6,3,3,0,0,10,4,0,77,7.8,1342,18:54,139,58,0,0,,2019
622,Kyle Okposo\okposky01,30,BUF,RW,78,14,15,29,-9,41,2.3,7,7,0,2,11,4,0,147,9.5,1075,13:47,27,87,63,71,47,2019
623,Jamie Oleksiak\oleksja01,26,TOT,D,57,4,8,12,5,45,2.7,4,0,0,0,8,0,0,55,7.3,840,14:44,59,135,0,0,,2019
623,Jamie Oleksiak\oleksja01,26,PIT,D,36,4,7,11,5,37,2.1,4,0,0,0,7,0,0,35,11.4,571,15:52,37,97,0,0,,2019
623,Jamie Oleksiak\oleksja01,26,DAL,D,21,0,1,1,0,8,0.5,0,0,0,0,1,0,0,20,0,268,12:47,22,38,0,0,,2019
624,Victor Olofsson\olofsvi01,23,BUF,RW,6,2,2,4,1,2,0.5,0,2,0,0,2,0,0,21,9.5,108,18:01,3,2,0,0,,2019
625,Dmitry Orlov\orlovdm01,27,WSH,D,82,3,26,29,3,33,4,3,0,0,0,25,1,0,101,3,1774,21:38,103,137,0,0,,2019
626,Brooks Orpik\orpikbr01,38,WSH,D,53,2,7,9,8,32,2,2,0,0,0,7,0,0,43,4.7,830,15:40,78,131,0,0,,2019
627,T.J. Oshie\oshietj01,32,WSH,C,69,25,29,54,5,36,5.6,18,6,1,4,21,8,0,143,17.5,1284,18:37,55,133,84,121,41,2019
628,Xavier Ouellet\ouellxa01,25,MTL,D,19,0,3,3,-3,13,0.3,0,0,0,0,3,0,0,32,0,323,17:01,30,32,0,0,,2019
629,Alex Ovechkin\ovechal01,33,WSH,LW,81,51,38,89,7,40,11,33,18,0,5,28,10,0,338,15.1,1695,20:55,41,223,1,4,20,2019
630,Igor Ozhiganov\ozhigig01,26,TOR,D,53,3,4,7,0,14,1.2,3,0,0,0,4,0,0,43,7,743,14:01,48,57,0,0,,2019
631,Magnus Paajarvi\paajama01,27,OTT,LW,80,11,8,19,-14,6,0.7,10,0,1,1,7,0,1,119,9.2,1078,13:28,67,65,7,9,43.8,2019
632,Max Pacioretty\pacioma01,30,VEG,LW,66,22,18,40,-13,36,4.1,18,4,0,5,14,4,0,191,11.5,1122,17:00,20,119,21,31,40.4,2019
633,Jean-Gabriel Pageau\pageaje01,26,OTT,C,39,4,8,12,-12,14,0,4,0,0,0,8,0,0,83,4.8,696,17:51,38,63,259,222,53.8,2019
634,Ondrej Palat\palaton01,27,TBL,LW,64,8,26,34,4,20,2.5,6,2,0,1,20,6,0,100,8,953,14:53,34,104,2,15,11.8,2019
635,Kyle Palmieri\palmiky01,27,NJD,RW,74,27,23,50,-9,42,5.6,16,11,0,2,16,7,0,224,12.1,1343,18:09,35,98,24,62,27.9,2019
636,Artemi Panarin\panarar01,27,CBJ,LW,79,28,59,87,14,23,9.7,22,6,0,8,47,12,0,191,14.7,1569,19:51,17,14,1,3,25,2019
637,Richard Panik\panikri01,27,ARI,RW,75,14,19,33,-3,44,3.2,13,0,1,2,17,2,0,140,10,1246,16:37,52,137,5,13,27.8,2019
638,Cedric Paquette\paquece01,25,TBL,C,80,13,4,17,7,80,1.4,11,0,2,1,4,0,0,87,14.9,960,12:00,61,269,404,364,52.6,2019
639,Colton Parayko\parayco01,25,STL,D,80,10,18,28,20,15,7.2,6,4,0,3,13,4,1,176,5.7,1823,22:47,157,127,0,0,,2019
640,Zach Parise\parisza01,34,MIN,LW,74,28,33,61,-2,26,6.9,18,10,0,5,25,6,2,229,12.2,1381,18:40,71,49,9,25,26.5,2019
641,David Pastrnak\pastrda01,22,BOS,RW,66,38,43,81,6,32,10.2,21,17,0,4,27,16,0,235,16.2,1238,18:45,25,57,1,2,33.3,2019
642,Greg Pateryn\patergr01,28,MIN,D,80,1,6,7,-11,41,2.1,1,0,0,0,6,0,0,100,1,1370,17:07,118,144,0,1,0,2019
643,Nolan Patrick\patrino01,20,PHI,C,72,13,18,31,-8,27,2.2,12,1,0,3,17,1,0,115,11.3,1086,15:05,26,72,399,380,51.2,2019
644,Nick Paul\paulni01,23,OTT,LW,20,1,1,2,-10,4,-0.4,1,0,0,0,1,0,0,30,3.3,169,08:28,4,28,16,19,45.7,2019
645,Joe Pavelski\paveljo01,34,SJS,C,75,38,26,64,-4,22,7.3,25,12,1,6,17,9,0,188,20.2,1428,19:03,61,69,526,463,53.2,2019
646,Tanner Pearson\pearsta01,26,TOT,LW,80,18,9,27,-15,25,2.2,15,3,0,1,7,2,0,147,12.2,1124,14:03,41,128,5,12,29.4,2019
646,Tanner Pearson\pearsta01,26,PIT,LW,44,9,5,14,-6,13,1.1,8,1,0,0,4,1,0,81,11.1,582,13:13,25,82,3,6,33.3,2019
646,Tanner Pearson\pearsta01,26,VAN,LW,19,9,3,12,0,4,1.7,7,2,0,1,2,1,0,42,21.4,313,16:28,13,28,1,2,33.3,2019
646,Tanner Pearson\pearsta01,26,LAK,LW,17,0,1,1,-9,8,-0.6,0,0,0,0,1,0,0,24,0,230,13:30,3,18,1,4,20,2019
647,Matthew Peca\pecama01,25,MTL,C,39,3,7,10,-14,4,0,3,0,0,0,6,0,1,35,8.6,410,10:31,21,33,80,89,47.3,2019
648,Adam Pelech\pelecad01,24,NYI,D,78,5,16,21,22,24,5.9,5,0,0,0,16,0,0,110,4.5,1453,18:38,116,149,0,0,,2019
649,Anthony Peluso\pelusan01,29,CGY,RW,4,0,0,0,-1,7,-0.1,0,0,0,0,0,0,0,1,0,16,04:07,0,4,0,0,,2019
650,Brendan Perlini\perlibr01,22,TOT,LW,68,14,7,21,-17,28,1.5,12,2,0,0,5,2,0,117,12,789,11:36,22,51,1,6,14.3,2019
650,Brendan Perlini\perlibr01,22,CHI,LW,46,12,3,15,-12,20,1.3,12,0,0,0,3,0,0,77,15.6,488,10:36,15,38,1,4,20,2019
650,Brendan Perlini\perlibr01,22,ARI,LW,22,2,4,6,-5,8,0.3,0,2,0,0,2,2,0,40,5,301,13:41,7,13,0,2,0,2019
651,Mathieu Perreault\perrema01,31,WPG,C,82,15,15,30,-1,44,2.7,11,4,0,3,12,3,0,95,15.8,1003,12:14,25,127,26,27,49.1,2019
652,David Perron\perroda01,30,STL,LW,57,23,23,46,3,46,5.5,16,7,0,1,16,7,0,112,20.5,974,17:06,13,52,15,18,45.5,2019
653,Corey Perry\perryco01,33,ANA,RW,31,6,4,10,-16,27,0.4,4,2,0,1,2,2,0,59,10.2,460,14:49,14,21,0,2,0,2019
654,Brett Pesce\pescebr01,24,CAR,D,73,7,22,29,35,24,7.9,7,0,0,2,20,0,2,98,7.1,1496,20:29,131,53,1,0,100,2019
655,Nic Petan\petanni01,23,TOT,C,18,1,2,3,-5,2,0,1,0,0,1,2,0,0,15,6.7,137,07:38,4,2,11,13,45.8,2019
655,Nic Petan\petanni01,23,WPG,C,13,0,2,2,-2,2,0,0,0,0,0,2,0,0,10,0,94,07:13,2,0,5,3,62.5,2019
655,Nic Petan\petanni01,23,TOR,C,5,1,0,1,-3,0,0,1,0,0,1,0,0,0,5,20,44,08:42,2,2,6,10,37.5,2019
656,Alexander Petrovic\petroal01,26,TOT,D,35,0,2,2,-15,26,-0.4,0,0,0,0,2,0,0,47,0,578,16:32,53,116,0,0,,2019
656,Alexander Petrovic\petroal01,26,FLA,D,26,0,1,1,-8,24,-0.1,0,0,0,0,1,0,0,40,0,452,17:23,42,86,0,0,,2019
656,Alexander Petrovic\petroal01,26,EDM,D,9,0,1,1,-7,2,-0.3,0,0,0,0,1,0,0,7,0,126,14:02,11,30,0,0,,2019
657,Jeff Petry\petryje01,31,MTL,D,82,13,33,46,-5,28,6.8,10,3,0,4,24,8,1,172,7.6,1896,23:07,123,190,0,1,0,2019
658,Elias Pettersson\petteel01,20,VAN,C,71,28,38,66,3,12,7.8,18,10,0,7,26,12,0,144,19.4,1294,18:14,51,42,257,370,41,2019
659,Marcus Pettersson\pettema01,22,TOT,D,84,2,23,25,17,66,5,1,1,0,0,18,4,1,87,2.3,1401,16:41,108,101,1,0,100,2019
659,Marcus Pettersson\pettema01,22,PIT,D,57,2,17,19,13,49,3.5,1,1,0,0,12,4,1,72,2.8,1023,17:57,76,85,1,0,100,2019
659,Marcus Pettersson\pettema01,22,ANA,D,27,0,6,6,4,17,1.4,0,0,0,0,6,0,0,15,0,379,14:01,32,16,0,0,,2019
660,Dion Phaneuf\phanedi01,33,LAK,D,67,1,5,6,-21,53,0.4,1,0,0,0,5,0,0,80,1.3,1005,15:00,79,128,0,0,,2019
661,Blake Pietila\pietibl01,25,NJD,LW,19,0,1,1,-7,6,-0.5,0,0,0,0,1,0,0,22,0,252,13:16,8,36,36,46,43.9,2019
662,Alex Pietrangelo\pietral01,29,STL,D,71,13,28,41,2,22,7.3,10,3,0,2,15,12,1,168,7.7,1709,00:05,139,62,0,1,0,2019
663,Lawrence Pilut\pilutla01,23,BUF,D,33,1,5,6,-8,20,0.9,1,0,0,0,5,0,0,37,2.7,575,17:25,33,20,0,0,,2019
664,Neal Pionk\pionkne01,23,NYR,D,73,6,20,26,-16,35,3.4,4,2,0,1,8,11,1,132,4.5,1545,21:10,98,138,0,1,0,2019
665,Brandon Pirri\pirribr01,27,VEG,C,31,12,6,18,7,6,2.6,9,3,0,3,5,1,0,82,14.6,448,14:27,13,29,15,19,44.1,2019
666,Rem Pitlick\pitlire01,21,NSH,C,1,0,0,0,0,2,0,0,0,0,0,0,0,0,0,,10,09:43,0,0,0,0,,2019
667,Tyler Pitlick\pitlity01,27,DAL,C,47,8,4,12,-2,6,1.1,7,1,0,1,4,0,0,75,10.7,629,13:23,27,93,5,7,41.7,2019
668,Tomas Plekanec\plekato01,36,MTL,C,3,1,0,1,0,0,0.1,1,0,0,0,0,0,0,8,12.5,33,10:53,1,1,19,19,50,2019
669,Ryan Poehling\poehlry01,20,MTL,C,1,3,0,3,3,0,0.7,3,0,0,0,0,0,0,3,100,11,11:22,0,1,4,3,57.1,2019
670,Brayden Point\pointbr01,22,TBL,C,79,41,51,92,27,28,11.4,21,20,0,7,36,15,0,191,21.5,1495,18:55,43,31,435,421,50.8,2019
671,Roman Polak\polakro01,32,DAL,D,77,1,8,9,6,69,3.8,1,0,0,0,8,0,0,77,1.3,1476,19:10,152,191,0,0,,2019
672,Jason Pominville\pominja01,36,BUF,RW,73,16,15,31,-4,4,3.2,15,1,0,3,14,1,0,134,11.9,910,12:28,20,18,18,17,51.4,2019
673,Derrick Pouliot\poulide01,25,VAN,D,62,3,9,12,-1,30,2.7,2,1,0,1,9,0,0,58,5.2,1064,17:10,71,76,0,0,,2019
674,Nate Prosser\prossna01,32,MIN,D,15,0,0,0,1,2,0.3,0,0,0,0,0,0,0,10,0,153,10:13,13,17,0,0,,2019
675,Dalton Prout\proutda01,28,CGY,D,20,1,1,2,1,8,0.5,1,0,0,0,1,0,0,14,7.1,262,13:07,20,36,0,0,,2019
676,Ivan Provorov\provoiv01,22,PHI,D,82,7,19,26,-16,32,3.7,7,0,0,1,17,2,0,145,4.8,2059,01:07,149,123,0,1,0,2019
677,Matt Puempel\puempma01,26,DET,LW,8,1,0,1,-2,2,0,0,1,0,0,0,0,0,10,10,83,10:24,5,4,0,2,0,2019
678,Jesse Puljujarvi\puljuje01,20,EDM,RW,46,4,5,9,-14,16,-0.1,4,0,0,0,4,1,0,53,7.5,550,11:57,26,46,2,2,50,2019
679,Ryan Pulock\pulocry01,24,NYI,D,82,9,28,37,21,22,8.3,6,3,0,3,22,6,0,180,5,1834,22:22,148,143,0,0,,2019
680,Tom Pyatt\pyattto01,31,OTT,C,37,0,2,2,-16,2,-1.1,0,0,0,0,2,0,0,29,0,433,11:43,46,15,56,92,37.8,2019
681,Mark Pysyk\pysykma01,27,FLA,D,70,1,10,11,-1,26,2.3,1,0,0,0,9,0,1,64,1.6,1279,18:16,89,133,0,0,,2019
682,John Quenneville\quennjo02,22,NJD,C,19,1,0,1,-1,4,-0.1,1,0,0,1,0,0,0,16,6.3,215,11:19,7,21,4,7,36.4,2019
683,Alan Quine\quineal01,25,CGY,C,13,3,2,5,0,6,0.6,2,1,0,0,2,0,0,11,27.3,123,09:30,2,14,13,20,39.4,2019
684,Lukas Radil\radillu01,28,SJS,C,36,7,4,11,7,6,1.3,7,0,0,2,4,0,0,40,17.5,385,10:41,9,29,6,3,66.7,2019
685,Alexander Radulov\radulal01,32,DAL,RW,70,29,43,72,22,54,9.1,22,7,0,7,27,16,0,209,13.9,1385,19:47,83,60,6,10,37.5,2019
686,Brogan Rafferty\raffebr01,23,VAN,D,2,0,0,0,-1,0,0,0,0,0,0,0,0,0,3,0,27,13:21,2,0,0,0,,2019
687,Michael Raffl\rafflmi01,30,PHI,LW,67,6,12,18,-1,32,1,5,0,1,1,12,0,0,65,9.2,765,11:25,29,96,14,20,41.2,2019
688,Rickard Rakell\rakelri01,25,ANA,RW,69,18,25,43,-13,27,3.9,12,6,0,2,18,7,0,194,9.3,1275,18:29,38,82,17,31,35.4,2019
689,Mikko Rantanen\rantami01,22,COL,RW,74,31,56,87,13,54,9.8,15,16,0,4,39,17,0,193,16.1,1542,20:51,41,59,17,29,37,2019
690,Victor Rask\raskvi01,25,TOT,C,49,3,6,9,-4,8,0.2,3,0,0,0,4,2,0,55,5.5,593,12:06,12,40,204,226,47.4,2019
690,Victor Rask\raskvi01,25,CAR,C,26,1,5,6,-3,4,0.1,1,0,0,0,3,2,0,25,4,313,12:02,8,25,111,135,45.1,2019
690,Victor Rask\raskvi01,25,MIN,C,23,2,1,3,-1,4,0.1,2,0,0,0,1,0,0,30,6.7,280,12:11,4,15,93,91,50.5,2019
691,Michael Rasmussen\rasmumi01,19,DET,C,62,8,10,18,-8,29,1,4,4,0,0,10,0,0,74,10.8,749,12:05,28,84,23,41,35.9,2019
692,Ty Rattie\rattity01,25,EDM,RW,50,4,7,11,-2,4,0.5,4,0,0,1,6,1,0,84,4.8,567,11:21,7,57,1,2,33.3,2019
693,Kyle Rau\rauky01,26,MIN,C,6,0,1,1,0,0,0,0,0,0,0,1,0,0,6,0,42,07:01,2,11,3,1,75,2019
694,Matt Read\readma01,32,MIN,RW,12,1,0,1,-2,2,-0.1,1,0,0,0,0,0,0,13,7.7,141,11:45,8,11,2,4,33.3,2019
695,Ryan Reaves\reavery01,32,VEG,RW,80,9,11,20,1,74,1.6,6,3,0,2,11,0,0,95,9.5,870,10:52,24,305,40,54,42.6,2019
696,Mike Reilly\reillmi01,25,MTL,D,57,3,8,11,0,16,2.1,2,1,0,1,8,0,0,101,3,1065,18:41,53,48,0,0,,2019
697,Sam Reinhart\reinhsa01,23,BUF,C,82,22,43,65,-10,16,6,20,2,0,1,30,13,0,180,12.2,1555,18:57,47,38,31,56,35.6,2019
698,Sheldon Rempal\rempash01,23,LAK,RW,7,0,0,0,-1,0,-0.1,0,0,0,0,0,0,0,3,0,61,08:44,1,0,0,0,,2019
699,Anthony Richard\richaan01,22,NSH,C,1,0,0,0,-1,0,-0.1,0,0,0,0,0,0,0,0,,7,07:22,1,0,0,0,,2019
700,Brad Richardson\richabr02,33,ARI,C,66,19,8,27,6,22,3.7,16,0,3,3,5,0,3,128,14.8,1054,15:58,55,63,577,474,54.9,2019
701,Tobias Rieder\riedeto01,26,EDM,C,67,0,11,11,-8,8,-0.6,0,0,0,0,9,2,0,92,0,847,12:39,44,69,5,20,20,2019
702,Morgan Rielly\riellmo01,24,TOR,D,82,20,52,72,24,14,11.7,17,3,0,5,34,18,0,223,9,1896,23:07,114,61,0,1,0,2019
703,Juuso Riikola\riikoju01,25,PIT,D,37,2,3,5,3,10,1.2,0,2,0,1,3,0,0,43,4.7,617,16:41,38,86,0,0,,2019
704,Zac Rinaldo\rinalza01,28,NSH,C,23,1,2,3,1,20,0.2,1,0,0,1,2,0,0,11,9.1,164,07:07,8,47,1,4,20,2019
705,Rasmus Ristolainen\ristora01,24,BUF,D,78,5,38,43,-41,38,4.3,4,1,0,2,22,16,0,182,2.7,1922,00:38,121,235,0,0,,2019
706,Brett Ritchie\ritchbr01,25,DAL,RW,53,4,2,6,-7,57,0.1,3,1,0,2,2,0,0,57,7,509,09:36,13,126,2,7,22.2,2019
707,Nick Ritchie\ritchni01,23,ANA,LW,60,9,22,31,6,82,3,7,2,0,2,15,7,0,96,9.4,900,15:00,31,123,4,8,33.3,2019
708,Eric Robinson\robiner01,23,CBJ,LW,13,0,0,0,-4,0,-0.4,0,0,0,0,0,0,0,18,0,154,11:50,1,24,0,0,,2019
709,Jack Rodewald\rodewja01,24,OTT,RW,6,0,0,0,0,0,-0.1,0,0,0,0,0,0,0,2,0,42,07:04,3,8,0,0,,2019
710,Evan Rodrigues\rodriev01,25,BUF,C,74,9,20,29,-7,25,1.8,7,2,0,1,15,2,3,168,5.4,1171,15:49,33,33,304,351,46.4,2019
711,Kevin Rooney\rooneke01,25,NJD,C,41,6,4,10,-4,15,0.8,5,0,1,1,4,0,0,39,15.4,517,12:37,22,77,187,192,49.3,2019
712,Calle Rosen\rosenca01,24,TOR,D,4,1,0,1,-3,0,0,1,0,0,0,0,0,0,5,20,67,16:42,2,1,0,0,,2019
713,Jack Roslovic\rosloja01,22,WPG,C,77,9,15,24,-2,4,1.9,4,5,0,0,13,2,0,74,12.2,750,09:45,21,32,91,118,43.5,2019
714,Antoine Roussel\roussan01,29,VAN,LW,65,9,22,31,5,118,2.9,9,0,0,1,22,0,0,84,10.7,894,13:46,50,87,17,17,50,2019
715,Carter Rowney\rowneca01,29,ANA,RW,62,7,13,20,0,12,1.6,6,0,1,0,13,0,0,53,13.2,778,12:33,35,178,171,176,49.3,2019
716,Kevin Roy\royke01,25,ANA,C,3,0,0,0,-1,0,-0.1,0,0,0,0,0,0,0,2,0,39,13:03,2,0,0,0,,2019
717,Matt Roy\royma04,23,LAK,D,25,2,4,6,-1,8,1.3,2,0,0,1,4,0,0,34,5.9,428,17:08,47,38,0,0,,2019
718,Nicolas Roy\royni01,21,CAR,C,6,0,0,0,0,2,-0.1,0,0,0,0,0,0,0,1,0,42,06:57,1,7,21,18,53.8,2019
719,Chad Ruhwedel\ruhwech01,28,PIT,D,18,1,1,2,-9,4,-0.3,1,0,0,1,1,0,0,22,4.5,293,16:17,16,40,0,0,,2019
720,Kris Russell\russekr01,31,EDM,D,72,3,13,16,5,27,3.7,3,0,0,0,12,0,1,63,4.8,1471,20:26,185,93,0,0,,2019
721,Patrick Russell\russepa01,26,EDM,RW,6,0,0,0,0,2,-0.1,0,0,0,0,0,0,0,6,0,53,08:47,2,9,0,0,,2019
722,Bryan Rust\rustbr01,26,PIT,RW,72,18,17,35,10,24,3.7,16,0,2,4,15,0,2,141,12.8,1145,15:54,59,119,8,16,33.3,2019
723,Jan Rutta\ruttaja02,28,TOT,D,37,2,6,8,4,16,1.5,2,0,0,0,6,0,0,42,4.8,577,15:36,30,24,0,0,,2019
723,Jan Rutta\ruttaja02,28,CHI,D,23,2,4,6,0,12,0.9,2,0,0,0,4,0,0,22,9.1,375,16:18,21,18,0,0,,2019
723,Jan Rutta\ruttaja02,28,TBL,D,14,0,2,2,4,4,0.6,0,0,0,0,2,0,0,20,0,202,14:26,9,6,0,0,,2019
724,Bobby Ryan\ryanbo01,31,OTT,LW,78,15,27,42,-29,35,2.5,8,7,0,1,18,9,0,160,9.4,1223,15:41,49,77,8,18,30.8,2019
725,Derek Ryan\ryande01,32,CGY,C,81,13,25,38,21,24,3.7,11,2,0,1,16,5,4,103,12.6,1118,13:48,19,19,440,316,58.2,2019
726,Joakim Ryan\ryanjo02,25,SJS,D,44,0,7,7,-1,15,0.9,0,0,0,0,7,0,0,35,0,562,12:46,39,43,0,0,,2019
727,Kerby Rychel\rycheke01,24,CGY,LW,2,0,0,0,-1,0,-0.1,0,0,0,0,0,0,0,1,0,18,09:11,1,3,0,1,0,2019
728,Brandon Saad\saadbr01,26,CHI,LW,80,23,24,47,-9,12,3.9,15,5,3,3,23,1,0,195,11.8,1415,17:41,25,52,24,38,38.7,2019
729,Miikka Salomaki\salommi01,25,NSH,RW,37,3,4,7,5,8,0.6,3,0,0,0,4,0,0,51,5.9,387,10:27,20,72,2,5,28.6,2019
730,Zach Sanford\sanfoza01,24,STL,LW,60,8,12,20,8,21,2,8,0,0,2,11,1,0,77,10.4,755,12:35,37,48,8,5,61.5,2019
731,Travis Sanheim\sanhetr01,22,PHI,D,82,9,26,35,-4,22,5.3,7,2,0,2,23,3,0,121,7.4,1604,19:34,133,45,0,0,,2019
732,Steven Santini\santist01,23,NJD,D,39,1,3,4,-6,16,0.9,1,0,0,0,3,0,0,41,2.4,650,16:39,43,80,0,0,,2019
733,Ashton Sautner\sautnas01,24,VAN,D,17,0,1,1,-2,2,0.2,0,0,0,0,1,0,0,21,0,247,14:33,17,25,0,0,,2019
734,David Savard\savarda01,28,CBJ,D,82,8,16,24,19,36,6.2,8,0,0,1,16,0,0,124,6.5,1619,19:45,123,122,0,0,,2019
735,Luca Sbisa\sbisalu01,29,NYI,D,9,0,1,1,0,4,0.3,0,0,0,0,1,0,0,5,0,139,15:28,7,17,0,0,,2019
736,Marco Scandella\scandma01,28,BUF,D,63,6,7,13,-13,26,2.4,6,0,0,1,6,0,1,83,7.2,1109,17:37,75,53,0,0,,2019
737,Colton Sceviour\scevico01,29,FLA,C,59,5,10,15,-2,15,0.8,5,0,0,0,9,1,0,116,4.3,725,12:18,58,89,39,71,35.5,2019
738,Tim Schaller\schalti01,28,VAN,LW,47,3,7,10,-2,9,0.5,3,0,0,0,7,0,0,44,6.8,501,10:40,18,66,1,1,50,2019
739,Mark Scheifele\scheima01,25,WPG,C,82,38,46,84,8,38,9.4,26,12,0,6,32,11,3,199,19.1,1793,21:52,54,54,802,933,46.2,2019
740,Brayden Schenn\schenbr01,27,STL,C,72,17,37,54,3,40,5.2,13,4,0,5,29,8,0,159,10.7,1338,18:35,31,111,323,357,47.5,2019
741,Luke Schenn\schenlu01,29,TOT,D,26,0,2,2,-10,16,-0.1,0,0,0,0,2,0,0,30,0,362,13:54,39,105,0,0,,2019
741,Luke Schenn\schenlu01,29,VAN,D,18,0,2,2,-4,9,0.2,0,0,0,0,2,0,0,23,0,266,14:46,31,81,0,0,,2019
741,Luke Schenn\schenlu01,29,ANA,D,8,0,0,0,-6,7,-0.3,0,0,0,0,0,0,0,7,0,96,11:59,8,24,0,0,,2019
742,Nikita Scherbak\scherni01,23,LAK,RW,8,1,0,1,-4,2,-0.1,1,0,0,0,0,0,0,12,8.3,81,10:11,1,9,0,0,,2019
743,Cameron Schilling\schilca01,30,WPG,D,4,0,1,1,0,0,0.1,0,0,0,0,1,0,0,2,0,48,12:06,5,3,0,0,,2019
744,David Schlemko\schleda01,31,MTL,D,18,0,2,2,-1,4,0.4,0,0,0,0,0,2,0,29,0,357,19:51,45,29,0,0,,2019
745,Jordan Schmaltz\schmajo01,25,STL,D,20,0,2,2,-7,2,-0.1,0,0,0,0,2,0,0,11,0,230,11:29,22,10,0,0,,2019
746,Nick Schmaltz\schmani01,22,TOT,C,40,7,18,25,-12,8,1.6,2,5,0,2,15,3,0,62,11.3,713,17:50,12,5,104,177,37,2019
746,Nick Schmaltz\schmani01,22,CHI,C,23,2,9,11,-4,6,0.3,1,1,0,0,9,0,0,33,6.1,407,17:41,7,5,52,68,43.3,2019
746,Nick Schmaltz\schmani01,22,ARI,C,17,5,9,14,-8,2,1.3,1,4,0,2,6,3,0,29,17.2,306,18:01,5,0,52,109,32.3,2019
747,Nate Schmidt\schmina01,27,VEG,D,61,9,21,30,22,8,6.9,8,1,0,1,14,7,0,112,8,1339,21:57,100,37,0,0,,2019
748,Jimmy Schuldt\schulja01,23,VEG,D,1,0,1,1,-1,0,0,0,0,0,0,1,0,0,1,0,21,21:03,1,0,0,0,,2019
749,Justin Schultz\schulju01,28,PIT,D,29,2,13,15,0,4,2,1,1,0,0,8,5,0,47,4.3,595,20:30,41,25,0,0,,2019
750,Jaden Schwartz\schwaja01,26,STL,C,69,11,25,36,-6,16,2.6,9,2,0,1,22,3,0,183,6,1251,18:08,27,61,18,19,48.6,2019
751,Brent Seabrook\seabrbr01,33,CHI,D,78,5,23,28,-6,41,3.2,3,2,0,1,14,8,1,165,3,1490,19:06,180,124,0,0,,2019
752,Lukas Sedlak\sedlalu01,25,CBJ,C,47,4,2,6,-5,10,0.1,4,0,0,0,2,0,0,43,9.3,423,09:00,20,69,43,44,49.4,2019
753,Nick Seeler\seeleni01,25,MIN,D,71,2,5,7,-4,64,2,2,0,0,1,5,0,0,67,3,876,12:20,116,78,0,0,,2019
754,Tyler Seguin\seguity01,27,DAL,C,82,33,47,80,17,18,9.7,24,9,0,8,29,18,0,334,9.9,1701,20:45,47,74,676,579,53.9,2019
755,Andrej Sekera\sekeran01,32,EDM,D,24,0,4,4,3,6,1,0,0,0,0,3,1,0,28,0,396,16:29,21,17,0,0,,2019
756,Brett Seney\seneybr01,22,NJD,LW,51,5,8,13,-14,31,0.6,5,0,0,0,7,1,0,49,10.2,527,10:20,15,48,98,162,37.7,2019
757,Zachary Senyshyn\senysza01,21,BOS,RW,2,1,0,1,0,0,0.2,1,0,0,0,0,0,0,4,25,23,11:36,0,1,0,0,,2019
758,Mikhail Sergachev\sergami01,20,TBL,D,75,6,26,32,12,28,5.1,6,0,0,0,20,6,0,128,4.7,1344,17:55,93,97,1,1,50,2019
759,Damon Severson\severda01,24,NJD,D,82,11,28,39,-27,58,5.4,8,3,0,0,18,9,1,146,7.5,1808,22:03,87,83,0,0,,2019
760,Kevin Shattenkirk\shattke01,30,NYR,D,73,2,26,28,-15,20,3.1,1,1,0,0,20,6,0,148,1.4,1383,18:56,104,73,0,0,,2019
761,Andrew Shaw\shawan01,27,MTL,C,63,19,28,47,17,71,5.5,16,3,0,3,25,3,0,135,14.1,1003,15:55,36,128,181,203,47.1,2019
762,Riley Sheahan\sheahri01,27,TOT,C,82,9,10,19,-9,17,0.6,8,0,1,2,9,0,1,110,8.2,1104,13:28,44,72,360,328,52.3,2019
762,Riley Sheahan\sheahri01,27,PIT,C,49,7,2,9,-7,13,0.3,6,0,1,2,1,0,1,60,11.7,620,12:39,26,50,154,159,49.2,2019
762,Riley Sheahan\sheahri01,27,FLA,C,33,2,8,10,-2,4,0.3,2,0,0,0,8,0,0,50,4,484,14:39,18,22,206,169,54.9,2019
763,Conor Sheary\shearco01,26,BUF,LW,78,14,20,34,-18,12,2.4,10,4,0,3,18,2,0,147,9.5,1140,14:37,29,29,19,15,55.9,2019
764,Kiefer Sherwood\sherwki01,23,ANA,RW,50,6,6,12,1,8,1,6,0,0,1,6,0,0,60,10,569,11:22,19,79,7,9,43.8,2019
765,Kole Sherwood\sherwko01,22,CBJ,RW,2,0,0,0,0,0,0,0,0,0,0,0,0,0,2,0,18,09:14,1,10,0,0,,2019
766,Devin Shore\shorede01,24,TOT,C,76,10,19,29,-12,13,2,6,2,2,4,16,3,0,82,12.2,1084,14:16,64,94,86,123,41.1,2019
766,Devin Shore\shorede01,24,DAL,C,42,5,12,17,0,7,1.5,4,0,1,3,10,2,0,44,11.4,558,13:18,33,42,30,30,50,2019
766,Devin Shore\shorede01,24,ANA,C,34,5,7,12,-12,6,0.5,2,2,1,1,6,1,0,38,13.2,525,15:27,31,52,56,93,37.6,2019
767,Jonas Siegenthaler\siegejo01,21,WSH,D,26,0,4,4,6,10,1,0,0,0,0,4,0,0,12,0,368,14:09,44,31,0,0,,2019
768,Dylan Sikura\sikurdy01,23,CHI,C,33,0,8,8,2,0,0.1,0,0,0,0,8,0,0,52,0,372,11:17,10,3,0,5,0,2019
769,Jakob Silfverberg\silfvja01,28,ANA,LW,73,24,19,43,-9,28,4.7,19,3,2,4,10,8,1,163,14.7,1248,17:06,43,38,19,32,37.3,2019
770,Radim Simek\simekra01,26,SJS,D,41,1,8,9,7,8,1.9,1,0,0,1,8,0,0,41,2.4,624,15:13,34,67,0,0,,2019
771,Wayne Simmonds\simmowa01,30,TOT,RW,79,17,13,30,-16,99,1.9,12,5,0,2,10,3,0,157,10.8,1238,15:40,28,137,4,13,23.5,2019
771,Wayne Simmonds\simmowa01,30,PHI,RW,62,16,11,27,-20,90,1.7,11,5,0,2,8,3,0,136,11.8,1026,16:33,21,113,4,12,25,2019
771,Wayne Simmonds\simmowa01,30,NSH,RW,17,1,2,3,4,9,0.2,1,0,0,0,2,0,0,21,4.8,212,12:27,7,24,0,1,0,2019
772,Dominik Simon\simondo01,24,PIT,C,71,8,20,28,8,18,2.3,7,1,0,0,18,2,0,121,6.6,946,13:19,19,89,6,13,31.6,2019
773,Colton Sissons\sissoco01,25,NSH,C,75,15,15,30,20,23,3.3,14,1,0,3,13,1,1,110,13.6,1203,16:03,52,109,421,372,53.1,2019
774,Jeff Skinner\skinnje01,26,BUF,C,82,40,23,63,0,36,8,32,8,0,7,15,8,0,268,14.9,1518,18:31,24,31,157,144,52.2,2019
775,Brady Skjei\skjeibr01,24,NYR,D,78,8,17,25,-4,44,4.5,8,0,0,1,16,0,1,126,6.3,1656,21:14,119,178,1,0,100,2019
776,Jaccob Slavin\slavija01,24,CAR,D,82,8,23,31,0,18,6,2,5,1,1,20,2,1,146,5.5,1889,23:02,133,70,0,1,0,2019
777,Brendan Smith\smithbr05,29,NYR,D,63,4,9,13,-7,71,2,4,0,0,0,8,0,1,66,6.1,964,15:18,48,100,0,1,0,2019
778,C.J. Smith\smithcj01,24,BUF,LW,11,2,0,2,0,0,0.2,2,0,0,1,0,0,0,18,11.1,117,10:39,1,4,0,0,,2019
779,Craig Smith\smithcr01,29,NSH,C,76,21,17,38,11,20,4.5,17,4,0,2,13,4,0,205,10.2,1150,15:08,33,77,26,28,48.1,2019
780,Gemel Smith\smithge02,24,TOT,C,17,2,1,3,-4,0,0.2,2,0,0,0,1,0,0,14,14.3,142,08:22,3,13,2,2,50,2019
780,Gemel Smith\smithge02,24,DAL,C,14,2,1,3,-1,0,0.3,2,0,0,0,1,0,0,11,18.2,112,08:01,3,11,2,2,50,2019
780,Gemel Smith\smithge02,24,BOS,C,3,0,0,0,-3,0,-0.2,0,0,0,0,0,0,0,3,0,30,10:00,0,2,0,0,,2019
781,Reilly Smith\smithre01,27,VEG,RW,74,19,34,53,13,14,5.7,14,4,1,1,21,10,3,178,10.7,1352,18:16,33,39,5,2,71.4,2019
782,Zack Smith\smithza01,30,OTT,C,70,9,19,28,-6,81,1.5,8,0,1,1,17,0,2,101,8.9,1145,16:21,27,136,403,417,49.1,2019
783,Devante Smith-Pelly\smithde06,26,WSH,RW,54,4,4,8,-6,15,-0.1,4,0,0,0,4,0,0,60,6.7,586,10:51,36,78,16,25,39,2019
784,Vladimir Sobotka\sobotvl01,31,BUF,C,69,5,8,13,-20,26,-0.4,5,0,0,0,7,0,1,71,7,979,14:11,30,87,318,295,51.9,2019
785,Carl Soderberg\soderca01,33,COL,C,82,23,26,49,-5,26,4.7,18,2,3,2,18,8,0,188,12.2,1431,17:27,67,99,528,542,49.3,2019
786,Marcus Sorensen\sorenma01,26,SJS,RW,80,17,13,30,10,23,3.1,16,0,1,1,12,0,1,100,17,1037,12:58,29,88,12,19,38.7,2019
787,Nikita Soshnikov\soshnni01,25,STL,RW,5,0,0,0,-1,0,-0.1,0,0,0,0,0,0,0,1,0,36,07:10,2,5,0,0,,2019
788,Jason Spezza\spezzja01,35,DAL,C,76,8,19,27,-13,29,1.7,6,2,0,1,9,10,0,121,6.6,1009,13:16,30,16,470,337,58.2,2019
789,Ryan Spooner\spoonry01,27,TOT,C,52,3,6,9,-12,2,-0.2,3,0,0,1,5,1,0,67,4.5,594,11:26,7,39,59,54,52.2,2019
789,Ryan Spooner\spoonry01,27,EDM,C,25,2,1,3,-6,2,-0.1,2,0,0,1,1,0,0,25,8,242,09:40,1,18,28,32,46.7,2019
789,Ryan Spooner\spoonry01,27,NYR,C,16,1,1,2,-5,0,-0.2,1,0,0,0,1,0,0,24,4.2,203,12:41,3,10,24,18,57.1,2019
789,Ryan Spooner\spoonry01,27,VAN,C,11,0,4,4,-1,0,0.1,0,0,0,0,3,1,0,18,0,150,13:36,3,11,7,4,63.6,2019
790,Daniel Sprong\spronda01,21,TOT,RW,63,14,9,23,-16,10,2,12,2,0,3,6,3,0,125,11.2,753,11:57,14,35,4,10,28.6,2019
790,Daniel Sprong\spronda01,21,ANA,RW,47,14,5,19,-9,10,2.1,12,2,0,3,3,2,0,109,12.8,616,13:07,9,23,3,9,25,2019
790,Daniel Sprong\spronda01,21,PIT,RW,16,0,4,4,-7,0,-0.1,0,0,0,0,3,1,0,16,0,137,08:34,5,12,1,1,50,2019
791,Jared Spurgeon\spurgja01,29,MIN,D,82,14,29,43,-1,20,8.8,10,4,0,0,21,7,1,152,9.2,1980,00:09,145,91,1,0,100,2019
792,Eric Staal\staaler01,34,MIN,C,81,22,30,52,-7,34,5.1,15,7,0,6,21,8,1,215,10.2,1468,18:08,28,41,642,615,51.1,2019
793,Jordan Staal\staaljo01,30,CAR,C,50,11,17,28,6,26,2.7,11,0,0,1,15,2,0,121,9.1,914,18:17,18,122,571,452,55.8,2019
794,Marc Staal\staalma01,32,NYR,D,79,3,10,13,-9,32,2.3,3,0,0,0,10,0,0,84,3.6,1534,19:25,119,94,0,0,,2019
795,Drew Stafford\staffdr01,33,NJD,RW,57,5,8,13,-7,18,0.6,4,1,0,0,7,1,0,77,6.5,699,12:16,19,50,16,23,41,2019
796,Steven Stamkos\stamkst01,28,TBL,C,82,45,53,98,4,37,11.5,24,19,2,6,32,21,0,234,19.2,1501,18:18,40,72,506,447,53.1,2019
797,Paul Stastny\stastpa01,33,VEG,C,50,13,29,42,14,30,4.7,11,1,1,2,25,3,1,103,12.6,905,18:06,15,35,463,384,54.7,2019
798,Troy Stecher\stechtr01,24,VAN,D,78,2,21,23,9,32,5.1,1,0,1,0,19,2,0,105,1.9,1554,19:55,96,91,0,0,,2019
799,Sam Steel\steelsa01,20,ANA,C,22,6,5,11,2,8,1.3,5,0,1,0,3,2,0,33,18.2,329,14:58,6,9,108,112,49.1,2019
800,Alex Steen\steenal01,34,STL,C,65,10,17,27,2,14,2.2,7,2,1,0,13,3,1,114,8.8,1030,15:50,50,55,11,18,37.9,2019
801,Lee Stempniak\stemple01,35,BOS,RW,2,0,0,0,-1,0,-0.1,0,0,0,0,0,0,0,0,,16,07:49,0,2,0,0,,2019
802,Kevin Stenlund\stenlke01,22,CBJ,C,4,0,0,0,0,4,-0.1,0,0,0,0,0,0,0,3,0,44,10:58,1,3,3,3,50,2019
803,Derek Stepan\stepade01,28,ARI,C,72,15,20,35,-2,14,3.3,11,1,3,3,18,2,0,195,7.7,1384,19:13,51,50,651,725,47.3,2019
804,Chandler Stephenson\stephch02,24,WSH,C,64,5,6,11,-13,0,-0.4,4,0,1,0,6,0,0,36,13.9,775,12:07,33,38,47,48,49.5,2019
805,Riley Stillman\stillri01,20,FLA,D,1,0,0,0,0,2,0,0,0,0,0,0,0,0,1,0,11,11:22,0,5,0,0,,2019
806,Mark Stone\stonema01,26,TOT,RW,77,33,40,73,17,27,8.7,26,6,1,4,26,14,0,199,16.6,1531,19:53,71,72,28,34,45.2,2019
806,Mark Stone\stonema01,26,OTT,RW,59,28,34,62,13,22,7.4,22,5,1,4,22,12,0,145,19.3,1213,20:34,53,51,25,28,47.2,2019
806,Mark Stone\stonema01,26,VEG,RW,18,5,6,11,4,5,1.3,4,1,0,0,4,2,0,54,9.3,318,17:39,18,21,3,6,33.3,2019
807,Michael Stone\stonemi01,28,CGY,D,14,0,5,5,0,10,0.6,0,0,0,0,5,0,0,12,0,223,15:56,16,27,0,0,,2019
808,Anton Stralman\stralan01,32,TBL,D,47,2,15,17,12,8,3.1,2,0,0,0,14,1,0,57,3.5,965,20:31,71,59,0,0,,2019
809,Ben Street\streebe01,31,ANA,C,21,3,2,5,-4,2,0.3,3,0,0,0,2,0,0,19,15.8,253,12:04,9,19,16,27,37.2,2019
810,Dylan Strome\stromdy01,21,TOT,C,78,20,37,57,-8,20,5.1,14,6,0,3,27,10,0,145,13.8,1260,16:09,46,13,434,463,48.4,2019
810,Dylan Strome\stromdy01,21,CHI,C,58,17,34,51,2,14,4.9,14,3,0,2,25,9,0,105,16.2,989,17:04,37,11,296,363,44.9,2019
810,Dylan Strome\stromdy01,21,ARI,C,20,3,3,6,-10,6,0.2,0,3,0,1,2,1,0,40,7.5,271,13:32,9,2,138,100,58,2019
811,Ryan Strome\stromry01,25,TOT,C,81,19,16,35,-3,64,3.3,15,4,0,2,13,3,0,110,17.3,1261,15:34,36,76,365,402,47.6,2019
811,Ryan Strome\stromry01,25,NYR,C,63,18,15,33,-2,50,3.5,14,4,0,2,12,3,0,80,22.5,1002,15:54,31,53,266,298,47.2,2019
811,Ryan Strome\stromry01,25,EDM,C,18,1,1,2,-1,14,-0.2,1,0,0,0,1,0,0,30,3.3,259,14:25,5,23,99,104,48.8,2019
812,Nico Sturm\sturmni01,23,MIN,C,2,0,0,0,0,0,0,0,0,0,0,0,0,0,7,0,26,12:47,2,3,5,12,29.4,2019
813,P.K. Subban\subbapk01,29,NSH,D,63,9,22,31,5,60,5.8,6,2,1,1,14,8,0,168,5.4,1428,22:40,75,56,0,0,,2019
814,Libor Sulak\sulakli01,24,DET,D,6,0,0,0,-4,6,-0.2,0,0,0,0,0,0,0,7,0,116,19:23,5,18,0,0,,2019
815,Oskar Sundqvist\sundqos01,24,STL,C,74,14,17,31,-1,22,2.9,13,0,1,2,15,1,1,113,12.4,1023,13:49,31,101,227,314,42,2019
816,Antti Suomela\suomean01,24,SJS,C,27,3,5,8,1,4,0.6,3,0,0,0,5,0,0,42,7.1,306,11:19,11,10,102,127,44.5,2019
817,Andrej Sustr\sustran01,28,ANA,D,5,0,0,0,0,6,0.1,0,0,0,0,0,0,0,6,0,60,12:02,7,3,0,0,,2019
818,Ryan Suter\suterry01,34,MIN,D,82,7,40,47,-8,41,8.3,3,3,1,2,27,12,1,136,5.1,2189,02:42,109,78,1,0,100,2019
819,Brandon Sutter\suttebr03,29,VAN,C,26,4,2,6,-12,6,-0.1,2,1,1,0,2,0,0,43,9.3,454,17:28,13,33,224,238,48.5,2019
820,Andrei Svechnikov\svechan01,18,CAR,RW,82,20,17,37,0,62,3.9,20,0,0,3,12,5,0,189,10.6,1201,14:39,26,123,1,6,14.3,2019
821,Brandon Tanev\tanevbr01,27,WPG,LW,80,14,15,29,9,41,2.7,12,0,2,0,14,0,1,127,11,1129,14:07,81,278,3,5,37.5,2019
822,Chris Tanev\tanevch01,29,VAN,D,55,2,10,12,3,18,3,2,0,0,0,10,0,0,51,3.9,1109,20:10,122,29,0,0,,2019
823,Eric Tangradi\tangrer01,29,NJD,C,6,0,1,1,-3,0,-0.1,0,0,0,0,1,0,0,10,0,83,13:47,4,11,3,3,50,2019
824,Vladimir Tarasenko\tarasvl01,27,STL,RW,76,33,35,68,8,22,8.3,21,12,0,5,25,10,0,275,12,1398,18:24,40,88,4,2,66.7,2019
825,Tomas Tatar\tatarto01,28,MTL,C,80,25,33,58,21,34,6.8,21,4,0,4,29,4,0,195,12.8,1313,16:25,30,77,10,29,25.6,2019
826,John Tavares\tavarjo01,28,TOR,C,82,47,41,88,19,34,11.3,37,10,0,8,32,9,0,286,16.4,1565,19:05,53,59,833,694,54.6,2019
827,Matt Tennyson\tennyma01,28,BUF,D,4,0,0,0,-4,0,-0.2,0,0,0,0,0,0,0,4,0,43,10:45,2,10,0,0,,2019
828,Teuvo Teravainen\teravte01,24,CAR,LW,82,21,55,76,30,12,8.7,12,8,1,1,35,16,4,167,12.6,1469,17:55,23,35,18,25,41.9,2019
829,Troy Terry\terrytr01,21,ANA,C,32,4,9,13,8,2,1.4,2,2,0,0,5,4,0,25,16,446,13:57,12,4,1,4,20,2019
830,Josh Teves\tevesjo01,23,VAN,D,1,0,0,0,-1,2,-0.1,0,0,0,0,0,0,0,0,,14,13:40,1,4,0,0,,2019
831,Alexandre Texier\texieal01,19,CBJ,C,2,1,0,1,3,0,0.3,1,0,0,0,0,0,0,6,16.7,26,12:46,1,2,0,1,0,2019
832,Shea Theodore\theodsh01,23,VEG,D,79,12,25,37,-4,20,6.2,8,4,0,1,19,5,1,202,5.9,1588,20:06,91,27,1,0,100,2019
833,Robert Thomas\thomaro01,19,STL,C,70,9,24,33,-2,14,2.7,6,3,0,0,20,4,0,80,11.3,915,13:04,22,13,97,123,44.1,2019
834,Nate Thompson\thompna01,34,TOT,C,78,5,8,13,-1,17,0.2,5,0,0,0,8,0,0,71,7,1014,13:00,44,87,409,351,53.8,2019
834,Nate Thompson\thompna01,34,LAK,C,53,4,2,6,3,17,0.2,4,0,0,0,2,0,0,35,11.4,685,12:55,34,54,263,232,53.1,2019
834,Nate Thompson\thompna01,34,MTL,C,25,1,6,7,-4,0,0.1,1,0,0,0,6,0,0,36,2.8,329,13:11,10,33,146,119,55.1,2019
835,Tage Thompson\thompta01,21,BUF,C,65,7,5,12,-22,20,-0.1,6,1,0,0,5,0,0,108,6.5,788,12:08,9,66,10,10,50,2019
836,Chris Thorburn\thorbch01,35,STL,RW,1,0,0,0,0,0,0,0,0,0,0,0,0,0,0,,2,01:52,0,1,0,0,,2019
837,Joe Thornton\thornjo01,39,SJS,C,73,16,35,51,8,20,4.8,13,3,0,4,23,12,0,90,17.8,1135,15:33,14,17,356,319,52.7,2019
838,Chris Tierney\tiernch01,24,OTT,C,81,9,39,48,-22,26,2.5,9,0,0,1,29,10,0,116,7.8,1379,17:02,54,30,531,512,50.9,2019
839,Brady Tkachuk\tkachbr01,19,OTT,LW,71,22,23,45,-10,75,4.4,18,4,0,3,17,6,0,214,10.3,1138,16:01,26,174,73,76,49,2019
840,Matthew Tkachuk\tkachma01,21,CGY,LW,80,34,43,77,14,62,8.8,23,11,0,2,30,13,0,207,16.4,1408,17:36,13,104,6,7,46.2,2019
841,Devon Toews\toewsde01,24,NYI,D,48,5,13,18,7,4,3.8,4,1,0,2,10,3,0,81,6.2,859,17:54,30,24,0,1,0,2019
842,Jonathan Toews\toewsjo01,30,CHI,C,82,35,46,81,2,40,8.3,25,9,1,5,32,14,0,235,14.9,1723,21:00,44,42,1059,821,56.3,2019
843,Tyler Toffoli\toffoty01,26,LAK,C,82,13,21,34,-16,23,2.2,10,3,0,3,19,2,0,226,5.8,1411,17:13,23,39,24,27,47.1,2019
844,Eeli Tolvanen\tolvaee01,19,NSH,RW,4,1,1,2,2,0,0.3,1,0,0,0,0,1,0,2,50,53,13:16,2,4,0,0,,2019
845,Dominic Toninato\tonindo01,24,COL,C,2,1,0,1,0,0,0.2,1,0,0,0,0,0,0,1,100,13,06:42,1,0,0,4,0,2019
846,Vincent Trocheck\trochvi01,25,FLA,C,55,10,24,34,-9,54,2.3,6,3,1,1,14,10,0,158,6.3,1081,19:40,42,112,498,463,51.8,2019
847,Zach Trotman\trotmza01,28,PIT,D,13,0,1,1,4,4,0.5,0,0,0,0,0,1,0,16,0,198,15:16,18,20,0,0,,2019
848,Jacob Trouba\troubja01,24,WPG,D,82,8,42,50,8,58,7.5,4,3,1,1,25,15,2,162,4.9,1876,22:53,171,112,0,0,,2019
849,Alex Tuch\tuchal01,22,VEG,RW,74,20,32,52,13,8,5.9,17,3,0,6,29,3,0,180,11.1,1238,16:44,40,92,43,69,38.4,2019
850,Dominic Turgeon\turgedo01,22,DET,C,4,0,0,0,-3,0,-0.2,0,0,0,0,0,0,0,2,0,50,12:35,3,3,8,13,38.1,2019
851,Kyle Turris\turriky01,29,NSH,C,55,7,16,23,-6,33,1.4,3,4,0,1,14,2,0,78,9,863,15:42,15,24,281,272,50.8,2019
852,Urho Vaakanainen\vaakaur01,20,BOS,D,2,0,0,0,-1,0,-0.1,0,0,0,0,0,0,0,2,0,18,09:06,0,0,0,0,,2019
853,Juuso Valimaki\valimju01,20,CGY,D,24,1,2,3,-2,12,0.4,1,0,0,1,2,0,0,28,3.6,372,15:29,43,21,0,0,,2019
854,James van Riemsdyk\vanrija01,29,PHI,LW,66,27,21,48,-10,18,5.2,19,8,0,4,16,5,0,167,16.2,1096,16:36,16,34,6,5,54.5,2019
855,Trevor van Riemsdyk\vanritr01,27,CAR,D,78,3,11,14,-4,10,2.7,3,0,0,1,11,0,0,102,2.9,1175,15:04,84,42,0,0,,2019
856,Thomas Vanek\vanekth01,35,DET,LW,64,16,20,36,-12,26,3.3,12,4,0,1,13,7,0,108,14.8,903,14:07,13,38,7,18,28,2019
857,Phil Varone\varonph01,28,PHI,C,47,3,4,7,-2,8,0.3,3,0,0,0,4,0,0,34,8.8,372,07:55,19,23,81,82,49.7,2019
858,Sami Vatanen\vatansa01,27,NJD,D,50,4,13,17,-17,22,2.2,1,3,0,0,11,2,0,107,3.7,1086,21:44,77,68,0,0,,2019
859,Frank Vatrano\vatrafr01,24,FLA,LW,81,24,15,39,-10,38,4,22,2,0,1,9,6,0,208,11.5,1188,14:40,74,139,15,23,39.5,2019
860,Max Veronneau\veronma01,23,OTT,RW,12,2,2,4,-5,0,0.2,1,1,0,0,2,0,0,15,13.3,150,12:31,5,0,0,0,,2019
861,Kristian Vesalainen\vesalkr01,19,WPG,W,5,0,1,1,0,0,0,0,0,0,0,1,0,0,1,0,34,06:50,1,1,0,0,,2019
862,Jimmy Vesey\veseyji02,25,NYR,LW,81,17,18,35,-6,21,2.9,16,1,0,4,15,3,0,154,11,1301,16:03,34,79,8,24,25,2019
863,Jake Virtanen\virtaja01,22,VAN,RW,70,15,10,25,-4,44,2.4,13,2,0,1,10,0,0,154,9.7,1037,14:49,37,154,5,10,33.3,2019
864,Marc-Edouard Vlasic\vlasima01,31,SJS,D,72,3,22,25,-6,10,3.2,3,0,0,0,21,1,0,100,3,1515,21:03,114,23,0,0,,2019
865,Jakub Voracek\voracja01,29,PHI,RW,78,20,46,66,-16,25,5.4,16,4,0,2,32,14,0,210,9.5,1456,18:40,29,17,12,18,40,2019
866,Mikhail Vorobyev\vorobmi01,22,PHI,C,15,1,1,2,0,2,0.1,1,0,0,0,1,0,0,10,10,140,09:20,4,4,25,46,35.2,2019
867,Jakub Vrana\vranaja01,22,WSH,LW,82,24,23,47,20,27,5.6,23,1,0,4,20,3,0,161,14.9,1151,14:02,32,47,4,6,40,2019
868,Austin Wagner\wagneau01,21,LAK,LW,62,12,9,21,2,16,2.7,12,0,0,0,9,0,0,67,17.9,554,08:56,9,142,2,4,33.3,2019
869,Chris Wagner\wagnech01,27,BOS,C,76,12,7,19,3,51,1.6,12,0,0,1,7,0,0,135,8.9,1022,13:27,38,247,54,66,45,2019
870,Nathan Walker\walkena01,24,WSH,C,3,0,1,1,1,2,0.1,0,0,0,0,1,0,0,2,0,24,08:09,0,5,0,0,,2019
871,Sean Walker\walkese01,24,LAK,D,39,3,7,10,-8,8,1.5,2,1,0,0,7,0,0,55,5.5,602,15:26,40,43,0,0,,2019
872,Lucas Wallmark\wallmlu01,23,CAR,C,81,10,18,28,-8,36,1.7,8,2,0,4,13,5,0,131,7.6,1198,14:48,39,82,575,554,50.9,2019
873,Austin Watson\watsoau01,27,NSH,LW,37,7,9,16,11,39,1.9,6,1,0,1,9,0,0,64,10.9,536,14:30,28,109,7,9,43.8,2019
874,Jordan Weal\wealjo01,26,TOT,C,63,8,13,21,-8,18,1.2,6,2,0,1,9,4,0,75,10.7,848,13:28,26,28,333,266,55.6,2019
874,Jordan Weal\wealjo01,26,PHI,C,28,3,6,9,-5,16,0.3,3,0,0,0,4,2,0,33,9.1,391,13:57,8,8,166,112,59.7,2019
874,Jordan Weal\wealjo01,26,ARI,C,19,1,1,2,-3,0,-0.1,0,1,0,0,1,0,0,12,8.3,208,10:57,9,12,81,84,49.1,2019
874,Jordan Weal\wealjo01,26,MTL,C,16,4,6,10,0,2,1,3,1,0,1,4,2,0,30,13.3,250,15:36,9,8,86,70,55.1,2019
875,Shea Weber\webersh01,33,MTL,D,58,14,19,33,15,28,6.8,9,5,0,3,18,1,0,166,8.4,1362,23:29,110,129,0,0,,2019
876,Yannick Weber\weberya01,30,NSH,D,62,2,6,8,7,18,2.3,2,0,0,0,6,0,0,67,3,739,11:55,32,64,0,0,,2019
877,MacKenzie Weegar\weegama01,25,FLA,D,64,4,11,15,-3,64,2.7,4,0,0,2,10,1,0,79,5.1,1086,16:58,103,127,1,0,100,2019
878,Dale Weise\weiseda01,30,TOT,RW,51,5,6,11,-8,19,0.2,4,0,1,1,6,0,0,58,8.6,601,11:47,21,88,6,10,37.5,2019
878,Dale Weise\weiseda01,30,PHI,RW,42,5,6,11,-6,15,0.5,4,0,1,1,6,0,0,53,9.4,510,12:08,16,67,2,8,20,2019
878,Dale Weise\weiseda01,30,MTL,RW,9,0,0,0,-2,4,-0.2,0,0,0,0,0,0,0,5,0,91,10:05,5,21,4,2,66.7,2019
879,Andy Welinski\welinan01,25,ANA,D,26,1,3,4,-5,8,0.7,1,0,0,0,3,0,0,32,3.1,417,16:02,18,47,0,0,,2019
880,Alexander Wennberg\wennbal01,24,CBJ,C,75,2,23,25,-1,12,0.8,0,1,1,0,16,5,2,64,3.1,1131,15:05,32,34,342,364,48.4,2019
881,Zach Werenski\werenza01,21,CBJ,D,82,11,33,44,-12,18,6.5,9,2,0,1,20,13,0,168,6.5,1878,22:54,89,67,0,0,,2019
882,Blake Wheeler\wheelbl01,32,WPG,RW,82,20,71,91,0,60,8.2,16,2,2,3,39,31,1,231,8.7,1698,20:43,53,81,31,57,35.2,2019
883,Colin White\whiteco02,22,OTT,C,71,14,27,41,-24,24,2.6,9,5,0,2,24,3,0,123,11.4,1150,16:12,35,23,379,420,47.4,2019
884,Colton White\whiteco03,21,NJD,D,3,0,0,0,-2,2,-0.1,0,0,0,0,0,0,0,1,0,43,14:14,2,2,0,0,,2019
885,Chris Wideman\widemch01,29,TOT,D,25,2,5,7,-12,18,0.3,2,0,0,1,4,1,0,27,7.4,326,13:03,26,35,0,0,,2019
885,Chris Wideman\widemch01,29,OTT,D,19,2,3,5,-9,12,0.2,2,0,0,1,2,1,0,19,10.5,257,13:33,25,26,0,0,,2019
885,Chris Wideman\widemch01,29,EDM,D,5,0,2,2,-2,4,0.1,0,0,0,0,2,0,0,6,0,57,11:26,1,7,0,0,,2019
885,Chris Wideman\widemch01,29,FLA,D,1,0,0,0,-1,2,-0.1,0,0,0,0,0,0,0,2,0,12,11:53,0,2,0,0,,2019
886,Justin Williams\williju01,37,CAR,RW,82,23,30,53,-4,44,5.3,14,9,0,5,25,5,0,237,9.7,1430,17:27,32,55,92,150,38,2019
887,Colin Wilson\wilsoco01,29,COL,C,65,12,15,27,-6,8,2.2,7,5,0,2,13,2,0,104,11.5,882,13:34,31,55,20,32,38.5,2019
888,Garrett Wilson\wilsoga01,27,PIT,LW,50,2,6,8,2,18,0.4,2,0,0,0,6,0,0,54,3.7,381,07:37,16,114,3,4,42.9,2019
889,Scott Wilson\wilsosc01,26,BUF,C,15,0,3,3,-8,4,-0.3,0,0,0,0,3,0,0,25,0,172,11:27,2,29,1,2,33.3,2019
890,Tom Wilson\wilsoto01,24,WSH,RW,63,22,18,40,11,128,4.4,17,3,2,2,16,2,0,130,16.9,1143,18:09,52,200,29,24,54.7,2019
891,Luke Witkowski\witkolu01,28,DET,D,34,0,2,2,-5,23,0.1,0,0,0,0,2,0,0,14,0,326,09:36,27,67,0,0,,2019
892,Christian Wolanin\wolanch01,23,OTT,D,30,4,8,12,3,6,2.3,4,0,0,1,5,3,0,36,11.1,520,17:20,31,11,0,0,,2019
893,Miles Wood\woodmi01,23,NJD,LW,63,10,14,24,-10,91,1.9,9,1,0,1,12,2,0,159,6.3,863,13:42,27,97,0,2,0,2019
894,Egor Yakovlev\yakoveg01,27,NJD,D,25,2,5,7,-6,6,1,2,0,0,0,5,0,0,24,8.3,392,15:40,22,12,0,0,,2019
895,Kailer Yamamoto\yamamka01,20,EDM,RW,17,1,1,2,-6,2,-0.3,1,0,0,0,0,1,0,13,7.7,222,13:04,11,18,0,0,,2019
896,Keith Yandle\yandlke01,32,FLA,D,82,9,53,62,-17,50,7.5,2,7,0,2,21,32,0,199,4.5,1840,22:27,76,47,0,0,,2019
897,Pavel Zacha\zachapa01,21,NJD,C,61,13,12,25,-6,15,2.3,7,4,2,2,9,2,1,99,13.1,981,16:05,24,68,348,364,48.9,2019
898,Filip Zadina\zadinfi01,19,DET,RW,9,1,2,3,-5,0,0,0,1,0,0,1,1,0,18,5.6,138,15:23,3,6,3,3,50,2019
899,Nikita Zadorov\zadorni01,23,COL,D,70,7,7,14,19,75,4.4,7,0,0,0,7,0,0,100,7,1204,17:12,67,228,0,0,,2019
900,Nikita Zaitsev\zaitsni01,27,TOR,D,81,3,11,14,2,18,2.4,3,0,0,0,11,0,0,71,4.2,1658,20:28,151,139,0,0,,2019
901,Travis Zajac\zajactr01,33,NJD,C,80,19,27,46,-25,20,3.5,12,5,2,3,20,7,0,120,15.8,1542,19:16,38,66,841,605,58.2,2019
902,Jakub Zboril\zborija01,21,BOS,D,2,0,0,0,0,0,0,0,0,0,0,0,0,0,1,0,22,10:56,0,3,0,0,,2019
903,Mika Zibanejad\zibanmi01,25,NYR,C,82,30,44,74,-12,47,7.3,17,11,2,5,32,12,0,236,12.7,1686,20:34,66,134,830,842,49.6,2019
904,Mats Zuccarello\zuccama01,31,TOT,LW,48,12,28,40,-8,24,3.4,9,3,0,1,16,12,0,104,11.5,953,19:51,43,57,10,20,33.3,2019
904,Mats Zuccarello\zuccama01,31,NYR,LW,46,11,26,37,-11,24,2.9,8,3,0,1,15,11,0,99,11.1,921,20:01,42,57,10,20,33.3,2019
904,Mats Zuccarello\zuccama01,31,DAL,LW,2,1,2,3,3,0,0.5,1,0,0,0,1,1,0,5,20,32,15:59,1,0,0,0,,2019
905,Jason Zucker\zuckeja01,27,MIN,LW,81,21,21,42,-9,28,4.1,14,7,0,5,14,7,0,214,9.8,1383,17:05,38,87,2,11,15.4,2019
906,Valentin Zykov\zykovva01,23,TOT,LW,28,2,3,5,-5,2,0.1,2,0,0,0,1,2,0,29,6.9,279,09:57,6,26,2,7,22.2,2019
906,Valentin Zykov\zykovva01,23,CAR,LW,13,0,3,3,-1,0,0.1,0,0,0,0,1,2,0,13,0,127,09:45,2,6,2,6,25,2019
906,Valentin Zykov\zykovva01,23,VEG,LW,10,2,0,2,-3,0,0.1,2,0,0,0,0,0,0,16,12.5,116,11:37,3,18,0,1,0,2019
906,Valentin Zykov\zykovva01,23,EDM,LW,5,0,0,0,-1,2,-0.1,0,0,0,0,0,0,0,0,,36,07:08,1,2,0,0,,2019
